5
0.01 0
0.02 0
0.02 0.01
0.01 0.01
0.01 0
1907
0.01 0
0.02 0
0.02 0.01
0.01 0.01
0.0102084 0
0.0104179 0
0.0106398 0
0.0108717 0
0.0111106 0
0.011354 0
0.0116004 0
0.0118487 0
0.0120984 0
0.012349 0
0.0126002 0
0.012852 0
0.0131041 0
0.0133564 0
0.013609 0
0.0138617 0
0.0141146 0
0.0143675 0
0.0146205 0
0.0148735 0
0.0151265 0
0.0153795 0
0.0156325 0
0.0158854 0
0.0161383 0
0.016391 0
0.0166436 0
0.0168959 0
0.017148 0
0.0173998 0
0.017651 0
0.0179016 0
0.0181513 0
0.0183996 0
0.018646 0
0.0188894 0
0.0191283 0
0.0193602 0
0.0195821 0
0.0197916 0
0.01 0.000212306
0.0102228 0.000226444
0.0104655 0.000225427
0.0107147 0.000224702
0.0109653 0.00022336
0.011216 0.000222182
0.0114668 0.000221259
0.0117178 0.000220557
0.011969 0.000220022
0.0122206 0.000219611
0.0124724 0.000219293
0.0127245 0.000219045
0.0129768 0.000218851
0.0132294 0.000218698
0.0134821 0.000218578
0.0137349 0.000218485
0.0139878 0.000218414
0.0142408 0.000218362
0.0144938 0.000218326
0.0147469 0.000218305
0.015 0.000218298
0.0152531 0.000218305
0.0155062 0.000218326
0.0157592 0.000218362
0.0160122 0.000218414
0.0162651 0.000218485
0.0165179 0.000218578
0.0167706 0.000218698
0.0170232 0.000218851
0.0172755 0.000219045
0.0175276 0.000219293
0.0177794 0.000219611
0.018031 0.000220022
0.0182822 0.000220557
0.0185332 0.000221259
0.018784 0.000222182
0.0190347 0.00022336
0.0192853 0.000224702
0.0195345 0.000225427
0.0197772 0.000226444
0.02 0.000212306
0.01 0.000425868
0.0102854 0.00043502
0.0105569 0.000438994
0.0108193 0.000440469
0.0110768 0.000440596
0.0113316 0.000440238
0.0115852 0.000439726
0.0118382 0.000439194
0.0120909 0.000438699
0.0123436 0.000438261
0.0125963 0.000437886
0.012849 0.00043757
0.0131018 0.000437308
0.0133547 0.000437094
0.0136077 0.000436921
0.0138608 0.000436785
0.0141139 0.00043668
0.014367 0.000436604
0.0146202 0.000436555
0.0148734 0.000436531
0.0151266 0.000436531
0.0153798 0.000436555
0.015633 0.000436604
0.0158861 0.00043668
0.0161392 0.000436785
0.0163923 0.000436921
0.0166453 0.000437094
0.0168982 0.000437308
0.017151 0.00043757
0.0174037 0.000437886
0.0176564 0.000438261
0.0179091 0.000438699
0.0181618 0.000439194
0.0184148 0.000439726
0.0186684 0.000440238
0.0189232 0.000440596
0.0191807 0.000440469
0.0194431 0.000438994
0.0197146 0.00043502
0.02 0.000425868
0.01 0.0006432
0.0101979 0.000644676
0.0104374 0.00065077
0.0106892 0.000654383
0.0109439 0.000656452
0.0111987 0.000657302
0.0114532 0.000657501
0.0117072 0.000657368
0.0119608 0.000657078
0.0122142 0.000656728
0.0124675 0.000656371
0.0127207 0.000656035
0.0129738 0.000655734
0.013227 0.000655472
0.0134802 0.00065525
0.0137335 0.000655067
0.0139867 0.000654921
0.01424 0.00065481
0.0144933 0.000654732
0.0147467 0.000654686
0.015 0.00065467
0.0152533 0.000654686
0.0155067 0.000654732
0.01576 0.00065481
0.0160133 0.000654921
0.0162665 0.000655067
0.0165198 0.00065525
0.016773 0.000655472
0.0170262 0.000655734
0.0172793 0.000656035
0.0175325 0.000656371
0.0177858 0.000656728
0.0180392 0.000657078
0.0182928 0.000657368
0.0185468 0.000657501
0.0188013 0.000657302
0.0190561 0.000656452
0.0193108 0.000654383
0.0195626 0.00065077
0.0198021 0.000644676
0.02 0.0006432
0.01 0.000861314
0.010275 0.000862295
0.0105429 0.000866928
0.0108048 0.00087052
0.0110634 0.0008728
0.01132 0.000874005
0.0115754 0.000874542
0.0118301 0.000874684
0.0120843 0.000874604
0.0123382 0.000874407
0.0125919 0.000874159
0.0128455 0.000873898
0.013099 0.000873646
0.0133525 0.000873417
0.0136059 0.000873217
0.0138594 0.000873049
0.0141129 0.000872915
0.0143663 0.000872815
0.0146198 0.000872748
0.0148733 0.000872715
0.0151267 0.000872715
0.0153802 0.000872748
0.0156337 0.000872815
0.0158871 0.000872915
0.0161406 0.000873049
0.0163941 0.000873217
0.0166475 0.000873417
0.016901 0.000873646
0.0171545 0.000873898
0.0174081 0.000874159
0.0176618 0.000874407
0.0179157 0.000874604
0.0181699 0.000874684
0.0184246 0.000874542
0.01868 0.000874005
0.0189366 0.0008728
0.0191952 0.00087052
0.0194571 0.000866928
0.019725 0.000862295
0.02 0.000861314
0.01 0.00107911
0.0101978 0.00107884
0.0104319 0.00108112
0.0106806 0.00108458
0.0109342 0.00108751
0.0111894 0.00108958
0.0114446 0.00109086
0.0116996 0.00109156
0.0119543 0.00109188
0.0122087 0.00109196
0.0124629 0.00109189
0.0127169 0.00109175
0.0129707 0.00109157
0.0132245 0.00109138
0.0134782 0.0010912
0.0137319 0.00109104
0.0139855 0.0010909
0.0142391 0.00109079
0.0144928 0.00109071
0.0147464 0.00109066
0.015 0.00109064
0.0152536 0.00109066
0.0155072 0.00109071
0.0157609 0.00109079
0.0160145 0.0010909
0.0162681 0.00109104
0.0165218 0.0010912
0.0167755 0.00109138
0.0170293 0.00109157
0.0172831 0.00109175
0.0175371 0.00109189
0.0177913 0.00109196
0.0180457 0.00109188
0.0183004 0.00109156
0.0185554 0.00109086
0.0188106 0.00108958
0.0190658 0.00108751
0.0193194 0.00108458
0.0195681 0.00108112
0.0198022 0.00107884
0.02 0.00107911
0.01 0.00129677
0.0102727 0.00129717
0.0105381 0.00129928
0.0107985 0.00130214
0.0110564 0.00130467
0.0113131 0.00130656
0.0115689 0.00130782
0.0118242 0.0013086
0.0120791 0.00130903
0.0123337 0.00130922
0.012588 0.00130927
0.0128422 0.00130922
0.0130963 0.00130911
0.0133502 0.00130899
0.0136041 0.00130886
0.013858 0.00130873
0.0141118 0.00130863
0.0143656 0.00130855
0.0146193 0.00130849
0.0148731 0.00130846
0.0151269 0.00130846
0.0153807 0.00130849
0.0156344 0.00130855
0.0158882 0.00130863
0.016142 0.00130873
0.0163959 0.00130886
0.0166498 0.00130899
0.0169037 0.00130911
0.0171578 0.00130922
0.017412 0.00130927
0.0176663 0.00130922
0.0179209 0.00130903
0.0181758 0.0013086
0.0184311 0.00130782
0.0186869 0.00130656
0.0189436 0.00130467
0.0192015 0.00130214
0.0194619 0.00129928
0.0197273 0.00129717
0.02 0.00129677
0.01 0.00151459
0.0101976 0.00151468
0.0104306 0.00151577
0.0106776 0.00151768
0.0109299 0.00151998
0.0111844 0.00152207
0.0114395 0.00152372
0.0116946 0.00152491
0.0119497 0.0015257
0.0122045 0.00152619
0.0124591 0.00152646
0.0127136 0.00152658
0.0129679 0.0015266
0.0132221 0.00152657
0.0134762 0.0015265
0.0137303 0.00152642
0.0139843 0.00152633
0.0142382 0.00152626
0.0144922 0.00152621
0.0147461 0.00152617
0.015 0.00152616
0.0152539 0.00152617
0.0155078 0.00152621
0.0157618 0.00152626
0.0160157 0.00152633
0.0162697 0.00152642
0.0165238 0.0015265
0.0167779 0.00152657
0.0170321 0.0015266
0.0172864 0.00152658
0.0175409 0.00152646
0.0177955 0.00152619
0.0180503 0.0015257
0.0183054 0.00152491
0.0185605 0.00152372
0.0188156 0.00152207
0.0190701 0.00151998
0.0193224 0.00151768
0.0195694 0.00151577
0.0198024 0.00151468
0.02 0.00151459
0.01 0.00173246
0.0102721 0.00173288
0.0105367 0.00173407
0.0107961 0.00173581
0.0110532 0.00173775
0.0113093 0.00173954
0.011565 0.00174099
0.0118203 0.00174208
0.0120754 0.00174285
0.0123303 0.00174336
0.012585 0.00174368
0.0128395 0.00174386
0.0130939 0.00174394
0.0133482 0.00174395
0.0136025 0.00174393
0.0138566 0.00174389
0.0141108 0.00174385
0.0143649 0.0017438
0.0146189 0.00174377
0.014873 0.00174376
0.015127 0.00174376
0.0153811 0.00174377
0.0156351 0.0017438
0.0158892 0.00174385
0.0161434 0.00174389
0.0163975 0.00174393
0.0166518 0.00174395
0.0169061 0.00174394
0.0171605 0.00174386
0.017415 0.00174368
0.0176697 0.00174336
0.0179246 0.00174285
0.0181797 0.00174208
0.018435 0.00174099
0.0186907 0.00173954
0.0189468 0.00173775
0.0192039 0.00173581
0.0194633 0.00173407
0.0197279 0.00173288
0.02 0.00173246
0.01 0.00195027
0.0101975 0.00195055
0.0104302 0.00195126
0.0106766 0.00195242
0.0109282 0.00195393
0.011182 0.00195556
0.0114366 0.00195707
0.0116916 0.00195833
0.0119466 0.00195932
0.0122015 0.00196005
0.0124564 0.00196056
0.0127111 0.0019609
0.0129657 0.00196111
0.0132202 0.00196123
0.0134746 0.00196129
0.0137289 0.0019613
0.0139832 0.0019613
0.0142374 0.00196128
0.0144916 0.00196126
0.0147458 0.00196125
0.015 0.00196124
0.0152542 0.00196125
0.0155084 0.00196126
0.0157626 0.00196128
0.0160168 0.0019613
0.0162711 0.0019613
0.0165254 0.00196129
0.0167798 0.00196123
0.0170343 0.00196111
0.0172889 0.0019609
0.0175436 0.00196056
0.0177985 0.00196005
0.0180534 0.00195932
0.0183084 0.00195833
0.0185634 0.00195707
0.018818 0.00195556
0.0190718 0.00195393
0.0193234 0.00195242
0.0195698 0.00195126
0.0198025 0.00195055
0.02 0.00195027
0.01 0.00216823
0.0102718 0.00216867
0.0105362 0.00216945
0.0107952 0.00217058
0.0110518 0.00217192
0.0113074 0.00217332
0.0115627 0.00217461
0.0118179 0.00217572
0.0120729 0.0021766
0.0123279 0.00217728
0.0125827 0.00217777
0.0128374 0.00217811
0.0130921 0.00217835
0.0133466 0.00217849
0.0136011 0.00217858
0.0138555 0.00217862
0.0141099 0.00217864
0.0143642 0.00217864
0.0146185 0.00217864
0.0148729 0.00217864
0.0151271 0.00217864
0.0153815 0.00217864
0.0156358 0.00217864
0.0158901 0.00217864
0.0161445 0.00217862
0.0163989 0.00217858
0.0166534 0.00217849
0.0169079 0.00217835
0.0171626 0.00217811
0.0174173 0.00217777
0.0176721 0.00217728
0.0179271 0.0021766
0.0181821 0.00217572
0.0184373 0.00217461
0.0186926 0.00217332
0.0189482 0.00217192
0.0192048 0.00217058
0.0194638 0.00216945
0.0197282 0.00216867
0.02 0.00216823
0.01 0.00238602
0.0101974 0.00238637
0.01043 0.00238688
0.0106762 0.00238766
0.0109275 0.00238869
0.0111809 0.00238986
0.0114352 0.00239105
0.0116899 0.00239216
0.0119447 0.00239312
0.0121996 0.00239391
0.0124544 0.00239452
0.0127092 0.00239499
0.012964 0.00239533
0.0132186 0.00239556
0.0134732 0.00239572
0.0137278 0.00239582
0.0139823 0.00239588
0.0142367 0.00239592
0.0144912 0.00239594
0.0147456 0.00239595
0.015 0.00239595
0.0152544 0.00239595
0.0155088 0.00239594
0.0157633 0.00239592
0.0160177 0.00239588
0.0162722 0.00239582
0.0165268 0.00239572
0.0167814 0.00239556
0.017036 0.00239533
0.0172908 0.00239499
0.0175456 0.00239452
0.0178004 0.00239391
0.0180553 0.00239312
0.0183101 0.00239216
0.0185648 0.00239105
0.0188191 0.00238986
0.0190725 0.00238869
0.0193238 0.00238766
0.01957 0.00238688
0.0198026 0.00238637
0.02 0.00238602
0.01 0.002604
0.0102717 0.0026044
0.010536 0.00260496
0.0107948 0.00260574
0.0110512 0.00260668
0.0113065 0.00260771
0.0115616 0.00260874
0.0118165 0.00260969
0.0120714 0.00261053
0.0123263 0.00261122
0.0125811 0.00261178
0.0128359 0.00261221
0.0130907 0.00261253
0.0133454 0.00261276
0.0136 0.00261292
0.0138546 0.00261303
0.0141092 0.0026131
0.0143637 0.00261314
0.0146182 0.00261317
0.0148727 0.00261318
0.0151273 0.00261318
0.0153818 0.00261317
0.0156363 0.00261314
0.0158908 0.0026131
0.0161454 0.00261303
0.0164 0.00261292
0.0166546 0.00261276
0.0169093 0.00261253
0.0171641 0.00261221
0.0174189 0.00261178
0.0176737 0.00261122
0.0179286 0.00261053
0.0181835 0.00260969
0.0184384 0.00260874
0.0186935 0.00260771
0.0189488 0.00260668
0.0192052 0.00260574
0.019464 0.00260496
0.0197283 0.0026044
0.02 0.002604
0.01 0.00282177
0.0101974 0.00282211
0.0104299 0.0028225
0.010676 0.00282305
0.0109272 0.00282377
0.0111804 0.0028246
0.0114345 0.0028255
0.0116889 0.00282638
0.0119436 0.0028272
0.0121984 0.00282793
0.0124532 0.00282853
0.012708 0.00282903
0.0129628 0.00282941
0.0132175 0.00282971
0.0134722 0.00282993
0.0137269 0.00283008
0.0139816 0.00283019
0.0142362 0.00283027
0.0144908 0.00283031
0.0147454 0.00283034
0.015 0.00283035
0.0152546 0.00283034
0.0155092 0.00283031
0.0157638 0.00283027
0.0160184 0.00283019
0.0162731 0.00283008
0.0165278 0.00282993
0.0167825 0.00282971
0.0170372 0.00282941
0.017292 0.00282903
0.0175468 0.00282853
0.0178016 0.00282793
0.0180564 0.0028272
0.0183111 0.00282638
0.0185655 0.0028255
0.0188196 0.0028246
0.0190728 0.00282377
0.019324 0.00282305
0.0195701 0.0028225
0.0198026 0.00282211
0.02 0.00282177
0.01 0.00303972
0.0102716 0.00304008
0.0105359 0.00304048
0.0107947 0.00304103
0.0110509 0.0030417
0.0113061 0.00304245
0.011561 0.00304322
0.0118158 0.00304398
0.0120706 0.00304468
0.0123253 0.00304531
0.0125801 0.00304583
0.0128349 0.00304626
0.0130897 0.00304661
0.0133445 0.00304687
0.0135992 0.00304707
0.0138539 0.00304722
0.0141086 0.00304732
0.0143633 0.00304739
0.014618 0.00304743
0.0148727 0.00304745
0.0151273 0.00304745
0.015382 0.00304743
0.0156367 0.00304739
0.0158914 0.00304732
0.0161461 0.00304722
0.0164008 0.00304707
0.0166555 0.00304687
0.0169103 0.00304661
0.0171651 0.00304626
0.0174199 0.00304583
0.0176747 0.00304531
0.0179294 0.00304468
0.0181842 0.00304398
0.018439 0.00304322
0.0186939 0.00304245
0.0189491 0.0030417
0.0192053 0.00304103
0.0194641 0.00304048
0.0197284 0.00304008
0.02 0.00303972
0.01 0.00325748
0.0101974 0.00325778
0.0104299 0.00325807
0.0106759 0.00325846
0.010927 0.00325897
0.0111802 0.00325957
0.0114341 0.00326022
0.0116885 0.00326089
0.011943 0.00326153
0.0121977 0.00326213
0.0124524 0.00326266
0.0127072 0.00326311
0.012962 0.00326348
0.0132168 0.00326378
0.0134715 0.00326401
0.0137263 0.00326418
0.0139811 0.00326431
0.0142358 0.0032644
0.0144905 0.00326446
0.0147453 0.0032645
0.015 0.00326451
0.0152547 0.0032645
0.0155095 0.00326446
0.0157642 0.0032644
0.0160189 0.00326431
0.0162737 0.00326418
0.0165285 0.00326401
0.0167832 0.00326378
0.017038 0.00326348
0.0172928 0.00326311
0.0175476 0.00326266
0.0178023 0.00326213
0.018057 0.00326153
0.0183115 0.00326089
0.0185659 0.00326022
0.0188198 0.00325957
0.019073 0.00325897
0.0193241 0.00325846
0.0195701 0.00325807
0.0198026 0.00325778
0.02 0.00325748
0.01 0.0034754
0.0102716 0.00347569
0.0105359 0.00347598
0.0107946 0.00347636
0.0110508 0.00347683
0.0113059 0.00347736
0.0115607 0.00347792
0.0118154 0.00347849
0.0120701 0.00347903
0.0123248 0.00347953
0.0125795 0.00347997
0.0128343 0.00348035
0.0130891 0.00348067
0.0133439 0.00348092
0.0135987 0.00348111
0.0138535 0.00348126
0.0141083 0.00348137
0.014363 0.00348145
0.0146178 0.0034815
0.0148726 0.00348152
0.0151274 0.00348152
0.0153822 0.0034815
0.015637 0.00348145
0.0158917 0.00348137
0.0161465 0.00348126
0.0164013 0.00348111
0.0166561 0.00348092
0.0169109 0.00348067
0.0171657 0.00348035
0.0174205 0.00347997
0.0176752 0.00347953
0.0179299 0.00347903
0.0181846 0.00347849
0.0184393 0.00347792
0.0186941 0.00347736
0.0189492 0.00347683
0.0192054 0.00347636
0.0194641 0.00347598
0.0197284 0.00347569
0.02 0.0034754
0.01 0.00369316
0.0101974 0.00369339
0.0104299 0.0036936
0.0106759 0.00369387
0.010927 0.00369422
0.0111801 0.00369463
0.0114339 0.00369509
0.0116882 0.00369556
0.0119427 0.00369603
0.0121973 0.00369648
0.012452 0.00369689
0.0127067 0.00369725
0.0129615 0.00369756
0.0132163 0.00369782
0.0134711 0.00369803
0.0137259 0.00369819
0.0139807 0.00369831
0.0142355 0.0036984
0.0144904 0.00369846
0.0147452 0.00369849
0.015 0.0036985
0.0152548 0.00369849
0.0155096 0.00369846
0.0157645 0.0036984
0.0160193 0.00369831
0.0162741 0.00369819
0.0165289 0.00369803
0.0167837 0.00369782
0.0170385 0.00369756
0.0172933 0.00369725
0.017548 0.00369689
0.0178027 0.00369648
0.0180573 0.00369603
0.0183118 0.00369556
0.0185661 0.00369509
0.0188199 0.00369463
0.019073 0.00369422
0.0193241 0.00369387
0.0195701 0.0036936
0.0198026 0.00369339
0.02 0.00369316
0.01 0.00391104
0.0102716 0.00391124
0.0105359 0.00391144
0.0107946 0.0039117
0.0110507 0.00391201
0.0113058 0.00391236
0.0115606 0.00391274
0.0118152 0.00391313
0.0120698 0.00391352
0.0123245 0.00391388
0.0125792 0.0039142
0.0128339 0.00391449
0.0130887 0.00391474
0.0133435 0.00391494
0.0135983 0.0039151
0.0138532 0.00391523
0.014108 0.00391532
0.0143629 0.00391539
0.0146177 0.00391543
0.0148726 0.00391545
0.0151274 0.00391545
0.0153823 0.00391543
0.0156371 0.00391539
0.015892 0.00391532
0.0161468 0.00391523
0.0164017 0.0039151
0.0166565 0.00391494
0.0169113 0.00391474
0.0171661 0.00391449
0.0174208 0.0039142
0.0176755 0.00391388
0.0179302 0.00391352
0.0181848 0.00391313
0.0184394 0.00391274
0.0186942 0.00391236
0.0189493 0.00391201
0.0192054 0.0039117
0.0194641 0.00391144
0.0197284 0.00391124
0.02 0.00391104
0.01 0.0041288
0.0101974 0.00412896
0.0104299 0.00412909
0.0106759 0.00412926
0.010927 0.00412948
0.01118 0.00412974
0.0114339 0.00413003
0.0116881 0.00413033
0.0119425 0.00413064
0.0121971 0.00413094
0.0124517 0.00413121
0.0127064 0.00413147
0.0129612 0.00413168
0.013216 0.00413187
0.0134708 0.00413202
0.0137256 0.00413214
0.0139805 0.00413224
0.0142354 0.00413231
0.0144902 0.00413235
0.0147451 0.00413238
0.015 0.00413239
0.0152549 0.00413238
0.0155098 0.00413235
0.0157646 0.00413231
0.0160195 0.00413224
0.0162744 0.00413214
0.0165292 0.00413202
0.016784 0.00413187
0.0170388 0.00413168
0.0172936 0.00413147
0.0175483 0.00413121
0.0178029 0.00413094
0.0180575 0.00413064
0.0183119 0.00413033
0.0185661 0.00413003
0.01882 0.00412974
0.019073 0.00412948
0.0193241 0.00412926
0.0195701 0.00412909
0.0198026 0.00412896
0.02 0.0041288
0.01 0.00434664
0.0102716 0.00434676
0.0105359 0.00434688
0.0107946 0.00434702
0.0110507 0.0043472
0.0113058 0.00434741
0.0115605 0.00434763
0.0118151 0.00434785
0.0120697 0.00434808
0.0123243 0.0043483
0.012579 0.0043485
0.0128337 0.00434868
0.0130885 0.00434883
0.0133433 0.00434896
0.0135981 0.00434907
0.013853 0.00434915
0.0141079 0.00434921
0.0143627 0.00434926
0.0146176 0.00434929
0.0148725 0.0043493
0.0151275 0.0043493
0.0153824 0.00434929
0.0156373 0.00434926
0.0158921 0.00434921
0.016147 0.00434915
0.0164019 0.00434907
0.0166567 0.00434896
0.0169115 0.00434883
0.0171663 0.00434868
0.017421 0.0043485
0.0176757 0.0043483
0.0179303 0.00434808
0.0181849 0.00434785
0.0184395 0.00434763
0.0186942 0.00434741
0.0189493 0.0043472
0.0192054 0.00434702
0.0194641 0.00434688
0.0197284 0.00434676
0.02 0.00434664
0.01 0.0045644
0.0101974 0.00456449
0.0104299 0.00456455
0.0106759 0.00456464
0.010927 0.00456474
0.01118 0.00456487
0.0114338 0.00456501
0.011688 0.00456516
0.0119425 0.00456531
0.012197 0.00456545
0.0124516 0.00456559
0.0127063 0.00456572
0.012961 0.00456583
0.0132158 0.00456593
0.0134706 0.00456601
0.0137255 0.00456608
0.0139804 0.00456613
0.0142353 0.00456616
0.0144902 0.00456619
0.0147451 0.0045662
0.015 0.00456621
0.0152549 0.0045662
0.0155098 0.00456619
0.0157647 0.00456616
0.0160196 0.00456613
0.0162745 0.00456608
0.0165294 0.00456601
0.0167842 0.00456593
0.017039 0.00456583
0.0172937 0.00456572
0.0175484 0.00456559
0.017803 0.00456545
0.0180575 0.00456531
0.018312 0.00456516
0.0185662 0.00456501
0.01882 0.00456487
0.019073 0.00456474
0.0193241 0.00456464
0.0195701 0.00456455
0.0198026 0.00456449
0.02 0.0045644
0.01 0.00478222
0.0102716 0.00478226
0.0105359 0.00478229
0.0107946 0.00478234
0.0110507 0.0047824
0.0113058 0.00478247
0.0115605 0.00478254
0.011815 0.00478261
0.0120696 0.00478269
0.0123242 0.00478276
0.0125789 0.00478283
0.0128336 0.00478289
0.0130884 0.00478294
0.0133432 0.00478299
0.013598 0.00478302
0.0138529 0.00478305
0.0141078 0.00478307
0.0143627 0.00478309
0.0146176 0.0047831
0.0148725 0.00478311
0.0151275 0.00478311
0.0153824 0.0047831
0.0156373 0.00478309
0.0158922 0.00478307
0.0161471 0.00478305
0.016402 0.00478302
0.0166568 0.00478299
0.0169116 0.00478294
0.0171664 0.00478289
0.0174211 0.00478283
0.0176758 0.00478276
0.0179304 0.00478269
0.018185 0.00478261
0.0184395 0.00478254
0.0186942 0.00478247
0.0189493 0.0047824
0.0192054 0.00478234
0.0194641 0.00478229
0.0197284 0.00478226
0.02 0.00478222
0.01 0.005
0.0101974 0.005
0.0104299 0.005
0.0106759 0.005
0.010927 0.005
0.01118 0.005
0.0114338 0.005
0.011688 0.005
0.0119424 0.005
0.0121969 0.005
0.0124516 0.005
0.0127062 0.005
0.012961 0.005
0.0132158 0.005
0.0134706 0.005
0.0137254 0.005
0.0139803 0.005
0.0142352 0.005
0.0144901 0.005
0.0147451 0.005
0.015 0.005
0.0152549 0.005
0.0155099 0.005
0.0157648 0.005
0.0160197 0.005
0.0162746 0.005
0.0165294 0.005
0.0167842 0.005
0.017039 0.005
0.0172938 0.005
0.0175484 0.005
0.0178031 0.005
0.0180576 0.005
0.018312 0.005
0.0185662 0.005
0.01882 0.005
0.019073 0.005
0.0193241 0.005
0.0195701 0.005
0.0198026 0.005
0.02 0.005
0.01 0.00521778
0.0102716 0.00521774
0.0105359 0.00521771
0.0107946 0.00521766
0.0110507 0.0052176
0.0113058 0.00521753
0.0115605 0.00521746
0.011815 0.00521739
0.0120696 0.00521731
0.0123242 0.00521724
0.0125789 0.00521717
0.0128336 0.00521711
0.0130884 0.00521706
0.0133432 0.00521701
0.013598 0.00521698
0.0138529 0.00521695
0.0141078 0.00521693
0.0143627 0.00521691
0.0146176 0.0052169
0.0148725 0.00521689
0.0151275 0.00521689
0.0153824 0.0052169
0.0156373 0.00521691
0.0158922 0.00521693
0.0161471 0.00521695
0.016402 0.00521698
0.0166568 0.00521701
0.0169116 0.00521706
0.0171664 0.00521711
0.0174211 0.00521717
0.0176758 0.00521724
0.0179304 0.00521731
0.018185 0.00521739
0.0184395 0.00521746
0.0186942 0.00521753
0.0189493 0.0052176
0.0192054 0.00521766
0.0194641 0.00521771
0.0197284 0.00521774
0.02 0.00521778
0.01 0.0054356
0.0101974 0.00543551
0.0104299 0.00543545
0.0106759 0.00543536
0.010927 0.00543526
0.01118 0.00543513
0.0114338 0.00543499
0.011688 0.00543484
0.0119425 0.00543469
0.012197 0.00543455
0.0124516 0.00543441
0.0127063 0.00543428
0.012961 0.00543417
0.0132158 0.00543407
0.0134706 0.00543399
0.0137255 0.00543392
0.0139804 0.00543387
0.0142353 0.00543384
0.0144902 0.00543381
0.0147451 0.0054338
0.015 0.00543379
0.0152549 0.0054338
0.0155098 0.00543381
0.0157647 0.00543384
0.0160196 0.00543387
0.0162745 0.00543392
0.0165294 0.00543399
0.0167842 0.00543407
0.017039 0.00543417
0.0172937 0.00543428
0.0175484 0.00543441
0.017803 0.00543455
0.0180575 0.00543469
0.018312 0.00543484
0.0185662 0.00543499
0.01882 0.00543513
0.019073 0.00543526
0.0193241 0.00543536
0.0195701 0.00543545
0.0198026 0.00543551
0.02 0.0054356
0.01 0.00565336
0.0102716 0.00565324
0.0105359 0.00565312
0.0107946 0.00565298
0.0110507 0.0056528
0.0113058 0.00565259
0.0115605 0.00565237
0.0118151 0.00565215
0.0120697 0.00565192
0.0123243 0.0056517
0.012579 0.0056515
0.0128337 0.00565132
0.0130885 0.00565117
0.0133433 0.00565104
0.0135981 0.00565093
0.013853 0.00565085
0.0141079 0.00565079
0.0143627 0.00565074
0.0146176 0.00565071
0.0148725 0.0056507
0.0151275 0.0056507
0.0153824 0.00565071
0.0156373 0.00565074
0.0158921 0.00565079
0.016147 0.00565085
0.0164019 0.00565093
0.0166567 0.00565104
0.0169115 0.00565117
0.0171663 0.00565132
0.017421 0.0056515
0.0176757 0.0056517
0.0179303 0.00565192
0.0181849 0.00565215
0.0184395 0.00565237
0.0186942 0.00565259
0.0189493 0.0056528
0.0192054 0.00565298
0.0194641 0.00565312
0.0197284 0.00565324
0.02 0.00565336
0.01 0.0058712
0.0101974 0.00587104
0.0104299 0.00587091
0.0106759 0.00587074
0.010927 0.00587052
0.01118 0.00587026
0.0114339 0.00586997
0.0116881 0.00586967
0.0119425 0.00586936
0.0121971 0.00586906
0.0124517 0.00586879
0.0127064 0.00586853
0.0129612 0.00586832
0.013216 0.00586813
0.0134708 0.00586798
0.0137256 0.00586786
0.0139805 0.00586776
0.0142354 0.00586769
0.0144902 0.00586765
0.0147451 0.00586762
0.015 0.00586761
0.0152549 0.00586762
0.0155098 0.00586765
0.0157646 0.00586769
0.0160195 0.00586776
0.0162744 0.00586786
0.0165292 0.00586798
0.016784 0.00586813
0.0170388 0.00586832
0.0172936 0.00586853
0.0175483 0.00586879
0.0178029 0.00586906
0.0180575 0.00586936
0.0183119 0.00586967
0.0185661 0.00586997
0.01882 0.00587026
0.019073 0.00587052
0.0193241 0.00587074
0.0195701 0.00587091
0.0198026 0.00587104
0.02 0.0058712
0.01 0.00608896
0.0102716 0.00608876
0.0105359 0.00608856
0.0107946 0.0060883
0.0110507 0.00608799
0.0113058 0.00608764
0.0115606 0.00608726
0.0118152 0.00608687
0.0120698 0.00608648
0.0123245 0.00608612
0.0125792 0.0060858
0.0128339 0.00608551
0.0130887 0.00608526
0.0133435 0.00608506
0.0135983 0.0060849
0.0138532 0.00608477
0.014108 0.00608468
0.0143629 0.00608461
0.0146177 0.00608457
0.0148726 0.00608455
0.0151274 0.00608455
0.0153823 0.00608457
0.0156371 0.00608461
0.015892 0.00608468
0.0161468 0.00608477
0.0164017 0.0060849
0.0166565 0.00608506
0.0169113 0.00608526
0.0171661 0.00608551
0.0174208 0.0060858
0.0176755 0.00608612
0.0179302 0.00608648
0.0181848 0.00608687
0.0184394 0.00608726
0.0186942 0.00608764
0.0189493 0.00608799
0.0192054 0.0060883
0.0194641 0.00608856
0.0197284 0.00608876
0.02 0.00608896
0.01 0.00630684
0.0101974 0.00630661
0.0104299 0.0063064
0.0106759 0.00630613
0.010927 0.00630578
0.0111801 0.00630537
0.0114339 0.00630491
0.0116882 0.00630444
0.0119427 0.00630397
0.0121973 0.00630352
0.012452 0.00630311
0.0127067 0.00630275
0.0129615 0.00630244
0.0132163 0.00630218
0.0134711 0.00630197
0.0137259 0.00630181
0.0139807 0.00630169
0.0142355 0.0063016
0.0144904 0.00630154
0.0147452 0.00630151
0.015 0.0063015
0.0152548 0.00630151
0.0155096 0.00630154
0.0157645 0.0063016
0.0160193 0.00630169
0.0162741 0.00630181
0.0165289 0.00630197
0.0167837 0.00630218
0.0170385 0.00630244
0.0172933 0.00630275
0.017548 0.00630311
0.0178027 0.00630352
0.0180573 0.00630397
0.0183118 0.00630444
0.0185661 0.00630491
0.0188199 0.00630537
0.019073 0.00630578
0.0193241 0.00630613
0.0195701 0.0063064
0.0198026 0.00630661
0.02 0.00630684
0.01 0.0065246
0.0102716 0.00652431
0.0105359 0.00652402
0.0107946 0.00652364
0.0110508 0.00652317
0.0113059 0.00652264
0.0115607 0.00652208
0.0118154 0.00652151
0.0120701 0.00652097
0.0123248 0.00652047
0.0125795 0.00652003
0.0128343 0.00651965
0.0130891 0.00651933
0.0133439 0.00651908
0.0135987 0.00651889
0.0138535 0.00651874
0.0141083 0.00651863
0.014363 0.00651855
0.0146178 0.0065185
0.0148726 0.00651848
0.0151274 0.00651848
0.0153822 0.0065185
0.015637 0.00651855
0.0158917 0.00651863
0.0161465 0.00651874
0.0164013 0.00651889
0.0166561 0.00651908
0.0169109 0.00651933
0.0171657 0.00651965
0.0174205 0.00652003
0.0176752 0.00652047
0.0179299 0.00652097
0.0181846 0.00652151
0.0184393 0.00652208
0.0186941 0.00652264
0.0189492 0.00652317
0.0192054 0.00652364
0.0194641 0.00652402
0.0197284 0.00652431
0.02 0.0065246
0.01 0.00674252
0.0101974 0.00674222
0.0104299 0.00674193
0.0106759 0.00674154
0.010927 0.00674103
0.0111802 0.00674043
0.0114341 0.00673978
0.0116885 0.00673911
0.011943 0.00673847
0.0121977 0.00673787
0.0124524 0.00673734
0.0127072 0.00673689
0.012962 0.00673652
0.0132168 0.00673622
0.0134715 0.00673599
0.0137263 0.00673582
0.0139811 0.00673569
0.0142358 0.0067356
0.0144905 0.00673554
0.0147453 0.0067355
0.015 0.00673549
0.0152547 0.0067355
0.0155095 0.00673554
0.0157642 0.0067356
0.0160189 0.00673569
0.0162737 0.00673582
0.0165285 0.00673599
0.0167832 0.00673622
0.017038 0.00673652
0.0172928 0.00673689
0.0175476 0.00673734
0.0178023 0.00673787
0.018057 0.00673847
0.0183115 0.00673911
0.0185659 0.00673978
0.0188198 0.00674043
0.019073 0.00674103
0.0193241 0.00674154
0.0195701 0.00674193
0.0198026 0.00674222
0.02 0.00674252
0.01 0.00696028
0.0102716 0.00695992
0.0105359 0.00695952
0.0107947 0.00695897
0.0110509 0.0069583
0.0113061 0.00695755
0.011561 0.00695678
0.0118158 0.00695602
0.0120706 0.00695532
0.0123253 0.00695469
0.0125801 0.00695417
0.0128349 0.00695374
0.0130897 0.00695339
0.0133445 0.00695313
0.0135992 0.00695293
0.0138539 0.00695278
0.0141086 0.00695268
0.0143633 0.00695261
0.014618 0.00695257
0.0148727 0.00695255
0.0151273 0.00695255
0.015382 0.00695257
0.0156367 0.00695261
0.0158914 0.00695268
0.0161461 0.00695278
0.0164008 0.00695293
0.0166555 0.00695313
0.0169103 0.00695339
0.0171651 0.00695374
0.0174199 0.00695417
0.0176747 0.00695469
0.0179294 0.00695532
0.0181842 0.00695602
0.018439 0.00695678
0.0186939 0.00695755
0.0189491 0.0069583
0.0192053 0.00695897
0.0194641 0.00695952
0.0197284 0.00695992
0.02 0.00696028
0.01 0.00717823
0.0101974 0.00717789
0.0104299 0.0071775
0.010676 0.00717695
0.0109272 0.00717623
0.0111804 0.0071754
0.0114345 0.0071745
0.0116889 0.00717362
0.0119436 0.0071728
0.0121984 0.00717207
0.0124532 0.00717147
0.012708 0.00717097
0.0129628 0.00717059
0.0132175 0.00717029
0.0134722 0.00717007
0.0137269 0.00716992
0.0139816 0.00716981
0.0142362 0.00716973
0.0144908 0.00716969
0.0147454 0.00716966
0.015 0.00716965
0.0152546 0.00716966
0.0155092 0.00716969
0.0157638 0.00716973
0.0160184 0.00716981
0.0162731 0.00716992
0.0165278 0.00717007
0.0167825 0.00717029
0.0170372 0.00717059
0.017292 0.00717097
0.0175468 0.00717147
0.0178016 0.00717207
0.0180564 0.0071728
0.0183111 0.00717362
0.0185655 0.0071745
0.0188196 0.0071754
0.0190728 0.00717623
0.019324 0.00717695
0.0195701 0.0071775
0.0198026 0.00717789
0.02 0.00717823
0.01 0.007396
0.0102717 0.0073956
0.010536 0.00739504
0.0107948 0.00739426
0.0110512 0.00739332
0.0113065 0.00739229
0.0115616 0.00739126
0.0118165 0.00739031
0.0120714 0.00738947
0.0123263 0.00738878
0.0125811 0.00738822
0.0128359 0.00738779
0.0130907 0.00738747
0.0133454 0.00738724
0.0136 0.00738708
0.0138546 0.00738697
0.0141092 0.0073869
0.0143637 0.00738686
0.0146182 0.00738683
0.0148727 0.00738682
0.0151273 0.00738682
0.0153818 0.00738683
0.0156363 0.00738686
0.0158908 0.0073869
0.0161454 0.00738697
0.0164 0.00738708
0.0166546 0.00738724
0.0169093 0.00738747
0.0171641 0.00738779
0.0174189 0.00738822
0.0176737 0.00738878
0.0179286 0.00738947
0.0181835 0.00739031
0.0184384 0.00739126
0.0186935 0.00739229
0.0189488 0.00739332
0.0192052 0.00739426
0.019464 0.00739504
0.0197283 0.0073956
0.02 0.007396
0.01 0.00761398
0.0101974 0.00761363
0.01043 0.00761312
0.0106762 0.00761234
0.0109275 0.00761131
0.0111809 0.00761014
0.0114352 0.00760895
0.0116899 0.00760784
0.0119447 0.00760688
0.0121996 0.00760609
0.0124544 0.00760548
0.0127092 0.00760501
0.012964 0.00760467
0.0132186 0.00760444
0.0134732 0.00760428
0.0137278 0.00760418
0.0139823 0.00760412
0.0142367 0.00760408
0.0144912 0.00760406
0.0147456 0.00760405
0.015 0.00760405
0.0152544 0.00760405
0.0155088 0.00760406
0.0157633 0.00760408
0.0160177 0.00760412
0.0162722 0.00760418
0.0165268 0.00760428
0.0167814 0.00760444
0.017036 0.00760467
0.0172908 0.00760501
0.0175456 0.00760548
0.0178004 0.00760609
0.0180553 0.00760688
0.0183101 0.00760784
0.0185648 0.00760895
0.0188191 0.00761014
0.0190725 0.00761131
0.0193238 0.00761234
0.01957 0.00761312
0.0198026 0.00761363
0.02 0.00761398
0.01 0.00783177
0.0102718 0.00783133
0.0105362 0.00783055
0.0107952 0.00782942
0.0110518 0.00782808
0.0113074 0.00782668
0.0115627 0.00782539
0.0118179 0.00782428
0.0120729 0.0078234
0.0123279 0.00782272
0.0125827 0.00782223
0.0128374 0.00782189
0.0130921 0.00782165
0.0133466 0.00782151
0.0136011 0.00782142
0.0138555 0.00782138
0.0141099 0.00782136
0.0143642 0.00782136
0.0146185 0.00782136
0.0148729 0.00782136
0.0151271 0.00782136
0.0153815 0.00782136
0.0156358 0.00782136
0.0158901 0.00782136
0.0161445 0.00782138
0.0163989 0.00782142
0.0166534 0.00782151
0.0169079 0.00782165
0.0171626 0.00782189
0.0174173 0.00782223
0.0176721 0.00782272
0.0179271 0.0078234
0.0181821 0.00782428
0.0184373 0.00782539
0.0186926 0.00782668
0.0189482 0.00782808
0.0192048 0.00782942
0.0194638 0.00783055
0.0197282 0.00783133
0.02 0.00783177
0.01 0.00804973
0.0101975 0.00804945
0.0104302 0.00804874
0.0106766 0.00804758
0.0109282 0.00804607
0.011182 0.00804444
0.0114366 0.00804293
0.0116916 0.00804167
0.0119466 0.00804068
0.0122015 0.00803995
0.0124564 0.00803944
0.0127111 0.0080391
0.0129657 0.00803889
0.0132202 0.00803877
0.0134746 0.00803871
0.0137289 0.0080387
0.0139832 0.0080387
0.0142374 0.00803872
0.0144916 0.00803874
0.0147458 0.00803875
0.015 0.00803876
0.0152542 0.00803875
0.0155084 0.00803874
0.0157626 0.00803872
0.0160168 0.0080387
0.0162711 0.0080387
0.0165254 0.00803871
0.0167798 0.00803877
0.0170343 0.00803889
0.0172889 0.0080391
0.0175436 0.00803944
0.0177985 0.00803995
0.0180534 0.00804068
0.0183084 0.00804167
0.0185634 0.00804293
0.018818 0.00804444
0.0190718 0.00804607
0.0193234 0.00804758
0.0195698 0.00804874
0.0198025 0.00804945
0.02 0.00804973
0.01 0.00826754
0.0102721 0.00826712
0.0105367 0.00826593
0.0107961 0.00826419
0.0110532 0.00826225
0.0113093 0.00826046
0.011565 0.00825901
0.0118203 0.00825792
0.0120754 0.00825715
0.0123303 0.00825664
0.012585 0.00825632
0.0128395 0.00825614
0.0130939 0.00825606
0.0133482 0.00825605
0.0136025 0.00825607
0.0138566 0.00825611
0.0141108 0.00825615
0.0143649 0.0082562
0.0146189 0.00825623
0.014873 0.00825624
0.015127 0.00825624
0.0153811 0.00825623
0.0156351 0.0082562
0.0158892 0.00825615
0.0161434 0.00825611
0.0163975 0.00825607
0.0166518 0.00825605
0.0169061 0.00825606
0.0171605 0.00825614
0.017415 0.00825632
0.0176697 0.00825664
0.0179246 0.00825715
0.0181797 0.00825792
0.018435 0.00825901
0.0186907 0.00826046
0.0189468 0.00826225
0.0192039 0.00826419
0.0194633 0.00826593
0.0197279 0.00826712
0.02 0.00826754
0.01 0.00848541
0.0101976 0.00848532
0.0104306 0.00848423
0.0106776 0.00848232
0.0109299 0.00848002
0.0111844 0.00847793
0.0114395 0.00847628
0.0116946 0.00847509
0.0119497 0.0084743
0.0122045 0.00847381
0.0124591 0.00847354
0.0127136 0.00847342
0.0129679 0.0084734
0.0132221 0.00847343
0.0134762 0.0084735
0.0137303 0.00847358
0.0139843 0.00847367
0.0142382 0.00847374
0.0144922 0.00847379
0.0147461 0.00847383
0.015 0.00847384
0.0152539 0.00847383
0.0155078 0.00847379
0.0157618 0.00847374
0.0160157 0.00847367
0.0162697 0.00847358
0.0165238 0.0084735
0.0167779 0.00847343
0.0170321 0.0084734
0.0172864 0.00847342
0.0175409 0.00847354
0.0177955 0.00847381
0.0180503 0.0084743
0.0183054 0.00847509
0.0185605 0.00847628
0.0188156 0.00847793
0.0190701 0.00848002
0.0193224 0.00848232
0.0195694 0.00848423
0.0198024 0.00848532
0.02 0.00848541
0.01 0.00870323
0.0102727 0.00870283
0.0105381 0.00870072
0.0107985 0.00869786
0.0110564 0.00869533
0.0113131 0.00869344
0.0115689 0.00869218
0.0118242 0.0086914
0.0120791 0.00869097
0.0123337 0.00869078
0.012588 0.00869073
0.0128422 0.00869078
0.0130963 0.00869089
0.0133502 0.00869101
0.0136041 0.00869114
0.013858 0.00869127
0.0141118 0.00869137
0.0143656 0.00869145
0.0146193 0.00869151
0.0148731 0.00869154
0.0151269 0.00869154
0.0153807 0.00869151
0.0156344 0.00869145
0.0158882 0.00869137
0.016142 0.00869127
0.0163959 0.00869114
0.0166498 0.00869101
0.0169037 0.00869089
0.0171578 0.00869078
0.017412 0.00869073
0.0176663 0.00869078
0.0179209 0.00869097
0.0181758 0.0086914
0.0184311 0.00869218
0.0186869 0.00869344
0.0189436 0.00869533
0.0192015 0.00869786
0.0194619 0.00870072
0.0197273 0.00870283
0.02 0.00870323
0.01 0.00892089
0.0101978 0.00892116
0.0104319 0.00891888
0.0106806 0.00891542
0.0109342 0.00891249
0.0111894 0.00891042
0.0114446 0.00890914
0.0116996 0.00890844
0.0119543 0.00890812
0.0122087 0.00890804
0.0124629 0.00890811
0.0127169 0.00890825
0.0129707 0.00890843
0.0132245 0.00890862
0.0134782 0.0089088
0.0137319 0.00890896
0.0139855 0.0089091
0.0142391 0.00890921
0.0144928 0.00890929
0.0147464 0.00890934
0.015 0.00890936
0.0152536 0.00890934
0.0155072 0.00890929
0.0157609 0.00890921
0.0160145 0.0089091
0.0162681 0.00890896
0.0165218 0.0089088
0.0167755 0.00890862
0.0170293 0.00890843
0.0172831 0.00890825
0.0175371 0.00890811
0.0177913 0.00890804
0.0180457 0.00890812
0.0183004 0.00890844
0.0185554 0.00890914
0.0188106 0.00891042
0.0190658 0.00891249
0.0193194 0.00891542
0.0195681 0.00891888
0.0198022 0.00892116
0.02 0.00892089
0.01 0.00913869
0.010275 0.00913771
0.0105429 0.00913307
0.0108048 0.00912948
0.0110634 0.0091272
0.01132 0.00912599
0.0115754 0.00912546
0.0118301 0.00912532
0.0120843 0.0091254
0.0123382 0.00912559
0.0125919 0.00912584
0.0128455 0.0091261
0.013099 0.00912635
0.0133525 0.00912658
0.0136059 0.00912678
0.0138594 0.00912695
0.0141129 0.00912708
0.0143663 0.00912719
0.0146198 0.00912725
0.0148733 0.00912729
0.0151267 0.00912729
0.0153802 0.00912725
0.0156337 0.00912719
0.0158871 0.00912708
0.0161406 0.00912695
0.0163941 0.00912678
0.0166475 0.00912658
0.016901 0.00912635
0.0171545 0.0091261
0.0174081 0.00912584
0.0176618 0.00912559
0.0179157 0.0091254
0.0181699 0.00912532
0.0184246 0.00912546
0.01868 0.00912599
0.0189366 0.0091272
0.0191952 0.00912948
0.0194571 0.00913307
0.019725 0.00913771
0.02 0.00913869
0.01 0.0093568
0.0101979 0.00935532
0.0104374 0.00934923
0.0106892 0.00934562
0.0109439 0.00934355
0.0111987 0.0093427
0.0114532 0.0093425
0.0117072 0.00934263
0.0119608 0.00934292
0.0122142 0.00934327
0.0124675 0.00934363
0.0127207 0.00934396
0.0129738 0.00934427
0.013227 0.00934453
0.0134802 0.00934475
0.0137335 0.00934493
0.0139867 0.00934508
0.01424 0.00934519
0.0144933 0.00934527
0.0147467 0.00934531
0.015 0.00934533
0.0152533 0.00934531
0.0155067 0.00934527
0.01576 0.00934519
0.0160133 0.00934508
0.0162665 0.00934493
0.0165198 0.00934475
0.016773 0.00934453
0.0170262 0.00934427
0.0172793 0.00934396
0.0175325 0.00934363
0.0177858 0.00934327
0.0180392 0.00934292
0.0182928 0.00934263
0.0185468 0.0093425
0.0188013 0.0093427
0.0190561 0.00934355
0.0193108 0.00934562
0.0195626 0.00934923
0.0198021 0.00935532
0.02 0.0093568
0.01 0.00957413
0.0102854 0.00956498
0.0105569 0.00956101
0.0108193 0.00955953
0.0110768 0.0095594
0.0113316 0.00955976
0.0115852 0.00956027
0.0118382 0.00956081
0.0120909 0.0095613
0.0123436 0.00956174
0.0125963 0.00956211
0.012849 0.00956243
0.0131018 0.00956269
0.0133547 0.00956291
0.0136077 0.00956308
0.0138608 0.00956322
0.0141139 0.00956332
0.014367 0.0095634
0.0146202 0.00956344
0.0148734 0.00956347
0.0151266 0.00956347
0.0153798 0.00956344
0.015633 0.0095634
0.0158861 0.00956332
0.0161392 0.00956322
0.0163923 0.00956308
0.0166453 0.00956291
0.0168982 0.00956269
0.017151 0.00956243
0.0174037 0.00956211
0.0176564 0.00956174
0.0179091 0.0095613
0.0181618 0.00956081
0.0184148 0.00956027
0.0186684 0.00955976
0.0189232 0.0095594
0.0191807 0.00955953
0.0194431 0.00956101
0.0197146 0.00956498
0.02 0.00957413
0.01 0.00978769
0.0102228 0.00977356
0.0104655 0.00977457
0.0107147 0.0097753
0.0109653 0.00977664
0.011216 0.00977782
0.0114668 0.00977874
0.0117178 0.00977944
0.011969 0.00977998
0.0122206 0.00978039
0.0124724 0.00978071
0.0127245 0.00978096
0.0129768 0.00978115
0.0132294 0.0097813
0.0134821 0.00978142
0.0137349 0.00978152
0.0139878 0.00978159
0.0142408 0.00978164
0.0144938 0.00978167
0.0147469 0.0097817
0.015 0.0097817
0.0152531 0.0097817
0.0155062 0.00978167
0.0157592 0.00978164
0.0160122 0.00978159
0.0162651 0.00978152
0.0165179 0.00978142
0.0167706 0.0097813
0.0170232 0.00978115
0.0172755 0.00978096
0.0175276 0.00978071
0.0177794 0.00978039
0.018031 0.00977998
0.0182822 0.00977944
0.0185332 0.00977874
0.018784 0.00977782
0.0190347 0.00977664
0.0192853 0.0097753
0.0195345 0.00977457
0.0197772 0.00977356
0.02 0.00978769
0.0102084 0.01
0.0104179 0.01
0.0106398 0.01
0.0108717 0.01
0.0111106 0.01
0.011354 0.01
0.0116004 0.01
0.0118487 0.01
0.0120984 0.01
0.012349 0.01
0.0126002 0.01
0.012852 0.01
0.0131041 0.01
0.0133564 0.01
0.013609 0.01
0.0138617 0.01
0.0141146 0.01
0.0143675 0.01
0.0146205 0.01
0.0148735 0.01
0.0151265 0.01
0.0153795 0.01
0.0156325 0.01
0.0158854 0.01
0.0161383 0.01
0.016391 0.01
0.0166436 0.01
0.0168959 0.01
0.017148 0.01
0.0173998 0.01
0.017651 0.01
0.0179016 0.01
0.0181513 0.01
0.0183996 0.01
0.018646 0.01
0.0188894 0.01
0.0191283 0.01
0.0193602 0.01
0.0195821 0.01
0.0197916 0.01
3638
4 45 44
1248 1288 1247
1846 1887 1886
1789 1830 1829
1830 1870 1829
1870 1830 1871
1870 1869 1829
832 873 872
1442 1482 1441
4 44 0
45 4 5
53 12 13
135 95 136
14 54 13
54 53 13
54 14 55
95 54 55
34 74 33
119 160 159
160 200 159
280 321 320
956 996 955
1123 1163 1122
1163 1123 1164
1207 1248 1247
850 849 809
563 603 562
603 563 604
1409 1408 1368
1738 1739 1779
1739 1780 1779
1900 1860 1901
1860 1900 1859
1845 1846 1886
1885 1845 1886
1835 1834 1794
1795 1835 1794
1516 1556 1515
1745 1705 1746
1869 1828 1829
1628 1627 1587
68 27 28
871 831 872
831 832 872
1116 1157 1156
1157 1116 1117
1482 1481 1441
1481 1440 1441
543 542 502
626 586 627
586 626 585
449 450 490
290 289 249
7 47 6
51 10 11
42 82 41
82 81 41
81 82 122
286 245 246
231 271 230
277 317 276
155 154 114
154 155 195
236 277 276
233 234 274
234 233 193
321 322 362
322 282 323
284 243 244
81 121 80
121 81 122
36 37 77
37 78 77
78 37 38
201 200 160
200 201 241
240 200 241
240 280 239
1369 1409 1368
1412 1411 1371
1411 1370 1371
1370 1330 1371
1159 1118 1119
1288 1287 1247
926 925 885
915 956 955
832 833 873
834 833 793
996 995 955
995 1036 1035
1036 995 996
1123 1124 1164
1204 1163 1164
1205 1204 1164
1204 1205 1245
920 921 961
1206 1207 1247
810 850 809
1055 1056 1096
1176 1217 1216
1175 1176 1216
890 849 850
810 851 850
928 929 969
929 928 888
321 361 320
361 321 362
360 361 401
361 360 320
601 602 642
603 602 562
602 643 642
643 602 603
1866 1865 1825
1865 1824 1825
1380 1379 1339
1417 1376 1377
1615 1574 1575
1819 1860 1859
1739 1740 1780
1740 1739 1699
1857 1858 1898
1897 1857 1898
1899 1858 1859
1900 1899 1859
1858 1899 1898
1497 1496 1456
1845 1805 1846
1841 1882 1881
1875 1874 1834
1835 1875 1834
1875 1835 1876
1877 1837 1878
1544 1545 1585
949 950 990
908 867 868
1752 1792 1751
1747 1787 1746
1828 1827 1787
816 815 775
935 936 976
936 895 896
895 936 935
613 572 573
572 532 573
536 577 576
577 536 537
661 702 701
702 661 662
259 258 218
146 147 187
24 64 23
64 63 23
63 64 104
64 105 104
96 95 55
95 96 136
219 259 218
178 219 218
177 178 218
68 109 108
222 181 182
222 221 181
389 429 388
751 710 711
710 751 750
751 791 750
831 791 832
1366 1406 1365
1401 1442 1441
1320 1360 1319
1276 1275 1235
1560 1601 1600
1557 1556 1516
582 541 542
583 582 542
543 583 542
419 418 378
418 419 459
857 898 897
816 817 857
45 85 44
51 50 10
7 48 47
48 7 8
46 45 5
46 5 6
47 46 6
87 46 47
337 336 296
337 338 378
12 52 11
52 12 53
52 51 11
51 52 92
52 93 92
93 52 53
175 134 135
134 175 174
43 84 83
165 164 124
39 40 80
81 40 41
40 81 80
285 284 244
285 245 286
245 285 244
270 310 269
270 229 230
229 270 269
271 270 230
317 316 276
316 317 357
236 235 195
235 236 276
363 322 323
322 363 362
203 243 202
243 203 244
282 283 323
324 283 284
283 324 323
283 243 284
119 120 160
121 120 80
117 76 77
76 36 77
36 76 35
198 238 197
238 198 239
118 117 77
78 118 77
118 119 159
118 78 119
118 158 117
158 118 159
281 322 321
282 281 241
280 281 321
322 281 282
240 281 280
281 240 241
1410 1369 1370
1369 1410 1409
1411 1410 1370
1410 1411 1451
1369 1329 1370
1329 1330 1370
1120 1119 1079
1120 1080 1121
1080 1120 1079
1158 1157 1117
1118 1158 1117
1159 1158 1118
1158 1159 1199
1408 1367 1368
1367 1327 1368
1367 1326 1327
1326 1367 1366
1286 1285 1245
1286 1287 1327
1286 1326 1285
1326 1286 1327
802 843 842
914 915 955
1077 1118 1117
589 590 630
590 550 591
473 433 474
473 513 472
1121 1081 1122
1080 1081 1121
1039 1080 1079
922 962 921
921 962 961
960 920 961
1125 1124 1084
853 893 852
893 853 894
934 893 894
812 853 852
853 812 813
772 812 771
812 772 813
770 730 771
730 770 729
731 772 771
731 730 690
772 731 732
730 731 771
691 731 690
731 691 732
769 770 810
769 810 809
770 769 729
648 688 647
848 808 849
849 808 809
808 848 807
646 606 647
650 691 690
610 650 609
691 650 651
650 610 651
650 649 609
649 650 690
405 445 404
402 442 401
361 402 401
402 361 362
569 610 609
610 569 570
529 569 528
569 529 570
1054 1014 1055
933 893 934
1015 1056 1055
1014 1015 1055
1137 1136 1096
1379 1338 1339
1012 1013 1053
1054 1013 1014
1013 1054 1053
971 1012 1011
1090 1131 1130
1131 1090 1091
1090 1050 1091
1050 1090 1049
1132 1131 1091
1092 1132 1091
1011 1051 1010
1051 1050 1010
1050 1051 1091
1051 1092 1091
891 890 850
851 891 850
889 890 930
848 889 888
890 889 849
889 848 849
889 929 888
929 889 930
926 927 967
1009 969 1010
1009 1050 1049
1050 1009 1010
1008 1009 1049
641 601 642
682 641 642
641 682 681
640 641 681
360 319 320
238 237 197
236 237 277
237 278 277
278 237 238
438 439 479
481 441 482
442 441 401
441 442 482
317 358 357
523 564 563
563 564 604
1780 1820 1779
1819 1820 1860
1820 1819 1779
1906 1905 1865
1906 1865 1866
1906 1866 2
1824 1864 1823
1864 1824 1865
1905 1864 1865
1864 1905 1904
1380 1420 1379
1420 1419 1379
1417 1418 1458
1418 1417 1377
1416 1376 1417
1336 1337 1377
1376 1336 1377
1697 1696 1656
1739 1698 1699
1698 1739 1738
1697 1698 1738
1618 1577 1578
1577 1618 1617
1615 1616 1656
1616 1615 1575
1782 1781 1741
1781 1740 1741
1740 1781 1780
1741 1700 1701
1700 1660 1701
1700 1740 1699
1740 1700 1741
1452 1492 1451
1411 1452 1451
1452 1411 1412
1452 1493 1492
1538 1497 1498
1539 1538 1498
1621 1620 1580
1581 1621 1580
1891 1851 1892
1615 1614 1574
1677 1717 1676
1717 1677 1718
1719 1720 1760
1837 1838 1878
1879 1838 1839
1838 1879 1878
1835 1836 1876
1836 1835 1795
1836 1877 1876
1836 1837 1877
1627 1586 1587
1545 1586 1585
1588 1628 1587
1588 1548 1589
1430 1431 1471
1593 1552 1553
1754 1795 1794
1755 1754 1714
1754 1755 1795
1514 1513 1473
742 783 782
702 742 701
950 991 990
1115 1116 1156
1219 1178 1179
1178 1138 1179
1058 1018 1059
1872 1832 1873
1667 1668 1708
1668 1627 1628
1668 1667 1627
1748 1749 1789
1749 1748 1708
1711 1752 1751
1834 1793 1794
1752 1793 1792
1828 1788 1829
1788 1789 1829
1788 1828 1787
1788 1748 1789
1788 1747 1748
1747 1788 1787
1705 1706 1746
1706 1747 1746
1867 1826 1827
1867 3 1826
1786 1745 1746
1787 1786 1746
1786 1827 1826
1827 1786 1787
1625 1584 1585
1584 1544 1585
1543 1584 1583
1584 1543 1544
1624 1584 1625
1584 1624 1583
815 774 775
733 774 773
814 774 815
774 814 773
895 855 896
855 895 854
814 855 854
855 814 815
937 896 897
937 936 896
531 571 530
531 530 490
571 531 572
531 532 572
575 535 576
535 536 576
499 459 500
577 617 576
143 142 102
144 184 143
184 144 185
228 229 269
228 227 187
348 389 388
27 67 26
68 67 27
67 68 108
14 15 55
221 180 181
63 22 23
61 60 20
21 61 20
229 189 230
69 68 28
29 69 28
69 109 68
109 69 110
111 151 110
154 113 114
305 264 265
264 305 304
432 473 472
473 432 433
753 794 793
794 834 793
752 751 711
752 753 793
629 589 630
628 629 669
870 910 869
869 909 868
909 908 868
949 909 950
909 949 908
910 909 869
909 910 950
1397 1356 1357
1398 1397 1357
1325 1366 1365
1326 1325 1285
1325 1326 1366
1321 1320 1280
1403 1402 1362
1401 1402 1442
1239 1279 1238
1279 1239 1280
1320 1279 1280
1279 1320 1319
1194 1195 1235
1237 1197 1238
1157 1197 1156
1196 1197 1237
1197 1196 1156
1196 1236 1195
1195 1236 1235
1236 1196 1237
1236 1276 1235
1356 1316 1357
1316 1317 1357
1276 1316 1275
1316 1276 1317
1359 1318 1319
1360 1359 1319
1603 1602 1562
1602 1603 1643
1684 1683 1643
1805 1764 1765
1639 1640 1680
1598 1557 1558
1598 1639 1638
503 543 502
503 544 543
626 625 585
625 626 666
258 299 298
299 258 259
338 379 378
379 419 378
459 460 500
419 460 459
706 747 746
829 870 869
708 749 748
858 898 857
817 858 857
776 816 775
776 817 816
289 248 249
127 87 128
168 127 128
409 450 449
493 453 494
336 295 296
50 9 10
91 51 92
91 50 51
87 88 128
88 87 47
88 48 89
48 88 47
54 94 53
135 94 95
94 54 95
94 93 53
94 134 93
134 94 135
83 84 124
83 82 42
43 1 84
43 83 42
245 205 246
205 164 165
326 327 367
366 326 367
327 326 286
326 285 286
434 433 393
433 434 474
434 394 435
394 434 393
478 438 479
233 192 193
232 192 233
272 312 271
272 271 231
232 272 231
395 394 354
436 395 396
394 395 435
395 436 435
355 395 354
395 355 396
355 356 396
397 356 357
356 397 396
356 355 315
356 316 357
316 356 315
194 234 193
194 154 195
194 235 234
235 194 195
234 275 274
316 275 276
275 315 274
275 316 315
275 235 276
235 275 234
405 364 365
364 324 365
324 364 323
364 405 404
363 364 404
364 363 323
162 121 122
163 162 122
203 162 163
162 203 202
243 242 202
242 282 241
242 201 202
201 242 241
283 242 243
242 283 282
39 79 38
78 79 119
79 39 80
79 78 38
79 120 119
120 79 80
116 76 117
199 158 159
200 199 159
199 240 239
240 199 200
199 198 158
198 199 239
1209 1168 1169
1327 1328 1368
1328 1369 1368
1328 1287 1288
1287 1328 1327
1328 1329 1369
1329 1328 1288
1205 1246 1245
1287 1246 1247
1246 1206 1247
1206 1246 1205
1286 1246 1287
1246 1286 1245
884 843 844
925 884 885
884 844 885
833 874 873
874 833 834
914 874 915
874 914 873
915 916 956
1037 1077 1036
1037 1036 996
1116 1076 1117
1036 1076 1035
1077 1076 1036
1076 1077 1117
513 512 472
471 512 511
512 471 472
675 674 634
635 675 634
595 555 596
434 475 474
475 434 435
473 514 513
514 473 474
1040 1081 1080
1039 1040 1080
963 923 964
1004 963 964
963 1004 1003
923 963 922
963 962 922
962 963 1003
959 960 1000
1165 1206 1205
1165 1205 1164
1124 1165 1164
1125 1165 1124
926 966 925
966 926 967
965 966 1006
966 965 925
1005 1004 964
965 1005 964
1005 965 1006
1005 1045 1004
1125 1085 1126
1085 1125 1084
1085 1086 1126
1085 1045 1086
851 811 852
811 812 852
811 851 810
812 811 771
770 811 810
811 770 771
769 728 729
728 688 729
730 689 690
689 649 690
689 730 729
649 689 648
689 688 648
688 689 729
366 406 365
406 405 365
608 649 648
649 608 609
974 933 934
974 934 975
974 1015 1014
1015 974 975
1177 1217 1176
1217 1177 1218
1177 1136 1137
1136 1177 1176
1298 1299 1339
1338 1298 1339
970 1011 1010
970 929 930
969 970 1010
929 970 969
970 971 1011
971 970 930
972 1013 1012
971 972 1012
1174 1214 1173
1175 1135 1176
1135 1136 1176
1093 1052 1053
1052 1012 1053
1012 1052 1011
1052 1093 1092
1051 1052 1092
1052 1051 1011
892 933 932
892 851 852
893 892 852
933 892 893
892 891 851
891 892 932
886 926 885
886 927 926
927 968 967
968 1008 967
968 928 969
968 927 928
968 1009 1008
1009 968 969
838 879 878
879 838 839
800 759 760
759 800 799
758 759 799
523 522 482
522 481 482
522 563 562
522 523 563
522 521 481
521 522 562
602 561 562
561 602 601
521 561 520
561 521 562
682 722 681
722 723 763
722 682 723
722 721 681
722 762 721
762 722 763
803 843 802
804 803 763
843 803 844
803 804 844
762 803 802
803 762 763
680 640 681
721 680 681
639 680 679
680 639 640
720 680 721
680 720 679
761 762 802
762 761 721
720 761 760
761 720 721
280 279 239
279 280 320
279 238 239
279 278 238
279 319 278
319 279 320
196 156 197
196 236 195
155 196 195
156 196 155
196 237 236
237 196 197
480 521 520
521 480 481
480 520 479
439 480 479
400 360 401
441 400 401
398 397 357
397 398 438
398 439 438
439 398 399
398 358 399
358 398 357
278 318 277
319 318 278
318 317 277
318 358 317
767 808 807
682 683 723
683 682 642
643 683 642
605 646 645
605 645 604
606 605 565
646 605 606
605 564 565
564 605 604
1782 1783 1823
1783 1824 1823
1378 1338 1379
1337 1378 1377
1419 1378 1379
1338 1378 1337
1418 1378 1419
1378 1418 1377
1457 1417 1458
1457 1497 1456
1498 1457 1458
1497 1457 1498
1457 1416 1417
1416 1457 1456
1619 1620 1660
1619 1618 1578
1698 1658 1699
1618 1658 1617
1616 1576 1617
1576 1577 1617
1576 1616 1575
1818 1819 1859
1858 1818 1859
1737 1697 1738
1696 1737 1736
1737 1696 1697
1737 1777 1736
1822 1782 1823
1822 1781 1782
1694 1693 1653
1693 1694 1734
1777 1776 1736
1574 1534 1575
1459 1418 1419
1418 1459 1458
1540 1581 1580
1539 1540 1580
1577 1537 1578
1497 1537 1496
1538 1537 1497
1537 1538 1578
1622 1581 1582
1623 1622 1582
1622 1663 1662
1663 1622 1623
1622 1621 1581
1621 1622 1662
1614 1573 1574
1409 1449 1408
1685 1725 1684
1685 1645 1686
1402 1443 1442
1443 1402 1403
1675 1674 1634
1678 1719 1718
1677 1678 1718
1880 1879 1839
1759 1719 1760
1800 1759 1760
1719 1759 1718
1799 1759 1800
1843 1884 1883
1801 1841 1800
1801 1800 1760
1798 1799 1839
1838 1798 1839
1342 1383 1382
1626 1625 1585
1626 1667 1666
1625 1626 1666
1667 1626 1627
1626 1586 1627
1586 1626 1585
1504 1545 1544
1383 1423 1382
1143 1184 1183
1184 1143 1144
1386 1346 1387
1432 1431 1391
1511 1470 1471
1470 1430 1471
1548 1549 1589
1550 1549 1509
1755 1796 1795
1796 1836 1795
1836 1796 1837
1756 1796 1755
1717 1716 1676
1716 1717 1757
1716 1675 1676
1756 1716 1757
1552 1512 1553
1512 1511 1471
1511 1512 1552
1512 1513 1553
1636 1677 1676
1593 1594 1634
1594 1593 1553
1555 1514 1515
1556 1555 1515
949 948 908
705 706 746
785 786 826
785 826 825
743 742 702
742 743 783
910 951 950
991 951 992
951 991 950
994 995 1035
914 913 873
873 913 872
1074 1115 1114
1196 1155 1156
1155 1196 1195
1115 1155 1114
1155 1115 1156
1099 1058 1059
1057 1017 1058
1017 1016 976
1017 1057 1016
1017 1018 1058
901 941 900
941 901 942
1392 1432 1391
1831 1872 1871
1830 1831 1871
1831 1832 1872
1874 1833 1834
1833 1874 1873
1832 1833 1873
1833 1832 1792
1793 1833 1792
1833 1793 1834
1753 1754 1794
1753 1793 1752
1793 1753 1794
1665 1625 1666
1665 1705 1664
1665 1624 1625
1624 1665 1664
1665 1706 1705
1706 1665 1666
1748 1707 1708
1667 1707 1666
1747 1707 1748
1707 1667 1708
1706 1707 1747
1707 1706 1666
1868 1827 1828
1868 1828 1869
1868 1867 1827
896 856 897
856 857 897
856 816 857
816 856 815
856 855 815
855 856 896
898 938 897
937 938 978
938 937 897
612 571 572
571 612 611
613 612 572
612 652 611
615 574 575
498 499 539
498 497 457
578 577 537
578 579 619
581 541 582
377 337 378
336 377 376
418 377 378
337 377 336
417 377 418
377 417 376
660 661 701
660 659 619
657 617 658
338 297 298
337 297 338
297 337 296
216 215 175
175 215 174
176 175 135
177 176 136
176 135 136
176 216 175
103 63 104
103 143 102
103 144 143
144 103 104
105 145 104
146 145 105
144 145 185
145 144 104
225 184 185
183 142 143
142 183 182
184 183 143
347 348 388
349 390 389
390 349 350
348 349 389
26 66 25
67 66 26
60 19 20
137 96 97
96 137 136
137 177 136
177 137 178
137 138 178
138 137 97
179 138 139
179 219 178
138 179 178
180 179 139
188 228 187
147 188 187
188 147 148
228 188 229
188 189 229
189 188 148
190 231 230
189 190 230
30 31 71
112 111 71
221 262 261
222 262 221
391 390 350
794 835 834
754 753 713
754 794 753
833 792 793
791 792 832
792 833 832
792 791 751
752 792 751
792 752 793
712 752 711
671 712 711
753 712 713
752 712 753
672 712 671
712 672 713
671 670 630
710 670 711
670 671 711
670 710 669
629 670 669
670 629 630
1517 1557 1516
1476 1517 1516
1557 1517 1558
1517 1518 1558
1518 1559 1558
1559 1560 1600
1438 1478 1437
1439 1438 1398
1438 1397 1398
1397 1438 1437
1514 1474 1515
1474 1514 1473
1403 1363 1404
1363 1364 1404
1363 1403 1362
1361 1321 1362
1361 1401 1360
1320 1361 1360
1321 1361 1320
1361 1402 1401
1402 1361 1362
1278 1237 1238
1318 1278 1319
1279 1278 1238
1278 1279 1319
1153 1194 1193
1032 991 992
1032 992 1033
1198 1158 1199
1239 1198 1199
1198 1239 1238
1158 1198 1157
1198 1197 1157
1197 1198 1238
1400 1401 1441
1440 1400 1441
1401 1400 1360
1400 1359 1360
1358 1398 1357
1317 1358 1357
1318 1358 1317
1359 1358 1318
1603 1563 1604
1563 1603 1562
1724 1725 1765
1683 1724 1723
1725 1724 1684
1724 1683 1684
1724 1764 1723
1764 1724 1765
1602 1561 1562
1561 1602 1601
1560 1561 1601
1561 1521 1562
1438 1479 1478
1479 1438 1439
583 623 582
663 623 664
463 462 422
462 421 422
503 462 463
462 503 502
544 584 543
584 544 585
584 583 543
625 584 585
382 341 342
219 260 259
339 340 380
339 338 298
339 299 340
299 339 298
339 379 338
379 339 380
501 541 500
542 501 502
541 501 542
460 501 500
379 420 419
421 420 380
420 379 380
420 460 419
791 790 750
790 791 831
790 749 750
787 786 746
747 787 746
710 709 669
709 710 750
749 709 750
708 709 749
747 707 748
707 706 666
706 707 747
707 708 748
429 428 388
428 429 469
588 629 628
629 588 589
822 781 782
821 781 822
858 899 898
899 859 900
859 899 858
783 823 782
823 822 782
823 824 864
824 823 783
821 862 861
862 821 822
207 206 166
46 86 45
86 85 45
86 46 87
127 86 87
330 329 289
330 289 290
450 410 451
409 410 450
371 372 412
497 456 457
495 535 494
535 495 536
295 294 254
134 133 93
133 134 174
93 133 92
173 133 174
48 49 89
49 48 8
49 9 50
9 49 8
82 123 122
123 163 122
164 123 124
123 164 163
83 123 82
123 83 124
204 245 244
164 204 163
204 203 163
203 204 244
205 204 164
204 205 245
324 325 365
325 366 365
325 324 284
285 325 284
326 325 285
325 326 366
312 311 271
270 311 310
311 270 271
352 311 312
353 394 393
394 353 354
352 353 393
353 352 312
397 437 396
437 397 438
437 436 396
478 437 438
315 314 274
314 355 354
355 314 315
120 161 160
161 201 160
201 161 202
161 120 121
162 161 121
161 162 202
115 156 155
74 115 114
115 155 114
115 116 156
198 157 158
158 157 117
156 157 197
157 198 197
157 116 117
116 157 156
1330 1289 1290
1289 1288 1248
1289 1329 1288
1329 1289 1330
1289 1249 1290
1249 1289 1248
1048 1008 1049
1168 1128 1169
1088 1128 1087
881 922 921
923 924 964
965 924 925
924 965 964
924 884 925
1038 1039 1079
551 510 511
550 551 591
510 551 550
594 595 635
594 635 634
390 430 389
430 429 389
1001 960 961
960 1001 1000
1082 1123 1122
1081 1082 1122
1045 1046 1086
1046 1087 1086
1005 1046 1045
1046 1005 1006
687 646 647
688 687 647
728 687 688
687 728 727
564 524 565
524 564 523
524 525 565
488 529 528
529 488 489
488 448 489
448 488 447
487 488 528
488 487 447
407 366 367
408 407 367
407 448 447
448 407 408
406 407 447
407 406 366
446 487 486
445 446 486
446 445 405
487 446 447
406 446 405
446 406 447
607 648 647
606 607 647
608 607 567
607 608 648
568 569 609
569 568 528
608 568 609
568 608 567
1214 1213 1173
1336 1335 1295
1335 1336 1376
1372 1412 1371
1333 1334 1374
1334 1333 1293
1171 1170 1130
1131 1171 1130
1170 1171 1211
1210 1170 1211
1210 1209 1169
1170 1210 1169
1296 1336 1295
1336 1296 1337
1255 1296 1295
1296 1255 1256
1257 1256 1216
1217 1257 1216
973 974 1014
933 973 932
1013 973 1014
974 973 933
972 973 1013
973 972 932
890 931 930
931 891 932
931 971 930
891 931 890
931 972 971
972 931 932
1093 1133 1092
1132 1133 1173
1133 1132 1092
1133 1174 1173
1215 1255 1214
1215 1175 1216
1256 1215 1216
1255 1215 1256
1174 1215 1214
1215 1174 1175
1095 1054 1055
1095 1055 1096
1136 1095 1096
1135 1095 1136
804 845 844
844 845 885
845 804 805
845 886 885
846 845 805
845 846 886
798 758 799
839 798 799
838 798 839
719 720 760
719 678 679
720 719 679
759 719 760
677 637 678
676 675 635
676 677 717
841 801 842
801 802 842
801 800 760
801 841 800
761 801 760
801 761 802
440 439 399
440 441 481
480 440 481
440 480 439
440 400 441
400 440 399
358 359 399
400 359 360
359 319 360
359 400 399
318 359 358
359 318 319
804 764 805
723 764 763
764 804 763
764 765 805
766 765 725
766 767 807
808 768 809
768 769 809
728 768 727
768 728 769
767 768 808
768 767 727
645 644 604
644 643 603
644 603 604
685 644 645
1661 1621 1662
1660 1661 1701
1620 1661 1660
1621 1661 1620
1702 1661 1662
1661 1702 1701
1663 1703 1662
1703 1663 1704
1703 1744 1743
1744 1703 1704
1702 1703 1743
1703 1702 1662
1742 1741 1701
1742 1782 1741
1702 1742 1701
1742 1702 1743
1783 1742 1743
1742 1783 1782
1784 1744 1785
1784 1785 1825
1824 1784 1825
1744 1784 1743
1783 1784 1824
1784 1783 1743
1620 1579 1580
1579 1539 1580
1538 1579 1578
1579 1538 1539
1619 1579 1620
1579 1619 1578
1657 1698 1697
1657 1697 1656
1616 1657 1656
1657 1616 1617
1657 1658 1698
1658 1657 1617
1659 1619 1660
1659 1700 1699
1700 1659 1660
1619 1659 1618
1659 1658 1618
1658 1659 1699
1818 1778 1819
1778 1738 1779
1819 1778 1779
1778 1818 1777
1737 1778 1777
1778 1737 1738
1902 1862 1903
1695 1696 1736
1733 1693 1734
1817 1818 1858
1818 1817 1777
1857 1817 1858
1817 1776 1777
1535 1576 1575
1534 1535 1575
1415 1416 1456
1452 1453 1493
1453 1452 1412
1420 1460 1419
1460 1420 1461
1501 1460 1461
1460 1501 1500
1459 1460 1500
1460 1459 1419
1581 1541 1582
1541 1542 1582
1501 1541 1500
1541 1501 1542
1541 1540 1500
1540 1541 1581
1499 1498 1458
1499 1539 1498
1499 1459 1500
1459 1499 1458
1499 1540 1539
1540 1499 1500
1854 1895 1894
1613 1573 1614
1493 1533 1492
1533 1534 1574
1534 1533 1493
1573 1533 1574
1846 1847 1887
1725 1766 1765
1645 1644 1604
1644 1603 1604
1644 1684 1643
1603 1644 1643
1685 1644 1645
1644 1685 1684
1444 1403 1404
1444 1443 1403
1639 1679 1638
1720 1679 1680
1679 1639 1680
1679 1720 1719
1678 1679 1719
1679 1678 1638
1840 1841 1881
1840 1799 1800
1841 1840 1800
1799 1840 1839
1840 1880 1839
1880 1840 1881
1803 1843 1802
1841 1842 1882
1882 1842 1883
1842 1843 1883
1843 1842 1802
1842 1801 1802
1801 1842 1841
1801 1761 1802
1720 1761 1760
1761 1801 1760
1640 1681 1680
1717 1758 1757
1759 1758 1718
1758 1717 1718
1758 1759 1799
1798 1758 1799
1758 1798 1757
1342 1343 1383
1381 1341 1382
1341 1342 1382
1341 1381 1340
1543 1503 1544
1503 1543 1502
1462 1503 1502
1503 1462 1463
1504 1503 1463
1503 1504 1544
1423 1464 1463
1464 1504 1463
1422 1381 1382
1462 1422 1463
1381 1422 1421
1422 1462 1421
1422 1423 1463
1423 1422 1382
1023 1064 1063
1064 1023 1024
1101 1142 1141
1142 1101 1102
1142 1143 1183
1143 1142 1102
1103 1143 1102
1143 1103 1144
1266 1306 1265
1306 1266 1307
1308 1348 1307
1186 1227 1226
1227 1186 1187
1224 1223 1183
1184 1224 1183
1388 1428 1387
1507 1466 1467
1466 1507 1506
1586 1546 1587
1546 1586 1545
1348 1389 1388
1510 1550 1509
1510 1470 1511
1551 1511 1552
1510 1551 1550
1551 1510 1511
1673 1674 1714
1797 1756 1757
1798 1797 1757
1797 1838 1837
1797 1798 1838
1797 1796 1756
1796 1797 1837
1715 1755 1714
1674 1715 1714
1715 1756 1755
1715 1674 1675
1715 1716 1756
1716 1715 1675
1472 1432 1473
1431 1472 1471
1513 1472 1473
1432 1472 1431
1512 1472 1513
1472 1512 1471
1557 1597 1556
1598 1597 1557
1597 1598 1638
1675 1635 1676
1635 1675 1634
1635 1636 1676
1636 1635 1595
1635 1594 1595
1594 1635 1634
1513 1554 1553
1594 1554 1595
1554 1513 1514
1554 1594 1553
1554 1555 1595
1555 1554 1514
989 949 990
989 948 949
704 663 664
705 704 664
706 665 666
665 625 666
705 665 706
665 705 664
824 784 825
785 784 744
784 824 783
784 785 825
743 784 783
784 743 744
912 913 953
912 871 872
913 912 872
992 993 1033
994 993 953
954 914 955
995 954 955
994 954 995
954 994 953
913 954 953
954 913 914
1115 1075 1116
1076 1075 1035
1075 1076 1116
1074 1075 1115
1221 1222 1262
1222 1221 1181
1138 1139 1179
1100 1101 1141
1100 1099 1059
1018 977 978
977 937 978
936 977 976
937 977 936
1017 977 1018
977 1017 976
1101 1061 1102
1019 1018 978
1018 1019 1059
1149 1148 1108
1148 1107 1108
1791 1750 1751
1832 1791 1792
1792 1791 1751
1831 1791 1832
1669 1668 1628
612 653 652
653 612 613
734 774 733
774 734 775
653 654 694
654 653 613
491 531 490
450 491 490
491 450 451
531 491 532
491 492 532
492 491 451
453 452 412
452 453 493
492 452 493
452 492 451
535 534 494
534 493 494
534 535 575
574 534 575
499 458 459
458 418 459
458 417 418
417 458 457
498 458 499
458 498 457
618 617 577
659 618 619
618 659 658
617 618 658
578 618 577
618 578 619
579 538 539
538 498 539
497 538 537
498 538 497
578 538 579
538 578 537
661 621 662
541 540 500
540 499 500
499 540 539
581 540 541
257 258 298
297 257 298
255 295 254
295 255 296
61 62 102
62 22 63
22 62 21
62 61 21
103 62 63
62 103 102
227 186 187
186 146 187
186 145 146
145 186 185
180 140 181
140 139 99
140 180 139
100 140 99
101 61 102
142 101 102
61 101 60
101 100 60
224 225 265
264 224 265
225 224 184
224 183 184
225 266 265
268 228 269
268 227 228
227 268 267
65 64 24
65 24 25
64 65 105
66 65 25
147 107 148
148 107 108
107 67 108
107 66 67
15 56 55
56 96 55
96 56 97
56 15 16
57 56 16
56 57 97
98 58 99
139 98 99
98 138 97
138 98 139
98 57 58
57 98 97
149 148 108
109 149 108
149 189 148
149 190 189
191 192 232
191 232 231
192 191 151
190 191 231
70 111 110
69 70 110
70 69 29
111 70 71
70 30 71
30 70 29
73 74 114
74 73 33
113 73 114
73 32 33
111 152 151
192 152 193
152 192 151
112 152 111
303 263 304
263 264 304
262 263 303
263 262 222
342 302 343
302 303 343
262 302 261
302 262 303
433 392 393
392 352 393
432 392 433
391 392 432
875 874 834
875 916 915
874 875 915
916 875 876
875 835 876
835 875 834
714 754 713
795 835 794
754 795 794
631 671 630
590 631 630
631 590 591
631 672 671
631 632 672
632 631 591
1518 1477 1478
1478 1477 1437
1517 1477 1518
1477 1517 1476
1640 1599 1600
1599 1598 1558
1599 1640 1639
1598 1599 1639
1559 1599 1558
1599 1559 1600
1234 1194 1235
1275 1234 1235
1194 1234 1193
1274 1234 1275
1315 1316 1356
1316 1315 1275
1274 1315 1314
1315 1274 1275
1397 1396 1356
1396 1397 1437
1277 1318 1317
1276 1277 1317
1277 1236 1237
1236 1277 1276
1277 1278 1318
1278 1277 1237
1151 1110 1111
1151 1192 1191
1313 1354 1353
1354 1313 1314
1031 1072 1071
991 1031 990
1031 1032 1072
1032 1031 991
1399 1439 1398
1399 1400 1440
1439 1399 1440
1400 1399 1359
1399 1358 1359
1358 1399 1398
1523 1522 1482
1522 1481 1482
1521 1522 1562
1522 1521 1481
1563 1522 1523
1522 1563 1562
1480 1439 1440
1521 1480 1481
1481 1480 1440
1480 1479 1439
1559 1519 1560
1519 1518 1478
1519 1559 1518
1479 1519 1478
340 381 380
421 381 422
381 421 380
341 381 340
382 381 341
381 382 422
382 423 422
423 463 422
300 341 340
300 299 259
299 300 340
260 300 259
220 180 221
220 221 261
179 220 219
220 179 180
220 260 219
260 220 261
501 461 502
461 462 502
462 461 421
461 501 460
420 461 460
461 420 421
870 830 871
830 831 871
829 830 870
830 790 831
867 827 868
786 827 826
827 867 826
787 827 786
788 747 748
788 787 747
628 668 627
668 628 669
668 709 708
709 668 669
387 347 388
347 387 346
387 428 427
428 387 388
345 305 346
305 345 304
587 628 627
586 587 627
588 587 547
587 588 628
503 504 544
504 503 463
590 549 550
549 590 589
428 468 427
468 428 469
700 660 701
660 700 659
941 940 900
940 899 900
904 863 864
823 863 822
863 823 864
863 904 903
863 862 822
862 863 903
247 207 248
207 247 206
167 127 168
167 207 166
370 330 371
330 370 329
331 330 290
330 331 371
372 331 332
331 372 371
413 453 412
372 413 412
417 416 376
416 417 457
416 375 376
456 416 457
496 497 537
496 456 497
536 496 537
456 496 455
496 495 455
495 496 536
335 336 376
375 335 376
335 295 336
335 294 295
132 91 92
132 133 173
133 132 92
91 90 50
90 49 50
49 90 89
477 437 478
437 477 436
273 232 233
273 233 274
273 272 232
314 273 274
75 74 34
75 34 35
76 75 35
116 75 76
115 75 116
75 115 74
1166 1125 1126
1165 1166 1206
1206 1166 1207
1166 1165 1125
1166 1167 1207
1167 1166 1126
1208 1249 1248
1207 1208 1248
1249 1208 1209
1208 1168 1209
1208 1167 1168
1167 1208 1207
1090 1089 1049
1089 1090 1130
1048 1089 1088
1089 1048 1049
1008 1007 967
1007 966 967
966 1007 1006
1048 1007 1008
1086 1127 1126
1087 1127 1086
1127 1167 1126
1167 1127 1168
1127 1128 1168
1128 1127 1087
882 923 922
882 841 842
882 881 841
881 882 922
879 880 920
880 879 839
920 880 921
880 881 921
1118 1078 1119
1119 1078 1079
1077 1078 1118
1037 1078 1077
1038 1078 1037
1078 1038 1079
997 996 956
997 1037 996
997 1038 1037
592 632 591
551 592 591
553 512 513
391 431 390
431 432 472
471 431 472
431 391 432
430 431 471
431 430 390
470 510 469
429 470 469
510 470 511
470 471 511
430 470 429
470 430 471
1044 1085 1084
1004 1044 1003
1045 1044 1004
1085 1044 1045
1044 1043 1003
1043 1044 1084
1002 962 1003
962 1002 961
1043 1002 1003
1002 1043 1042
1001 1002 1042
1002 1001 961
1083 1124 1123
1124 1083 1084
1083 1043 1084
1043 1083 1042
1083 1082 1042
1082 1083 1123
1041 1001 1042
1041 1040 1000
1040 1041 1081
1001 1041 1000
1041 1082 1081
1082 1041 1042
918 877 878
960 919 920
879 919 878
919 879 920
959 919 960
919 918 878
918 919 959
646 686 645
686 685 645
687 686 646
686 687 727
445 444 404
566 606 565
566 526 567
525 566 565
526 566 525
607 566 567
566 607 606
526 527 567
527 487 528
487 527 486
527 526 486
527 568 567
568 527 528
1254 1255 1295
1255 1254 1214
1213 1254 1253
1254 1213 1214
1252 1253 1293
1453 1413 1454
1372 1413 1412
1413 1453 1412
1331 1330 1290
1330 1331 1371
1291 1331 1290
1331 1291 1332
1372 1331 1332
1331 1372 1371
1172 1132 1173
1132 1172 1131
1213 1172 1173
1172 1171 1131
1250 1249 1209
1250 1291 1290
1249 1250 1290
1210 1250 1209
1297 1338 1337
1297 1298 1338
1296 1297 1337
1297 1296 1256
1297 1257 1298
1257 1297 1256
1298 1258 1299
1258 1217 1218
1258 1257 1217
1257 1258 1298
1174 1134 1175
1134 1135 1175
1133 1134 1174
1134 1133 1093
847 848 888
848 847 807
718 759 758
677 718 717
718 758 717
718 677 678
718 719 759
719 718 678
637 636 596
636 595 596
595 636 635
636 637 677
676 636 677
636 676 635
683 724 723
765 724 725
764 724 765
724 764 723
1864 1863 1823
1903 1863 1904
1863 1864 1904
1863 1822 1823
1863 1862 1822
1862 1863 1903
1820 1861 1860
1860 1861 1901
1861 1902 1901
1861 1862 1902
1776 1735 1736
1694 1735 1734
1695 1735 1694
1735 1695 1736
1696 1655 1656
1655 1615 1656
1655 1614 1615
1695 1655 1696
1774 1733 1734
1733 1774 1773
1856 1857 1897
1856 1897 1896
1576 1536 1577
1536 1495 1496
1537 1536 1496
1536 1537 1577
1535 1536 1576
1536 1535 1495
1495 1455 1496
1454 1455 1495
1496 1455 1456
1455 1415 1456
1334 1375 1374
1416 1375 1376
1375 1335 1376
1335 1375 1334
1415 1375 1416
1375 1415 1374
1494 1454 1495
1494 1534 1493
1535 1494 1495
1494 1535 1534
1494 1453 1454
1453 1494 1493
1492 1491 1451
1613 1572 1573
1847 1888 1887
1810 1769 1770
1769 1810 1809
1767 1807 1766
1807 1767 1808
1763 1722 1723
1764 1763 1723
1844 1845 1885
1884 1844 1885
1843 1844 1884
1803 1844 1843
1602 1642 1601
1642 1602 1643
1683 1642 1643
1721 1720 1680
1721 1761 1720
1721 1681 1722
1681 1721 1680
1302 1343 1342
1104 1145 1144
1064 1104 1063
1104 1103 1063
1103 1104 1144
1345 1386 1385
1344 1345 1385
1386 1345 1346
1304 1345 1344
1346 1347 1387
1348 1347 1307
1347 1388 1387
1347 1348 1388
1306 1347 1346
1347 1306 1307
1266 1267 1307
1227 1267 1226
1267 1266 1226
1267 1308 1307
1185 1184 1144
1145 1185 1144
1186 1185 1145
1185 1186 1226
1224 1264 1223
1264 1224 1265
1427 1468 1467
1427 1386 1387
1427 1428 1468
1428 1427 1387
1549 1508 1509
1508 1468 1509
1468 1508 1467
1508 1549 1548
1508 1507 1467
1507 1508 1548
1588 1547 1548
1547 1588 1587
1547 1507 1548
1507 1547 1506
1547 1546 1506
1546 1547 1587
1464 1505 1504
1504 1505 1545
1505 1546 1545
1546 1505 1506
1390 1431 1430
1431 1390 1391
1390 1350 1391
1389 1390 1430
1470 1429 1430
1429 1428 1388
1389 1429 1388
1429 1389 1430
1589 1590 1630
1549 1590 1589
1590 1549 1550
1590 1631 1630
1593 1592 1552
1592 1551 1552
1753 1713 1754
1754 1713 1714
1713 1673 1714
1678 1637 1638
1637 1678 1677
1636 1637 1677
1637 1597 1638
989 988 948
1029 988 989
904 905 945
905 904 864
867 866 826
826 866 825
986 985 945
985 986 1026
986 1027 1026
1027 986 987
663 703 662
703 702 662
703 743 702
743 703 744
704 703 663
703 704 744
745 705 746
786 745 746
785 745 786
745 785 744
745 704 705
704 745 744
584 624 583
623 624 664
624 623 583
624 584 625
665 624 625
624 665 664
911 870 871
870 911 910
911 951 910
912 911 871
1034 1074 1033
993 1034 1033
1034 994 1035
1034 993 994
1034 1075 1074
1075 1034 1035
1182 1181 1141
1223 1182 1183
1142 1182 1141
1182 1142 1183
1222 1182 1223
1182 1222 1181
1057 1098 1097
1098 1138 1097
1098 1057 1058
1099 1098 1058
1139 1098 1099
1098 1139 1138
1221 1180 1181
1139 1180 1179
1060 1061 1101
1060 1100 1059
1100 1060 1101
1061 1060 1020
1019 1060 1059
1060 1019 1020
1231 1190 1191
1190 1231 1230
1068 1109 1108
1109 1149 1108
1228 1227 1187
1269 1228 1229
1228 1188 1229
1188 1228 1187
1065 1064 1024
1433 1474 1473
1432 1433 1473
1392 1433 1432
1474 1433 1434
1393 1433 1392
1433 1393 1434
1231 1271 1230
1393 1352 1353
1352 1393 1392
1310 1350 1309
1269 1310 1309
1749 1790 1789
1789 1790 1830
1790 1749 1750
1790 1831 1830
1790 1791 1831
1791 1790 1750
1588 1629 1628
1629 1589 1630
1629 1588 1589
1670 1629 1630
1669 1629 1670
1629 1669 1628
1709 1749 1708
1749 1709 1750
1668 1709 1708
1669 1709 1668
653 693 652
693 733 692
652 693 692
693 653 694
734 693 694
693 734 733
735 736 776
735 776 775
734 735 775
735 734 694
614 574 615
574 614 573
614 613 573
614 654 613
533 492 493
532 533 573
492 533 532
533 574 573
533 534 574
534 533 493
622 663 662
623 622 582
622 581 582
622 623 663
622 621 581
621 622 662
620 660 619
579 620 619
660 620 661
620 621 661
697 656 657
656 697 696
820 821 861
736 777 776
776 777 817
616 615 575
616 575 576
617 616 576
657 616 617
656 616 657
616 656 615
217 176 177
258 217 218
217 177 218
176 217 216
217 257 216
257 217 258
214 173 174
215 214 174
255 214 215
214 255 254
256 215 216
257 256 216
256 297 296
256 257 297
255 256 296
256 255 215
141 142 182
140 141 181
181 141 182
141 140 100
101 141 100
141 101 142
306 347 346
306 305 265
305 306 346
266 306 265
226 225 185
226 227 267
186 226 185
226 186 227
226 266 225
266 226 267
310 309 269
309 310 350
349 309 350
309 268 269
65 106 105
106 146 105
146 106 147
106 65 66
107 106 66
106 107 147
58 59 99
59 100 99
100 59 60
59 19 60
59 18 19
18 59 58
17 18 58
17 57 16
57 17 58
150 149 109
151 150 110
150 109 110
149 150 190
150 191 190
191 150 151
72 112 71
31 72 71
32 72 31
112 72 113
73 72 32
72 73 113
153 113 154
153 194 193
194 153 154
153 112 113
153 152 112
152 153 193
223 224 264
183 223 182
223 222 182
224 223 183
263 223 264
223 263 222
351 391 350
310 351 350
311 351 310
351 311 352
351 392 391
392 351 352
715 714 674
675 715 674
672 673 713
632 673 672
714 673 674
673 714 713
1475 1476 1516
1475 1474 1434
1475 1516 1515
1474 1475 1515
1435 1475 1434
1475 1435 1476
1393 1394 1434
1394 1393 1353
1354 1394 1353
1394 1354 1395
1435 1394 1395
1394 1435 1434
1354 1355 1395
1355 1315 1356
1315 1355 1314
1355 1354 1314
1355 1396 1395
1396 1355 1356
1435 1436 1476
1477 1436 1437
1436 1477 1476
1436 1435 1395
1436 1396 1437
1396 1436 1395
1363 1323 1364
1192 1152 1193
1152 1153 1193
1151 1152 1192
1152 1151 1111
1192 1232 1191
1232 1231 1191
1074 1073 1033
1032 1073 1072
1073 1074 1114
1073 1032 1033
1073 1113 1072
1113 1073 1114
1154 1155 1195
1194 1154 1195
1155 1154 1114
1153 1154 1194
1113 1154 1153
1154 1113 1114
1520 1480 1521
1520 1561 1560
1561 1520 1521
1480 1520 1479
1520 1519 1479
1519 1520 1560
301 260 261
302 301 261
341 301 342
301 302 342
301 300 260
300 301 341
790 789 749
749 789 748
789 830 829
830 789 790
788 789 829
789 788 748
827 828 868
828 869 868
828 829 869
828 827 787
788 828 787
828 788 829
667 707 666
667 626 627
626 667 666
707 667 708
667 668 708
668 667 627
383 342 343
423 383 424
383 382 342
383 423 382
383 384 424
384 383 343
344 303 304
303 344 343
344 384 343
384 344 385
344 345 385
345 344 304
426 386 427
387 386 346
386 387 427
386 426 385
386 345 346
345 386 385
587 546 547
546 587 586
425 384 385
426 425 385
384 425 424
425 426 466
465 425 466
425 465 424
465 464 424
423 464 463
464 423 424
464 465 505
464 504 463
504 464 505
548 588 547
507 548 547
588 548 589
548 507 508
548 549 589
549 548 508
507 467 508
426 467 466
467 426 427
467 507 466
467 468 508
468 467 427
509 510 550
510 509 469
549 509 550
509 549 508
509 468 469
468 509 508
742 741 701
741 742 782
781 741 782
741 700 701
938 979 978
1019 979 1020
979 1019 978
981 940 941
901 902 942
862 902 861
902 901 861
902 862 903
943 902 903
902 943 942
983 984 1024
1023 983 1024
983 943 984
943 983 942
288 248 289
288 328 287
329 288 289
328 288 329
288 247 248
247 288 287
125 126 166
86 126 85
126 125 85
126 86 127
167 126 127
126 167 166
207 208 248
248 208 249
167 208 207
208 167 168
328 369 368
369 328 329
369 409 368
369 410 409
369 370 410
370 369 329
410 411 451
452 411 412
411 371 412
411 452 451
411 370 371
370 411 410
455 454 414
453 454 494
495 454 455
454 495 494
413 454 453
454 413 414
373 332 333
374 373 333
373 372 332
373 374 414
373 413 372
413 373 414
415 455 414
374 415 414
415 456 455
415 374 375
415 416 456
416 415 375
88 129 128
129 88 89
250 290 249
213 214 254
214 213 173
334 374 333
374 334 375
335 334 294
334 335 375
172 132 173
213 172 173
597 637 596
514 515 555
475 515 474
515 514 474
516 515 475
476 475 435
436 476 435
476 516 475
516 476 517
476 477 517
477 476 436
272 313 312
353 313 354
313 353 312
313 314 354
313 273 314
273 313 272
1128 1129 1169
1170 1129 1130
1129 1170 1169
1129 1128 1088
1089 1129 1088
1129 1089 1130
1047 1048 1088
1047 1088 1087
1047 1046 1006
1046 1047 1087
1047 1007 1048
1007 1047 1006
883 924 923
884 883 843
843 883 842
924 883 884
882 883 923
883 882 842
800 840 799
841 840 800
840 839 799
881 840 841
880 840 881
840 880 839
1040 999 1000
999 1040 1039
999 959 1000
595 554 555
514 554 513
554 514 555
594 554 595
553 554 594
554 553 513
552 551 511
512 552 511
552 592 551
553 552 512
837 838 878
877 837 878
685 726 725
767 726 727
726 766 725
766 726 767
686 726 685
726 686 727
402 443 442
485 445 486
485 526 525
526 485 486
485 444 445
1294 1334 1293
1294 1335 1334
1253 1294 1293
1335 1294 1295
1254 1294 1253
1294 1254 1295
1291 1292 1332
1292 1333 1332
1333 1292 1293
1292 1252 1293
1373 1372 1332
1373 1333 1374
1333 1373 1332
1373 1413 1372
1212 1213 1253
1212 1252 1211
1171 1212 1211
1252 1212 1253
1172 1212 1171
1212 1172 1213
1094 1093 1053
1095 1094 1054
1054 1094 1053
1094 1095 1135
1134 1094 1135
1094 1134 1093
927 887 928
886 887 927
928 887 888
846 887 886
847 887 846
887 847 888
806 846 805
765 806 805
806 766 807
766 806 765
847 806 807
806 847 846
684 685 725
684 683 643
644 684 643
684 644 685
684 724 683
724 684 725
1781 1821 1780
1821 1820 1780
1822 1821 1781
1862 1821 1822
1861 1821 1862
1821 1861 1820
1613 1654 1653
1654 1695 1694
1654 1694 1653
1654 1613 1614
1654 1655 1695
1655 1654 1614
1772 1812 1771
1735 1775 1734
1775 1735 1776
1774 1775 1815
1775 1774 1734
1814 1774 1815
1774 1814 1773
1410 1450 1409
1450 1410 1451
1450 1449 1409
1491 1450 1451
1367 1407 1366
1407 1406 1366
1407 1367 1408
1407 1447 1406
1645 1646 1686
1612 1613 1653
1612 1572 1613
1532 1491 1492
1533 1532 1492
1532 1533 1573
1491 1532 1531
1572 1532 1573
1532 1572 1531
1733 1692 1693
1649 1608 1609
1850 1810 1851
1850 1851 1891
1810 1850 1809
1689 1729 1688
1769 1729 1770
1805 1806 1846
1806 1805 1765
1806 1847 1846
1766 1806 1765
1807 1806 1766
1806 1807 1847
1685 1726 1725
1726 1685 1686
1726 1766 1725
1726 1767 1766
1729 1728 1688
1728 1729 1769
1483 1523 1482
1442 1483 1482
1443 1483 1442
1483 1524 1523
1524 1564 1523
1563 1564 1604
1564 1563 1523
1763 1804 1803
1804 1805 1845
1804 1764 1805
1804 1763 1764
1804 1844 1803
1844 1804 1845
1641 1640 1600
1601 1641 1600
1641 1681 1640
1642 1641 1601
1761 1762 1802
1762 1803 1802
1763 1762 1722
1762 1763 1803
1721 1762 1761
1762 1721 1722
1220 1219 1179
1220 1180 1221
1180 1220 1179
1343 1303 1344
1303 1304 1344
1302 1303 1343
1303 1302 1262
1266 1225 1226
1225 1266 1265
1224 1225 1265
1225 1224 1184
1185 1225 1184
1225 1185 1226
1306 1305 1265
1305 1306 1346
1345 1305 1346
1305 1345 1304
1264 1305 1304
1305 1264 1265
1384 1344 1385
1343 1384 1383
1384 1343 1344
1425 1384 1385
1386 1426 1385
1426 1427 1467
1466 1426 1467
1427 1426 1386
1425 1426 1466
1426 1425 1385
1465 1425 1466
1465 1466 1506
1465 1505 1464
1505 1465 1506
1349 1308 1309
1350 1349 1309
1308 1349 1348
1349 1389 1348
1349 1390 1389
1390 1349 1350
1468 1469 1509
1428 1469 1468
1469 1510 1509
1510 1469 1470
1429 1469 1428
1469 1429 1470
1633 1593 1634
1674 1633 1634
1673 1633 1674
1633 1673 1632
1592 1633 1632
1633 1592 1593
1551 1591 1550
1591 1590 1550
1631 1591 1632
1590 1591 1631
1592 1591 1551
1591 1592 1632
1712 1753 1752
1711 1712 1752
1712 1713 1753
1596 1636 1595
1555 1596 1595
1596 1555 1556
1597 1596 1556
1637 1596 1597
1596 1637 1636
988 947 948
947 988 987
1031 1030 990
1030 989 990
1030 1031 1071
1030 1029 989
865 824 825
865 905 864
824 865 864
905 865 906
866 865 825
865 866 906
904 944 903
944 904 945
944 943 903
943 944 984
944 985 984
985 944 945
988 1028 987
1029 1028 988
1027 1028 1068
1028 1027 987
1107 1067 1108
1067 1068 1108
1027 1067 1026
1067 1027 1068
952 912 953
952 993 992
951 952 992
993 952 953
952 911 912
911 952 951
1181 1140 1141
1140 1139 1099
1140 1100 1141
1100 1140 1099
1140 1180 1139
1180 1140 1181
1188 1189 1229
1229 1189 1230
1149 1189 1148
1189 1188 1148
1189 1190 1230
1190 1189 1149
1190 1150 1191
1150 1151 1191
1151 1150 1110
1150 1190 1149
1109 1150 1149
1150 1109 1110
1268 1267 1227
1308 1268 1309
1268 1269 1309
1267 1268 1308
1268 1228 1269
1228 1268 1227
984 1025 1024
985 1025 984
1025 985 1026
1025 1065 1024
1105 1104 1064
1104 1105 1145
1065 1105 1064
1271 1312 1311
1312 1313 1353
1352 1312 1353
1312 1352 1311
1350 1351 1391
1351 1352 1392
1351 1392 1391
1352 1351 1311
1351 1310 1311
1310 1351 1350
1270 1229 1230
1270 1269 1229
1271 1270 1230
1270 1271 1311
1270 1310 1269
1310 1270 1311
1750 1710 1751
1710 1711 1751
1710 1670 1711
1710 1669 1670
1710 1709 1669
1709 1710 1750
736 695 696
654 695 694
735 695 736
695 735 694
621 580 581
540 580 539
580 579 539
580 540 581
620 580 621
580 620 579
737 736 696
697 737 696
777 737 778
737 777 736
307 266 267
347 307 348
307 306 266
306 307 347
676 716 675
716 676 717
716 715 675
674 633 634
592 633 632
633 673 632
673 633 674
1159 1200 1199
1281 1321 1280
1204 1203 1163
1072 1112 1071
1113 1112 1072
1071 1112 1111
1112 1113 1153
1152 1112 1153
1112 1152 1111
1233 1192 1193
1234 1233 1193
1233 1234 1274
1233 1232 1192
504 545 544
545 586 585
544 545 585
545 504 505
546 545 505
545 546 586
506 507 547
506 465 466
465 506 505
507 506 466
546 506 547
506 546 505
899 939 898
939 938 898
940 939 899
939 979 938
1021 1061 1020
982 981 941
982 941 942
982 983 1023
983 982 942
169 168 128
129 169 128
332 292 333
253 213 254
294 253 254
90 130 89
130 129 89
637 638 678
678 638 679
638 639 679
638 598 639
638 597 598
597 638 637
557 516 517
597 557 598
561 560 520
560 561 601
477 518 517
518 477 478
598 599 639
639 599 640
916 957 956
957 997 956
836 877 876
835 836 876
795 836 835
836 837 877
483 524 523
442 483 482
483 523 482
443 483 442
403 363 404
363 403 362
403 402 362
444 403 404
403 443 402
443 403 444
1252 1251 1211
1250 1251 1291
1251 1210 1211
1251 1250 1210
1292 1251 1252
1251 1292 1291
1413 1414 1454
1415 1414 1374
1414 1455 1454
1455 1414 1415
1373 1414 1413
1414 1373 1374
1851 1852 1892
1856 1816 1857
1816 1817 1857
1817 1816 1776
1816 1856 1815
1775 1816 1815
1816 1775 1776
1854 1855 1895
1895 1855 1896
1856 1855 1815
1855 1856 1896
1814 1855 1854
1855 1814 1815
1813 1772 1773
1813 1812 1772
1814 1813 1773
1813 1814 1854
1489 1490 1530
1490 1491 1531
1490 1531 1530
1490 1489 1449
1490 1450 1491
1450 1490 1449
1489 1448 1449
1449 1448 1408
1447 1448 1488
1448 1489 1488
1407 1448 1447
1448 1407 1408
1651 1610 1611
1569 1610 1609
1610 1570 1611
1570 1610 1569
1531 1571 1530
1572 1571 1531
1571 1570 1530
1570 1571 1611
1612 1571 1572
1571 1612 1611
1612 1652 1611
1693 1652 1653
1652 1651 1611
1652 1612 1653
1652 1692 1651
1692 1652 1693
1692 1691 1651
1648 1689 1688
1647 1648 1688
1649 1648 1608
1648 1649 1689
1848 1807 1808
1807 1848 1847
1848 1888 1847
1848 1889 1888
1890 1850 1891
1726 1727 1767
1727 1726 1686
1646 1606 1647
1722 1682 1723
1681 1682 1722
1682 1683 1723
1682 1642 1683
1682 1641 1642
1641 1682 1681
1341 1301 1342
1301 1302 1342
1222 1263 1262
1263 1264 1304
1263 1222 1223
1264 1263 1223
1303 1263 1304
1263 1303 1262
1384 1424 1383
1424 1423 1383
1424 1464 1423
1424 1384 1425
1465 1424 1425
1424 1465 1464
1671 1670 1630
1670 1671 1711
1631 1671 1630
1671 1712 1711
907 866 867
907 867 908
948 907 908
866 907 906
907 947 906
947 907 948
946 986 945
946 905 906
986 946 987
905 946 945
946 947 987
947 946 906
1070 1071 1111
1110 1070 1111
1030 1070 1029
1070 1030 1071
1067 1066 1026
1066 1067 1107
1025 1066 1065
1066 1025 1026
1188 1147 1148
1147 1188 1187
1147 1107 1148
1232 1272 1231
1272 1271 1231
1272 1312 1271
1312 1272 1313
655 656 696
655 614 615
656 655 615
614 655 654
655 695 654
695 655 696
818 777 778
818 858 817
818 859 858
777 818 817
819 818 778
818 819 859
901 860 861
860 901 900
859 860 900
860 820 861
860 819 820
819 860 859
741 740 700
740 741 781
698 657 658
698 697 657
819 779 820
779 819 778
308 309 349
268 308 267
308 349 348
309 308 268
307 308 348
308 307 267
797 798 838
837 797 838
552 593 592
593 553 594
593 594 634
593 552 553
593 633 592
633 593 634
1161 1120 1121
1239 1240 1280
1240 1239 1199
1200 1240 1199
1240 1200 1241
1281 1240 1241
1240 1281 1280
1322 1363 1362
1321 1322 1362
1322 1323 1363
1281 1322 1321
1244 1204 1245
1285 1244 1245
1244 1203 1204
1364 1324 1365
1324 1325 1365
1323 1324 1364
1283 1324 1323
980 939 940
979 980 1020
981 980 940
939 980 979
1021 980 981
980 1021 1020
1103 1062 1063
1061 1062 1102
1062 1103 1102
1021 1062 1061
331 291 332
291 331 290
250 291 290
291 292 332
212 172 213
212 252 211
212 253 252
253 212 213
292 293 333
293 334 333
334 293 294
293 292 252
293 253 294
253 293 252
172 131 132
132 131 91
131 90 91
131 130 90
556 597 596
555 556 596
515 556 555
556 515 516
556 557 597
557 556 516
560 519 520
520 519 479
519 478 479
519 560 559
518 519 559
519 518 478
560 600 559
641 600 601
600 641 640
600 560 601
600 599 559
599 600 640
558 518 559
558 557 517
557 558 598
518 558 517
558 599 598
599 558 559
877 917 876
917 916 876
917 877 918
917 957 916
997 998 1038
1038 998 1039
998 999 1039
957 998 997
484 443 444
484 485 525
524 484 525
485 484 444
484 483 443
483 484 524
1852 1893 1892
1811 1810 1770
1771 1811 1770
1810 1811 1851
1812 1811 1771
1852 1811 1812
1811 1852 1851
1529 1489 1530
1489 1529 1488
1570 1529 1530
1529 1570 1569
1528 1529 1569
1529 1528 1488
1568 1569 1609
1608 1568 1609
1528 1568 1527
1568 1528 1569
1364 1405 1404
1405 1364 1365
1406 1405 1365
1484 1483 1443
1444 1484 1443
1483 1484 1524
1485 1484 1444
1731 1772 1771
1610 1650 1609
1650 1649 1609
1650 1610 1651
1691 1650 1651
1809 1849 1808
1850 1849 1809
1849 1848 1808
1848 1849 1889
1890 1849 1850
1849 1890 1889
1768 1809 1808
1767 1768 1808
1768 1769 1809
1768 1728 1769
1768 1727 1728
1727 1768 1767
1646 1687 1686
1687 1647 1688
1687 1646 1647
1728 1687 1688
1687 1727 1686
1727 1687 1728
1565 1564 1524
1568 1567 1527
1567 1568 1608
1300 1341 1340
1300 1301 1341
1302 1261 1262
1261 1220 1221
1261 1221 1262
1301 1261 1302
1672 1631 1632
1673 1672 1632
1713 1672 1673
1712 1672 1713
1671 1672 1712
1672 1671 1631
1109 1069 1110
1028 1069 1068
1069 1109 1068
1069 1028 1029
1070 1069 1029
1069 1070 1110
1146 1186 1145
1186 1146 1187
1105 1146 1145
1146 1147 1187
1273 1233 1274
1273 1274 1314
1313 1273 1314
1233 1273 1232
1273 1272 1232
1272 1273 1313
740 699 700
659 699 658
700 699 659
699 740 739
698 699 739
699 698 658
740 780 739
780 781 821
820 780 821
780 740 781
780 779 739
779 780 820
738 698 739
737 738 778
738 737 697
698 738 697
738 779 778
779 738 739
716 756 715
1120 1160 1119
1160 1159 1119
1160 1200 1159
1161 1160 1120
1163 1162 1122
1162 1121 1122
1203 1162 1163
1162 1203 1202
1162 1161 1121
1161 1162 1202
1282 1241 1242
1282 1283 1323
1282 1281 1241
1283 1282 1242
1282 1322 1281
1322 1282 1323
1202 1243 1242
1203 1243 1202
1243 1283 1242
1244 1243 1203
1022 1021 981
1022 982 1023
1022 1023 1063
982 1022 981
1022 1062 1021
1062 1022 1063
209 208 168
208 209 249
209 250 249
169 209 168
210 209 169
209 210 250
170 169 129
130 170 129
210 170 211
170 210 169
252 251 211
210 251 250
292 251 252
251 210 211
291 251 292
251 291 250
958 917 918
958 918 959
999 958 959
917 958 957
958 998 957
998 958 999
1853 1813 1854
1853 1852 1812
1853 1854 1894
1813 1853 1812
1853 1893 1852
1893 1853 1894
1772 1732 1773
1732 1692 1733
1732 1733 1773
1732 1691 1692
1732 1731 1691
1731 1732 1772
1729 1730 1770
1730 1771 1770
1730 1729 1689
1730 1731 1771
1605 1646 1645
1605 1645 1604
1564 1605 1604
1605 1606 1646
1605 1565 1606
1565 1605 1564
1525 1484 1485
1484 1525 1524
1525 1565 1524
1648 1607 1608
1607 1648 1647
1606 1607 1647
1607 1567 1608
1260 1300 1259
1219 1260 1259
1220 1260 1219
1300 1260 1301
1260 1261 1301
1261 1260 1220
1106 1105 1065
1106 1066 1107
1066 1106 1065
1147 1106 1107
1146 1106 1147
1106 1146 1105
798 757 758
758 757 717
757 716 717
797 757 798
756 757 797
757 756 716
755 795 754
714 755 754
715 755 714
756 755 715
1200 1201 1241
1241 1201 1242
1201 1202 1242
1201 1161 1202
1201 1160 1161
1160 1201 1200
1284 1244 1285
1324 1284 1325
1325 1284 1285
1284 1324 1283
1284 1243 1244
1243 1284 1283
171 212 211
171 131 172
212 171 172
131 171 130
171 170 130
170 171 211
1487 1447 1488
1528 1487 1488
1487 1528 1527
1486 1487 1527
1445 1485 1444
1445 1444 1404
1405 1445 1404
1445 1486 1485
1731 1690 1691
1650 1690 1649
1649 1690 1689
1690 1650 1691
1730 1690 1731
1690 1730 1689
1486 1526 1485
1567 1526 1527
1526 1486 1527
1526 1525 1485
836 796 837
796 836 795
796 797 837
796 756 797
796 755 756
755 796 795
1487 1446 1447
1447 1446 1406
1446 1405 1406
1446 1487 1486
1445 1446 1486
1446 1445 1405
1525 1566 1565
1566 1607 1606
1565 1566 1606
1607 1566 1567
1526 1566 1525
1566 1526 1567
