5
0.01 0
0.02 0
0.02 0.01
0.01 0.01
0.01 0
81
0.01 0
0.01 0.00125
0.01 0.0025
0.01 0.00375
0.01 0.005
0.01 0.00625
0.01 0.0075
0.01 0.00875
0.01 0.01
0.01125 0
0.01125 0.00125
0.01125 0.0025
0.01125 0.00375
0.01125 0.005
0.01125 0.00625
0.01125 0.0075
0.01125 0.00875
0.01125 0.01
0.0125 0
0.0125 0.00125
0.0125 0.0025
0.0125 0.00375
0.0125 0.005
0.0125 0.00625
0.0125 0.0075
0.0125 0.00875
0.0125 0.01
0.01375 0
0.01375 0.00125
0.01375 0.0025
0.01375 0.00375
0.01375 0.005
0.01375 0.00625
0.01375 0.0075
0.01375 0.00875
0.01375 0.01
0.015 0
0.015 0.00125
0.015 0.0025
0.015 0.00375
0.015 0.005
0.015 0.00625
0.015 0.0075
0.015 0.00875
0.015 0.01
0.01625 0
0.01625 0.00125
0.01625 0.0025
0.01625 0.00375
0.01625 0.005
0.01625 0.00625
0.01625 0.0075
0.01625 0.00875
0.01625 0.01
0.0175 0
0.0175 0.00125
0.0175 0.0025
0.0175 0.00375
0.0175 0.005
0.0175 0.00625
0.0175 0.0075
0.0175 0.00875
0.0175 0.01
0.01875 0
0.01875 0.00125
0.01875 0.0025
0.01875 0.00375
0.01875 0.005
0.01875 0.00625
0.01875 0.0075
0.01875 0.00875
0.01875 0.01
0.02 0
0.02 0.00125
0.02 0.0025
0.02 0.00375
0.02 0.005
0.02 0.00625
0.02 0.0075
0.02 0.00875
0.02 0.01
128
9 1 0
1 9 10
7 17 8
17 7 16
11 1 10
1 11 2
11 3 2
3 11 12
7 15 16
15 7 6
5 15 6
15 5 14
13 3 12
3 13 4
5 13 14
13 5 4
73 63 72
63 73 64
21 13 12
13 21 22
11 21 12
21 11 20
11 19 20
19 11 10
9 19 10
19 9 18
27 19 18
19 27 28
29 21 20
21 29 30
29 19 28
19 29 20
55 63 64
63 55 54
55 45 54
45 55 46
37 29 28
29 37 38
27 37 28
37 27 36
37 45 46
45 37 36
71 79 80
79 71 70
31 21 30
21 31 22
23 13 22
13 23 14
23 15 14
15 23 24
31 23 22
23 31 32
25 15 24
15 25 16
25 17 16
17 25 26
25 35 26
35 25 34
33 23 32
23 33 24
25 33 34
33 25 24
71 61 70
61 71 62
53 61 62
61 53 52
33 43 34
43 33 42
43 35 34
35 43 44
53 43 52
43 53 44
47 37 46
37 47 38
55 47 46
47 55 56
39 31 30
31 39 40
39 29 38
29 39 30
47 39 38
39 47 48
43 51 52
51 43 42
51 61 52
61 51 60
33 41 42
41 33 32
41 31 40
31 41 32
41 51 42
51 41 50
49 39 48
39 49 40
41 49 50
49 41 40
55 65 56
65 55 64
73 65 64
65 73 74
75 65 74
65 75 66
57 49 48
49 57 58
47 57 48
57 47 56
57 65 66
65 57 56
69 61 60
61 69 70
69 79 70
79 69 78
69 77 78
77 69 68
67 57 66
57 67 58
75 67 66
67 75 76
67 77 68
77 67 76
59 49 58
49 59 50
59 51 50
51 59 60
59 67 68
67 59 58
69 59 68
59 69 60
