TITLE = "Written by meshio v4.3.8"
VARIABLES = "X", "Y"
ZONE NODES = 772, ELEMENTS = 1428,
DATAPACKING = BLOCK, ZONETYPE = FETRIANGLE
0.0 2.0 6.123233995736766e-17 1.0 1.0510297176034369 1.1089501985780723 1.167235098659418 1.2237425929432055 1.2757390637588124 1.3272162042515745 1.383550811659064 1.442182843746209 1.5013271432544861 1.559575491088835 1.6153799939317126 1.6667084106314012 1.718353755878283 1.7741212200580505 1.831956455357523 1.8903382792271841
1.9487492072980357 0.9984517737325872 1.0726783722002726 1.1403078133569509 1.2067650453971224 1.2747028007894552 1.3425304666461153 1.4080096386029441 1.4720832392128234 1.5359494306536108 1.6007557257475797 1.6673220658149959 1.7336564830195043 1.798063020879778 1.8617516661715827 1.92700466041229 1.9991351980057084 0.9934112992863782 1.0501802450926978 1.1120157803252673
1.176526896115813 1.24233584064712 1.308665173909781 1.3747337691863553 1.439995432489406 1.5047797263885359 1.5695599762259127 1.6346473521595815 1.6996753017997106 1.7642873109456672 1.8281278460732475 1.890923897941578 1.950181413014733 1.99610779896358 0.9843551460096451 1.034506314443204 1.087382910076282 1.1476548083646745 1.211553222416284 1.276668232234478
1.3420980525353274 1.4075850299869395 1.4728172099828676 1.537819827703604 1.6026326688454826 1.6670969920233398 1.7314122668209766 1.7959879857359609 1.8614803513736313 1.9289281382679289 1.991750257284282 0.9733485414915765 1.0431680581745568 1.1123635516062105 1.1792641877922139 1.2450842710013605 1.3103876930516007 1.3755601518854115 1.4407258358529325 1.5057535959452788
1.5705111824445128 1.6347955184684764 1.6985531493536958 1.7618636780723282 1.8245319798918218 1.8854296080709068 1.94098883802855 1.9849681100072445 0.9582266034882615 1.01998506214522 1.0833697624834306 1.1490741076251463 1.214577655702851 1.2795877318576083 1.344327679617749 1.4090346866199173 1.4737691275261913 1.5383974244387082 1.6027150487293618 1.666540424313723
1.7297471462881748 1.7924520805509814 1.8551610458042058 1.9190710099524144 1.9772716135721544 0.9391487529681294 0.9989262445853457 1.0591416978244914 1.121481434140396 1.185555797253101 1.2497848302644157 1.3138965946440557 1.3779890264056074 1.4421639729946 1.506413906952671 1.570613067638561 1.63456319721271 1.6978430212909426 1.759631549463971 1.8190993350145885
1.8754867198798635 1.927684505004386 0.9753233548146998 1.034696003961015 1.095546727345717 1.1580393913956017 1.2211055610550865 1.2843039683526567 1.3476156249006426 1.4110867125167124 1.4747468816265268 1.538593729116051 1.6026172569825643 1.666756321946452 1.7305708311907826 1.7926774717721359 1.8519157072963457 1.9090704692753582 1.966676009312457 0.9159345889408489
1.009475845434532 1.069234858911187 1.1312541441557111 1.1932766051552468 1.2554350633538114 1.3178361765550637 1.380503491069464 1.4434383706070901 1.5066542761059807 1.5702167424335407 1.6342990733861158 1.6992270677003913 1.7651887843293341 1.8304964079708161 1.8927829432370311 1.9548364231453526 0.890534113466168 0.9519108601016809 1.0426183940477631 1.1044328465361961
1.1656787807608078 1.226848078875491 1.2883591432121855 1.3502398258034158 1.4124440598470338 1.4749385516923108 1.5377440982840098 1.6009831085580912 1.6649778814400455 1.7304753336053227 1.7989158262562268 1.8696806831027817 1.9414665745088846 0.8624370272137546 0.9255576158017512 0.9878478163763857 1.0773884423884832 1.1372159449459525 1.1975844169456118 1.2585159903386007
1.319880521415761 1.3815561667045375 1.4434593767985031 1.5055494085903742 1.5678393389078658 1.6304179725943517 1.6934832031838318 1.757325454533563 1.820986359395995 1.8737343721744681 1.9271829885327623 0.831045803868405 0.8959225514316227 0.9623185557644276 1.0276404907232954 1.101076914201111 1.1647794888957734 1.2269469790183254 1.2887225383318324 1.3504111479385275
1.41208615679833 1.473745690892396 1.5353714880818168 1.5969652307699702 1.6585947040132598 1.7204979816567783 1.7834312647389463 1.8469633812431137 1.90874090223153 0.7973802338468482 0.8642676867367645 0.9322087105344767 0.9982056387266985 1.0611403924758835 1.1294877959607996 1.193927138335588 1.2567454290132096 1.3189031649423442 1.3807289045106723 1.4423091533422925
1.5036181340333865 1.5645561870541107 1.6249409684709362 1.6844544954015743 1.7425543740564509 1.798631963865118 1.8896355360005985 0.7569920244571694 0.8128228348017221 0.8648689197037542 0.917420327235659 0.9752485578899232 1.0350754595356297 1.0961111958136789 1.1607062675576314 1.224381925957941 1.287152425232259 1.3493812259396303 1.4112338334468335 1.4727361118946
1.5338344355613716 1.5944331003661398 1.6544364399816895 1.713855075978217 1.773208544904323 1.8346318632043301 0.7156870652892505 0.7729609275519236 0.8303519758372744 0.8906353653632293 0.9490374851340715 1.0081201035728278 1.0681531856833582 1.1293874393051142 1.1924115615866338 1.2553966326912307 1.31799868623142 1.3802533133160801 1.4421873167949253 1.5037760962650049
1.5649700238545767 1.6257389860789078 1.6861525022308244 1.746568758174674 1.8077933570500881 1.8664417278091512 0.6326282337204031 0.6735190923739894 0.7317232642899143 0.7937065181839518 0.856256705132921 0.9184948089951833 0.9788297534036531 1.0391192813330412 1.0999477212130258 1.1615266696623119 1.2239966793720172 1.2866397972451187 1.3491864377039122 1.4115605603275798
1.473712495111592 1.535590488793286 1.59716602699169 1.6584895003394635 1.7197835584272902 1.7813984439791342 1.8420415535203074 0.5839220247144823 0.637919840917461 0.6933877544068653 0.7574218758910995 0.8217204193110995 0.8853772451819937 0.9478535778998637 1.0090443602770418 1.0700779670134433 1.1313987945632173 1.1931701841502618 1.2554648124736627 1.3180166133121798
1.3806571136787569 1.4432754003164545 1.505777078651586 1.5680931515056198 1.6302191728953697 1.6922704626015437 1.7544228929299268 1.8161555218197916 0.4867220449459101 0.5375465895648118 0.5972966000377905 0.6693519303824216 0.7278732212501339 0.7901216562696848 0.8533063714252334 0.9162385588493429 0.9784119332195467 1.0398902365109188 1.101248295941624 1.1627717540364473
1.2246077720362691 1.2868638666643324 1.3494771748761976 1.412334656863159 1.4752942083396132 1.5382161276690158 1.6010074240665415 1.663671834471307 1.726288415557417 1.7886586648392369 0.33380209451571635 0.3861444010924065 0.43843180918569813 0.5373696820694301 0.5840412008166143 0.6413239782078034 0.7029102904366044 0.7624141265181856 0.823695619091618 0.8857708164794933
0.9478982011638685 1.009697356732275 1.0711743422405098 1.1325880670786712 1.1941203384874115 1.255921482672397 1.318184993115058 1.3809517738102335 1.4441044409087922 1.507434226736212 1.5707275130622917 1.633846537585635 1.696781588389851 1.7594994230760042 0.1722761672392981 0.22833624273626313 0.28258808701775684 0.3773341816396393 0.43440083506657096 0.4897743026571872
0.5423847915878532 0.6118318839432165 0.6735279788039062 0.7348595658771516 0.7954403053321265 0.8566410531706116 0.9182180685993027 0.9798593045165441 1.0413650023306897 1.1027173134194754 1.1640277584897425 1.2254286808307098 1.287091167845011 1.3493672157003158 1.4123374975392253 1.4757931751316065 1.5393851181946996 1.602778608617879 1.6658364916261774 1.7286510844533731
0.0 0.05412660324306689 0.11529818282015471 0.15263135138073558 0.2115660409805053 0.27013814173991707 0.3273618214442322 0.4207809881054787 0.4788238480624971 0.5302245858813689 0.5861475624445288 0.6469878534056626 0.7071657972141521 0.7676987213985228 0.8283412535216197 0.8893753325667385 0.9506495113277484 1.0119903465508204 1.0732693470284331 1.1344386264657291
1.1955307869963776 1.256666234017686 1.3180395106590685 1.3803125597325554 1.4434853147345406 1.5071001532914245 1.5705461654284656 1.6334548418976567 1.6960917465027867 0.052060271955016835 0.09537573205624905 0.11739384506546736 0.18576131450489916 0.24916248815688316 0.310954903573147 0.37280968486947325 0.4382475827520721 0.49514611306486533 0.5572528564139152 0.6177190700389231
0.6786792264751486 0.7392755000186784 0.7999922079660869 0.8608349695397384 0.9218790455372198 0.9830498632949803 1.0442564037920796 1.105391931235904 1.166356226542972 1.2271149644904793 1.2878207759371583 1.3486450876892768 1.4108996921445554 1.4741418603424208 1.537347196333869 1.5996781469748955 1.6617872660818478 0.0 0.054878342021486066 0.10461393137512634
0.16202515896611755 0.22380504460783882 0.2852130397232335 0.3457323956828469 0.4042299230355209 0.46528034686838915 0.5255096311271503 0.5876870733814697 0.6489824657231527 0.7101650837123662 0.7711356127046213 0.8321267544081443 0.8931785987184134 0.9543207863179233 1.0155254017883693 1.076758478268237 1.1378751682020725 1.1986392855803096 1.2589031312146994 1.3189640509258418
1.3787542183159456 1.440996823359222 1.5036123946999842 1.5645803834985752 1.6256676564863701 0.0 0.061651468123698844 0.1316630856667867 0.19439657411927164 0.2564011933525959 0.31714578084082334 0.37633335935299256 0.435397636042851 0.4960873661395172 0.557205229377562 0.6190067059671128 0.6804745751375371 0.7418181709966124 0.8030542154984709 0.8642827295570487
0.9255278139643504 0.9868246505882392 1.0481965026666227 1.1097066007175906 1.171085696228046 1.231743777288898 1.2912635959073004 1.3504912614205655 1.408273727136733 1.4702241081438803 1.5282558675651932 1.5875816342364129 0.0 0.04815303405214689 0.1028045828462309 0.16501847879719578 0.2265624506152419 0.28761180267792424 0.3475933661105426 0.40700478121888617
0.46689949851293755 0.527770400836769 0.5890497841828588 0.6506363412123665 0.7121531812817117 0.773634307598969 0.8350744068760231 0.8964985017756201 0.9579103723824092 1.019406670187116 1.0811074687386715 1.1433779826090946 1.2057568439208783 1.266823240371264 1.3253533435877707 1.384518747389291 1.4376259523890065 1.4902792262165423 1.5471688183457497 0.0
0.0652980633011773 0.13063893894240217 0.19471354849414718 0.2568188741472469 0.3177848938644813 0.37794805785934954 0.43799538148931455 0.4984912974951814 0.5595138577191812 0.620818838405001 0.6823288057551814 0.7439163447214795 0.8055468152157168 0.8671542197133535 0.9287180915362087 0.9902135684071259 1.0518988581665736 1.1140165793412566 1.1777871571438217 1.2428409406848764
1.3065661018142996 1.3651262776223274 1.4367775453971234 1.5035604626569485 0.0 0.0483865406322216 0.10407892435897764 0.1643788853831141 0.22614079039363158 0.28749286829227544 0.34828097801685637 0.40872620202495663 0.4692436077033556 0.5300469277217543 0.5911401433414313 0.6524481017652283 0.7139689217264158 0.7756876380098942 0.8374949395425516 0.8992187402252486
0.9608169243766288 1.0221750724038932 1.083917577121887 1.1461067277001478 1.2116428198227507 1.2806306510476928 1.349679662609608 1.4038330313091942 1.4626776176671235 0.0 0.06570362766012636 0.13078387945096084 0.19398313349275897 0.25633378758370523 0.317903221152719 0.3789388015326609 0.43973090065127024 0.5005346165929132 0.5614648674041917 0.6225793414742343
0.6838990270919737 0.7454860058119934 0.8074181763308431 0.8694436093663229 0.9311800870330322 0.9926511055683767 1.053476920056199 1.1152473323254128 1.1766284248860652 1.2433559445249207 1.3141285888690981 1.3772679835657253 1.4175039578764455 0.0 0.04841851299235909 0.10404347028599645 0.16411222315580987 0.2256048313402499 0.2873442717193585 0.3488135159671641
0.4099589363022824 0.47088823435403065 0.5317570908635506 0.5926890418261586 0.6538168369059496 0.7151502365228821 0.7768033643163325 0.8390735354112197 0.9013844693914904 0.9628876446617255 1.0240735917980819 1.0838248103733632 1.1463494723988172 1.205157001190904 1.2728710295050554 1.3337460191817756 0.0 0.06541802963998052 0.1303447439009628 0.19354629273279528
0.25608749040340356 0.31821758694133634 0.3798867887370581 0.44110035631064126 0.501967770293285 0.5627707381626318 0.6237013468827665 0.6849034357176863 0.7461723706257382 0.8077679227269596 0.8705996120216748 0.933285639842354 0.9938449289558241 1.055059656460959 1.113506179040634 1.1791943471409496 1.2333112047556969 1.2882961851162864 0.0 0.048303796739327526
0.10360022952174155 0.1635394051551864 0.22527302376158462 0.28752442358375535 0.34965033678686674 0.4112628752756442 0.4722146076486726 0.5327471828448372 0.5935473992441362 0.6546378883106189 0.7159947631889738 0.7769089516023979 0.8380336929799401 0.9018214664244444 0.964621009652348 1.021743462310248 1.0862383665079316 1.1414034707295266 1.2389196924391843 0.0
0.06481648448361325 0.12951783120049368 0.19288496075725123 0.2560744679221864 0.3189676224245447 0.38129333417463074 0.44261504326038076 0.5028648430145775 0.5629800567524643 0.6243512323745062 0.6858121476697451 0.7475011971946337 0.8073157641606722 0.8669898562953806 0.9320995105562828 0.9902344776372439 1.0460972496527747 1.1427340815401645 1.1942074090672639 0.0
0.048120906528101394 0.10296739547991063 0.16269031055485156 0.22476051313402828 0.28801401467615134 0.3510488913466841 0.41318292352940456 0.47350653071211773 0.5325179758806328 0.592809029760048 0.6557835702131101 0.7178055037948281 0.7807804579350975 0.8378922618360857 0.8937009256121914 0.9450043345189437 1.0404815658685596 1.0958284021282558 0.0 0.06418590773043607
0.1286935376959296 0.19227701060209224 0.2558028965520869 0.3200864500135049 0.38324660052406606 0.444704092190903 0.5029434655781106 0.561294423084802 0.622404802859701 0.6886019629586546 0.7513279196669599 0.8232042449859758 0.8843424403667384 0.9392766450533445 0.9904403614956139 0.0 0.0479560448203072 0.10294253498199386 0.16318679534625644 0.22493816140665188
0.28767142434478626 0.35251931970266087 0.41477216327502797 0.4744290383985447 0.5314354686413502 0.5897223804324945 0.6511076280412741 0.7211920702583466 0.7803252931578911 0.8303337430859785 0.881208120725714 0.0 0.06574469142671917 0.13208340793021972 0.19514153433288875 0.2568263554208029 0.3184628795804405 0.3833086561087319 0.43968524611966314 0.5040083935372096
0.5618942315415999 0.6189628671488062 0.6766741956424357 0.720762514954356 0.7725827339230709 0.0 0.05328501324373927 0.111983414693041 0.17175535548090493 0.2313775515624764 0.2904367899551516 0.3476159549746442 0.3971075430607301 0.4561045378260984 0.5490732302791701 0.6050387151246913 0.661551775453302 0.04319254456854848 0.09717310984088584 0.15348977213446094
0.21180745458490602 0.27181459161362176 0.334298236807612 0.3758229628908755 0.43381103087087935 0.49585670777881297 0.0 0.06652468919478459 0.12790593272457176 0.1887777139729078 0.24987127136312862 0.31179214422782603
2.0 0.0 1.0 -2.4492935982947064e-16 0.0 0.0 0.0 0.0 0.0 0.0 0.0 0.0 0.0 0.0 0.0 0.0 0.0 0.0 0.0 0.0
0.0 0.05562423509811538 0.05153355774303559 0.05331177904256448 0.05359143854133853 0.05333064388773859 0.053543590779479185 0.05352389712135435 0.05358648930026199 0.053799254208517125 0.054006121845583066 0.05388552836761164 0.054261186790487845 0.05423893922274683 0.05378637613026284 0.05076649881372989 0.058808673634744166 0.11460362319817859 0.10091427306663084 0.1045238259225025
0.10478524362727953 0.1039439381722518 0.10377091806598526 0.10455673782395349 0.10514999084842043 0.10547074864961106 0.10547755949740646 0.10516676017417477 0.10551887974569572 0.1064055903215494 0.1067242748075357 0.10552858962156236 0.09930373377858288 0.12471429315347618 0.17619576193634817 0.15682679851927087 0.15938136459780086 0.15778899271626395 0.1560762229749544 0.15504120642086625
0.1551768128611351 0.15597033300724647 0.1566360499586015 0.1569882761993231 0.15706920261721394 0.15738176611949253 0.1581345816698645 0.15878540671437794 0.15850425583550223 0.1554811903399899 0.18146876482743612 0.22933080206596962 0.21433343445010558 0.21149986885203612 0.2087166725027575 0.20695365054594048 0.2063903096887542 0.20674424356637888 0.20750656557423702 0.20821124312416245
0.2087888374358939 0.20946910789620832 0.21033927888869142 0.2111775813762888 0.21153684492460137 0.21133991378958925 0.21105157980000888 0.24474803830524974 0.2860100983660369 0.2710885141186091 0.2637631827857865 0.260853390546369 0.25887786656325035 0.2579880016719068 0.257964731037622 0.25850025336458576 0.2593004399517433 0.2601972811890684 0.26128610550530024 0.262629530619617
0.2640048751450373 0.26505551506529396 0.2655735046778312 0.2664609036704116 0.3006608823271986 0.34351072734109395 0.33069676972375545 0.32021228880453256 0.3141319254584907 0.3112051828181445 0.3099453970270107 0.3096520142067895 0.3099354167448584 0.31058201606491154 0.31149752352022525 0.31273198376480565 0.314434574509871 0.3166242919972921 0.3188288497797328 0.3204841285271178
0.3212919542958955 0.32326845799928045 0.39077495767780823 0.37888626959522026 0.3698520773630756 0.3645399853334768 0.3624938449681155 0.3618632356632092 0.3618982881118767 0.36231477366568376 0.3630253015280756 0.3640755372886997 0.36564298346204066 0.3680590297755434 0.3715925921027489 0.375467123332036 0.37836326072941434 0.3792945442434991 0.3635732036259399 0.4013275828818126
0.438954628359068 0.42698360017715503 0.41891457825632267 0.4157772099082573 0.4146990120636582 0.4144459818269389 0.41460673334276216 0.4150436705893803 0.415750404303775 0.41682737917359325 0.4185498578371234 0.42154065705810434 0.4267788146560602 0.4331704135187567 0.43591928158587906 0.4226281565919195 0.45491646788506823 0.45154350530212867 0.4858433081792921 0.4733501374514811
0.46959375420060023 0.4681349052177101 0.46757909135239256 0.4674724661110135 0.46764302870085556 0.46803018057388474 0.4686405259601855 0.4695656875902639 0.4710959747482492 0.4740859162447608 0.4808062402802466 0.48989419704963755 0.480320247402437 0.5061643745767788 0.5074595601768398 0.503340605850071 0.5269301039332037 0.523396555484697 0.5219250990200025 0.5211396055724368
0.5207953699129784 0.520744981916349 0.5209041432709487 0.5212246638119175 0.5216897650676743 0.5223475550542662 0.5234581550233894 0.5261410712987403 0.5355282417085304 0.5497817759485073 0.5347576354853962 0.5562039840496618 0.5605936751250901 0.5586494164691387 0.5559433349617293 0.5744653518917401 0.5749524665889103 0.574547425227456 0.5742158305860253 0.5740919273253602
0.5741584670886661 0.5743720155587867 0.5746827102781967 0.5750452903038827 0.5754638122609167 0.5762086780696312 0.5792301402557402 0.602915081146917 0.5972505070306463 0.6034772263063003 0.6130338747337549 0.611283152732852 0.6103380395237988 0.6137697187276684 0.6245396557426571 0.6266699592779165 0.6271318930838637 0.6272857606938049 0.6274671499553867 0.6277536466535601
0.6281396170155003 0.6285832026364411 0.6290295167245614 0.6294570578933188 0.6300431774358651 0.6316019680683687 0.6551927510921729 0.6534241156463667 0.6599706229835721 0.6713024310797672 0.6659660017340203 0.6648249380505625 0.6669225364738545 0.6709230240154187 0.6768025144484724 0.679044262615577 0.6799605160012939 0.6805017047686919 0.6810095776324046 0.6815949764879835
0.6822701179684534 0.6829926045212178 0.6836744792921051 0.6841459152954583 0.6836598672889357 0.6715111633309114 0.698421094023985 0.7122425730969034 0.7206935849409691 0.7242850141261351 0.7212725268223015 0.7214610960499603 0.7237365925631521 0.72672392312359 0.7301238965745187 0.731996249491465 0.7330705340630466 0.7338897488747824 0.7347114056098325 0.735623834915621
0.7366093587257072 0.7375450408611498 0.7381095127434312 0.7373016743806333 0.7305229431032086 0.7186064825012308 0.774455626811377 0.7391698263644949 0.760357828925889 0.7701854796075062 0.7754843228560655 0.777151056275107 0.7764967564184594 0.7775069002419658 0.7794494252551405 0.7815982965143952 0.783751725723172 0.7852374384833071 0.7863406099232997 0.7873667180477035
0.7884753383435905 0.7896897840802862 0.790895708923152 0.7917542842175302 0.7913796189053228 0.7873648568982775 0.7790269026833998 0.8118097492968039 0.8307815021146163 0.8085628744966069 0.8184747521150179 0.8252623657944288 0.8290793929129595 0.8307750634859942 0.8314854645253646 0.8327959237490933 0.8343781785787524 0.8359203294082852 0.837353953026709 0.8385220181934303
0.8396133298773601 0.840810927970415 0.8421790511943963 0.8436354325946711 0.8448819543560452 0.8451993189781298 0.8430997999960037 0.8376031999482101 0.8735568962372581 0.8432340505738841 0.8750078944559788 0.8738527707990814 0.8692533532156707 0.8752247269148464 0.8799549242031182 0.8831016797288707 0.8850004098287597 0.8862921096649405 0.887608299442868 0.8888359383660003
0.8898679357638221 0.8907775109997915 0.8916735321594187 0.892751476530733 0.8941204921639145 0.895742169385026 0.897380835280695 0.8984671521543746 0.8979420056661787 0.8948185183016266 0.9426431783537824 0.9224383456388762 0.8987644567372229 0.9048825290004713 0.9332524254347159 0.9253269135099896 0.9267471071529626 0.9275889016075091 0.9315439435762283 0.9350391271196409
0.9377049311636085 0.9396062767758312 0.9410143127567402 0.942157865077434 0.9429918486978344 0.9434983790497619 0.9439188206302034 0.9445653174497545 0.945667215692644 0.9472675296264252 0.9492068809587327 0.9510432870164227 0.951926633041833 0.9508742189139472 0.9850486902693376 0.9735823335769227 0.9592413528803087 0.9863229975269959 0.9615818336034652 0.9419145590445362
0.975348214206184 0.9820787765278756 0.9804569915918014 0.9823386513640628 0.9844954109540797 0.9875651512733964 0.9903679636193902 0.992663608247605 0.9944215426574102 0.9957090438537214 0.9965605725693845 0.9969243616456585 0.9967956790603985 0.9966823439869711 0.9971188807262056 0.9983636122823584 1.0003839175773532 1.0028627164863437 1.005047887082197 1.005865511993615
1.0493906308378154 0.9985340809513552 0.9933309262468224 1.042647818056458 1.0328392923805725 1.021441005351083 1.0102142646944539 1.0208973439519058 1.0083946498406027 1.0316388056526635 1.0319271496852 1.0351394178208695 1.036219192255133 1.0384200533139298 1.040814861624148 1.0434206953383207 1.0457991228475014 1.0477976315689295 1.0493499607215304 1.0504099337207096
1.0508825597066105 1.0506709565918222 1.049688497899334 1.0489772573640785 1.0493385971695375 1.051031444614585 1.0539215943459608 1.0573120214659892 1.0598456432165608 1.069045657184084 1.0424624400429856 1.0951332123317943 1.0892252522230743 1.08045397838121 1.0707415832807559 1.0603716366562623 1.072490220749835 1.0766362718915026 1.0863664075191566 1.0880564621501665
1.0904081055884411 1.092242499312801 1.094503482329965 1.096841172597493 1.0991583066611137 1.1012446591079001 1.1030007018940577 1.1043482784134824 1.1051555406139744 1.1051789759714599 1.104264808576426 1.102036611797084 1.1007448261705386 1.1014246866286443 1.1042958175388116 1.1087838875240752 1.1128625621738821 1.1045414605248751 1.1267876333773523 1.149933003616198
1.1418154508813063 1.1369152870316885 1.12985826442627 1.122213980877077 1.1223512596199556 1.1307013805553146 1.1359587048409558 1.1412330622217748 1.143627967838766 1.1459628096808223 1.148122617965894 1.150402984033447 1.1526538681662797 1.1547757567739685 1.1566349026590004 1.1581989329460438 1.1594064551747374 1.1600166302454755 1.159514020198918 1.1577624212321782
1.1535676568507174 1.152067548100117 1.154178502601019 1.159681056741555 1.1649912749261742 1.1593786035960472 1.1889933524224328 1.1971881430723466 1.1923205252671445 1.1875593852080142 1.1821107297537612 1.1797172306687247 1.1828741617753746 1.188539750116782 1.1928063191185858 1.196566810468638 1.199157399369389 1.201562596166059 1.203856646668015 1.206136361662387
1.2083029184943899 1.210256270135628 1.211876232325103 1.213292403825405 1.2145269770822404 1.2151276554828527 1.213926450368081 1.2112358647363974 1.2037241165700805 1.2037629653669988 1.2106292110818182 1.2163817470824039 1.2123765825418558 1.2436866662323312 1.2454794524966393 1.2470358560387034 1.2436485251914022 1.2399829652528829 1.2373372847758926 1.2379027314754154
1.241328880541386 1.245464800511165 1.24899176065946 1.2521127519532564 1.254700352126796 1.2571306343156177 1.2594732512349784 1.2617461713548617 1.2638099955165771 1.265540680824871 1.2667615778448604 1.2680404441164974 1.2696607325910079 1.2707004134163764 1.2680938139456694 1.2643870219129933 1.2515775068374408 1.2630662238024537 1.267386542274541 1.2707113923121542
1.2981396262523226 1.2987599028242331 1.298549594038154 1.2961899128091012 1.294097808880035 1.2935958286477076 1.2953758836015279 1.2985039369039717 1.3018715408136763 1.3049315851584091 1.3076979772785544 1.3102027270571046 1.3126314340207033 1.3150072191333708 1.3172919046777736 1.319181651598345 1.3205170273450646 1.3208654231092714 1.3218682935232564 1.3244493977326774
1.3268245632836204 1.3186215424148977 1.3077155925663726 1.3188274849785409 1.3220674054123873 1.351870966096276 1.352009811660842 1.3517683436468568 1.3510915257296265 1.3497455866026722 1.3490978417964943 1.3499179283845404 1.3521406270291416 1.3550361731405667 1.3579969417891093 1.3607189162581892 1.3631985713839778 1.3655999955581708 1.368068717297397 1.3705299522658791
1.372898551162909 1.3744349266096734 1.3750823332976856 1.3735721674628292 1.3738940851529755 1.3779384397475254 1.3834881905738243 1.357206946290423 1.3640286605403964 1.379923523890836 1.405704816507238 1.4054313551359687 1.4049595996435729 1.4044207842220395 1.4039974064668395 1.4044514184717882 1.4060479675681472 1.4085016697408927 1.4112699187710522 1.413949552386706
1.4163390456262883 1.4185050448724994 1.4208476791879374 1.4235137142575671 1.4261921591946491 1.4288335201832962 1.42955512830807 1.4292521415878985 1.4242819128274837 1.4237569997449664 1.4302654159357644 1.450218225456018 1.410915493360468 1.4309191988591852 1.4596689491429262 1.4592240951571624 1.458744284788547 1.4583469132128937 1.458226662913946 1.4586395321020789
1.4599397352662054 1.46208744755702 1.464726911122381 1.4673657216352283 1.4697425962577708 1.47173726093052 1.4735026103258688 1.4759283648726162 1.4791683245063876 1.4822655253017105 1.4855789228700997 1.4841432127029552 1.4831816556697013 1.472541021760037 1.4724021841634751 1.490342764707759 1.4887714198573192 1.5136150127038706 1.5126450960916544 1.5120523613356882
1.5118844369375197 1.512321164398901 1.513546414163728 1.5156169391663126 1.518234218423053 1.5209620744388639 1.5233143316758384 1.5253446476942516 1.5268904274320867 1.5280239737878947 1.530854437913647 1.5355565841944294 1.53914039976867 1.5436774452135413 1.5363789930203071 1.5374633405189462 1.516295648384474 1.5298016013244404 1.5399922929065175 1.568110250338365
1.566803858023659 1.5657414367158573 1.5652396870779572 1.5654750478899229 1.566659758559247 1.5688355365456284 1.5717382444372565 1.574618974665643 1.5771219804431045 1.5789560189954648 1.5808356974560072 1.5818713556153339 1.581735006502384 1.5857034876745255 1.5943297281716575 1.5967478560091464 1.602158340205813 1.5838401095708727 1.5700566855010036 1.5981966118268602
1.6222871033073896 1.6199522352687001 1.6185013055840234 1.618193015514456 1.6191160366029413 1.6214143708641187 1.62491834581423 1.6286354075206422 1.6309507652263566 1.6328140518003558 1.634167404777523 1.6365780956299718 1.6369056967816629 1.6338620704187379 1.6409503442938935 1.6618484017808912 1.6478659106514824 1.6413892953490823 1.6043281036399173 1.650021675001883
1.677676881660704 1.674794429603309 1.6722801960169407 1.6705949519432568 1.6709358531655787 1.6730079951617267 1.677155582505046 1.6826233632994192 1.6862109363905007 1.6859924919337512 1.6878285438402783 1.6887684384586221 1.693482594454472 1.6921302925907902 1.6830246470283639 1.7040176720337707 1.7080392592349012 1.6730690700293975 1.7089675001044888 1.7320922218637766
1.7273766057854227 1.723790637830234 1.7219858911252117 1.7236378294966943 1.7276531189828956 1.735205995212494 1.742927507089144 1.7424293310912808 1.7384397550879798 1.7423691521280555 1.7415632051607641 1.7512692373900838 1.7380484529378561 1.7657178098601523 1.7375350040561597 1.761788107034952 1.7886285336118133 1.783231560906001 1.778008204102535 1.7744499249292356
1.7726770485845447 1.7768735838860945 1.7842066576623852 1.7985598622894032 1.803190676555476 1.7953433943994537 1.787424935206843 1.7978366577041176 1.7890485001114018 1.8194905537245387 1.7954030878794474 1.8220598153100442 1.8422271418868021 1.8332922090360928 1.8286025079475574 1.8249698492494084 1.82260025070493 1.8323708648894368 1.8452502969163072 1.864725167969142
1.8588871359561197 1.8451032291150458 1.8332716215941276 1.8656101942894372 1.844753620200799 1.8759297907832542 1.898780072646878 1.8876124556780522 1.8833803721361866 1.8793978427588613 1.8756043653250039 1.8716358487112539 1.9003743043279027 1.8982583534506043 1.9231532928476602 1.9062864824575196 1.8874186733193525 1.9556589154201611 1.9442990295555023 1.9394959085408618
1.9348540869987085 1.9293906016121376 1.9233481090049438 1.96437193539409 1.952385205202791 1.9375567411951466 1.935307851474626 1.998893310241329 1.9959058275314139 1.9910708110730673 1.9843296973404834 1.9755469264985368
248 247 228
269 247 248
381 410 438
287 265 266
190 191 209
354 329 330
307 329 306
329 307 330
241 221 222
544 518 519
229 248 228
229 249 248
249 229 230
8 9 26
743 744 757
692 691 671
691 692 710
614 636 613
290 268 269
269 268 247
527 500 501
208 226 207
208 190 209
246 208 227
227 208 209
246 226 208
246 227 266
265 246 266
191 190 172
37 54 53
121 104 122
104 121 103
102 85 103
191 172 173
30 14 31
14 15 31
14 30 13
307 308 330
285 263 264
285 307 306
204 223 222
262 243 263
245 265 264
245 246 265
246 245 226
569 543 544
465 492 464
297 298 320
317 318 342
211 229 210
210 229 228
25 7 8
25 24 7
11 12 28
27 11 28
174 157 175
107 123 106
123 140 106
80 64 81
728 744 743
727 728 743
728 727 710
691 670 671
727 709 710
709 691 710
636 659 679
637 638 659
637 636 614
636 637 659
589 614 613
481 454 482
467 494 493
467 493 466
494 520 493
520 494 521
494 495 521
495 494 467
682 661 662
18 34 33
104 105 122
105 139 122
104 88 105
104 87 88
15 32 31
30 47 46
47 64 46
47 30 31
52 69 51
139 138 122
138 139 156
138 121 122
208 189 190
189 208 207
189 172 190
380 353 354
353 329 354
308 286 287
265 286 264
286 265 287
286 308 307
285 286 307
286 285 264
205 223 204
329 328 306
353 328 329
223 242 222
242 241 222
242 223 243
262 242 243
285 284 263
284 285 306
284 262 263
462 490 489
543 517 518
543 518 544
517 490 518
490 517 489
436 437 465
436 465 464
490 491 518
518 491 519
492 491 464
491 492 519
459 431 460
590 589 565
589 590 614
568 569 593
593 592 567
569 568 543
593 567 568
299 298 277
485 457 458
428 457 456
427 428 456
428 427 399
368 341 342
341 317 342
317 295 318
274 295 273
319 297 320
344 319 320
345 344 320
212 213 232
211 230 229
211 210 192
45 29 46
29 30 46
30 29 13
29 45 28
12 29 28
29 12 13
27 10 11
410 439 438
439 466 438
466 439 467
439 440 467
468 495 467
440 468 467
382 381 3
382 410 381
384 413 412
411 384 412
384 383 355
626 627 649
606 607 629
628 606 629
728 745 744
728 729 745
670 669 649
693 673 694
651 628 629
607 630 629
635 612 613
636 635 613
634 635 657
635 634 612
658 635 636
635 658 657
656 634 657
589 564 565
564 539 565
634 611 612
611 610 586
587 611 586
611 587 612
509 481 482
563 562 537
562 587 586
587 562 563
561 562 586
505 531 504
500 473 501
473 474 501
474 473 446
447 474 446
610 585 586
585 561 586
561 585 560
585 584 560
767 746 747
1 767 758
1 758 768
768 758 759
521 546 545
521 545 520
570 546 571
546 570 545
496 468 469
468 496 495
661 681 680
661 680 660
681 699 680
699 681 700
681 682 700
682 681 661
531 530 504
528 527 501
604 627 626
36 21 37
37 21 2
36 37 53
52 36 53
36 20 21
20 36 35
54 71 70
87 71 88
16 32 15
66 67 83
67 66 49
50 34 51
50 67 49
86 104 103
85 86 103
86 87 104
69 86 85
186 205 204
205 186 187
101 100 83
102 84 85
67 84 83
101 84 102
84 101 83
223 224 243
205 224 223
437 408 409
436 408 437
431 430 402
430 401 402
459 430 431
430 459 458
403 431 402
591 567 592
539 540 565
542 568 567
568 542 543
425 396 397
368 398 397
427 398 399
455 483 482
483 455 456
454 455 482
455 427 456
484 483 456
457 484 456
484 485 512
485 484 457
484 511 483
511 484 512
272 251 273
370 400 399
400 428 399
297 296 275
296 274 275
295 296 318
296 295 274
319 296 297
296 319 318
370 343 344
318 343 342
343 319 344
319 343 318
401 372 402
299 321 298
298 321 320
321 345 320
216 215 197
215 216 235
194 213 212
251 231 232
231 212 232
231 211 212
211 231 230
23 5 6
5 22 4
22 23 39
6 24 23
23 22 5
6 7 24
38 22 39
107 89 90
89 107 106
10 26 9
8 26 25
26 10 27
26 42 25
255 254 235
255 256 277
140 158 157
157 158 175
107 124 123
145 162 144
64 63 46
63 45 46
80 63 64
43 26 27
26 43 42
473 445 446
331 358 387
413 441 412
441 440 412
441 468 440
468 441 469
386 356 357
443 414 415
414 386 415
412 410 411
412 440 439
411 383 384
412 439 410
411 382 383
382 411 410
729 730 745
625 624 602
690 670 691
709 690 691
690 669 670
669 690 689
711 728 710
692 711 710
711 729 728
693 711 692
672 693 692
672 692 671
693 672 673
651 672 671
670 650 671
627 650 649
650 670 649
650 627 628
651 650 628
650 651 671
653 630 631
696 714 713
636 679 658
655 656 676
656 677 676
677 656 657
612 588 613
588 589 613
587 588 612
588 587 563
588 564 589
564 588 563
538 511 512
539 538 512
538 563 537
511 538 537
564 538 539
538 564 563
483 510 482
510 511 537
511 510 483
510 509 482
535 561 560
534 535 560
506 505 478
450 451 478
311 336 335
267 290 289
267 268 290
530 503 504
503 530 529
582 557 558
582 606 581
557 582 581
606 582 607
582 583 607
583 582 558
559 534 560
584 559 560
583 559 584
559 583 558
630 608 631
608 630 607
608 583 584
583 608 607
749 761 760
683 682 662
769 759 760
769 768 759
707 688 689
764 772 763
661 641 662
641 642 662
495 522 521
496 522 495
470 443 471
498 470 471
498 525 524
576 552 577
552 576 551
19 35 34
35 52 51
34 35 51
19 34 18
35 36 52
20 35 19
48 32 49
48 47 31
32 48 31
66 48 49
17 33 32
18 33 17
32 33 49
17 32 16
50 33 34
33 50 49
70 52 53
70 69 52
54 70 53
70 71 87
70 86 69
86 70 87
113 112 95
78 96 95
96 113 95
100 117 99
82 99 81
82 66 83
82 100 99
100 82 83
68 50 51
69 68 51
68 69 85
50 68 67
68 84 67
84 68 85
188 189 207
170 188 187
169 170 187
186 169 187
138 137 121
119 101 102
243 244 263
263 244 264
244 245 264
224 244 243
435 436 464
375 348 349
348 375 374
379 380 409
379 353 380
408 379 409
433 434 462
347 348 374
616 591 592
566 590 565
591 566 567
566 591 590
540 566 565
513 539 512
485 513 512
513 540 539
516 517 543
517 516 489
516 488 489
488 516 515
516 542 515
542 516 543
300 279 301
284 283 262
325 302 303
280 279 258
279 280 301
280 302 301
425 426 454
398 426 397
426 425 397
426 398 427
455 426 427
426 455 454
295 294 273
294 295 317
272 294 293
294 272 273
291 290 269
271 272 293
292 271 293
428 429 457
457 429 458
429 430 458
430 429 401
400 429 428
429 400 401
398 369 399
369 368 342
369 370 399
369 398 368
369 343 370
343 369 342
400 371 401
371 370 344
345 371 344
371 400 370
372 371 345
371 372 401
193 174 175
211 193 212
174 193 192
193 211 192
193 194 212
194 193 175
38 56 55
56 38 39
253 254 275
274 253 275
298 276 277
276 297 275
297 276 298
276 255 277
276 254 255
254 276 275
194 195 213
161 143 144
162 161 144
143 161 160
161 178 160
219 239 238
239 258 238
220 239 219
158 140 123
158 123 141
176 141 159
124 141 123
143 126 144
110 93 111
93 110 92
63 62 45
43 60 42
472 473 500
472 445 473
418 447 446
418 389 390
359 389 388
358 359 388
356 385 355
385 384 355
384 385 413
385 356 386
414 385 386
385 414 413
647 646 624
625 647 624
712 730 729
712 693 694
712 711 693
711 712 729
630 652 629
652 651 629
672 652 673
652 672 651
653 652 630
652 653 673
715 714 696
674 695 694
653 674 673
673 674 694
633 611 634
610 633 632
656 633 634
611 633 610
655 633 656
633 655 632
679 678 658
658 678 657
698 657 678
698 677 657
481 508 480
508 507 480
509 508 481
507 508 534
535 508 509
508 535 534
536 510 537
562 536 537
536 562 561
510 536 509
535 536 561
536 535 509
481 453 454
453 481 480
453 425 454
452 453 480
479 452 480
507 479 480
451 479 478
452 479 451
506 479 507
479 506 478
557 532 558
532 557 531
505 532 531
506 532 505
423 452 451
505 477 478
477 505 504
450 477 449
477 450 478
420 449 448
336 362 335
312 336 311
289 312 311
312 289 290
289 288 267
288 289 311
502 528 501
474 502 501
528 502 529
502 503 529
631 609 632
609 585 610
609 610 632
585 609 584
609 608 584
608 609 631
642 663 662
643 663 642
663 683 662
682 701 700
683 701 682
770 761 771
761 770 760
770 769 760
706 688 707
688 706 687
708 707 689
708 690 709
690 708 689
765 764 753
620 643 642
550 525 551
525 550 524
594 571 595
594 570 571
595 617 594
617 595 618
660 640 661
640 660 639
639 617 618
639 618 640
641 640 618
640 641 661
546 547 571
547 546 521
522 547 521
414 442 413
441 442 469
442 441 413
442 414 443
470 442 443
442 470 469
497 498 524
497 496 469
497 470 498
470 497 469
552 526 527
527 526 500
526 552 551
525 526 551
556 557 581
557 556 531
556 530 531
580 556 581
627 605 628
606 605 581
605 606 628
604 605 627
580 605 604
605 580 581
554 528 529
180 163 181
163 180 162
145 163 162
146 163 145
129 112 113
96 114 113
99 98 81
98 80 81
151 133 134
133 117 134
48 65 47
64 65 81
47 65 64
65 48 66
82 65 66
65 82 81
206 224 205
206 205 187
188 206 187
206 188 207
171 170 153
189 171 172
171 188 170
188 171 189
170 152 153
152 151 134
169 152 170
152 169 151
172 155 173
173 155 156
155 138 156
155 137 138
120 102 103
121 120 103
137 120 121
120 137 136
119 120 136
120 119 102
118 100 101
117 118 134
118 117 100
119 118 101
462 463 490
491 463 464
463 491 490
434 463 462
435 463 434
463 435 464
433 405 434
488 461 489
461 462 489
461 488 460
461 433 462
372 373 402
373 403 402
403 373 374
373 347 374
615 637 614
637 615 638
590 615 614
591 615 590
616 615 591
615 616 638
541 542 567
542 541 515
541 566 540
566 541 567
488 487 460
487 459 460
487 488 515
278 299 277
256 278 277
300 278 279
278 300 299
347 323 348
323 300 301
261 242 262
242 261 241
261 260 241
260 261 282
261 283 282
283 261 262
305 284 306
328 305 306
327 305 328
305 283 284
281 260 282
281 282 303
302 281 303
280 281 302
325 350 349
352 327 328
352 328 353
379 352 353
435 407 436
407 408 436
367 368 397
367 341 368
396 367 397
367 340 341
316 294 317
341 316 317
294 316 293
340 316 341
231 250 230
250 249 230
272 250 251
250 231 251
271 250 272
250 271 249
249 270 248
270 269 248
270 291 269
291 270 292
270 271 292
271 270 249
89 72 90
72 73 90
55 73 72
55 56 73
213 233 232
216 236 235
236 255 235
236 256 255
236 237 256
196 178 197
215 196 197
176 194 175
176 158 141
158 176 175
176 195 194
178 179 197
180 179 162
161 179 178
179 161 162
200 199 181
199 180 181
240 220 221
260 240 241
240 221 241
240 239 220
142 143 160
159 142 160
142 141 124
141 142 159
126 109 110
110 109 92
127 110 111
127 145 144
127 126 110
126 127 144
40 23 24
23 40 39
112 94 95
94 112 111
93 94 111
94 93 76
79 63 80
79 96 78
79 62 63
62 79 78
44 27 28
45 44 28
44 43 27
62 44 45
59 60 76
60 59 42
386 387 415
331 387 357
387 386 357
358 388 416
358 416 387
387 416 415
444 443 415
443 444 471
416 444 415
444 416 445
472 444 445
444 472 471
417 416 388
445 417 446
389 417 388
416 417 445
418 417 389
417 418 446
389 360 361
359 360 389
332 358 331
332 359 358
669 648 649
648 626 649
648 625 626
648 647 625
667 688 687
666 667 687
667 666 646
647 667 646
713 714 731
695 713 694
712 731 730
696 713 695
712 713 731
713 712 694
676 697 715
677 697 676
697 677 698
676 715 696
695 675 696
675 676 696
675 655 676
674 675 695
533 506 507
533 507 534
533 559 558
559 533 534
533 532 506
532 533 558
453 424 425
396 424 395
424 396 425
424 453 452
423 424 452
424 423 395
503 476 504
449 476 448
477 476 449
476 477 504
421 450 449
420 421 449
391 419 390
447 419 448
419 418 390
418 419 447
420 419 391
419 420 448
291 313 290
313 312 290
334 311 335
310 288 311
753 763 752
753 764 763
738 752 737
752 738 753
736 721 737
749 750 761
742 727 743
742 743 757
742 756 741
756 742 757
724 706 707
706 724 723
756 755 741
755 740 741
620 597 598
576 575 551
575 550 551
499 525 498
472 499 471
499 498 471
499 472 500
499 526 525
526 499 500
646 623 624
578 602 577
556 555 530
530 555 529
555 556 580
555 554 529
116 98 99
117 116 99
98 116 115
133 116 117
244 225 245
226 225 207
245 225 226
225 244 224
206 225 224
225 206 207
137 154 136
171 154 172
136 154 153
154 171 153
155 154 137
154 155 172
135 119 136
135 136 153
135 152 134
152 135 153
135 118 119
118 135 134
404 403 374
375 404 374
404 405 433
405 404 375
346 372 345
321 346 345
373 346 347
346 373 372
486 485 458
459 486 458
486 513 485
487 486 459
279 257 258
258 257 238
257 237 238
237 257 256
257 278 256
278 257 279
302 324 301
348 324 349
324 325 349
325 324 302
323 324 348
324 323 301
282 304 303
283 304 282
305 304 283
304 305 327
376 375 349
376 405 375
376 350 377
350 376 349
350 351 377
352 351 327
366 396 395
366 339 340
367 366 340
366 367 396
315 292 293
339 315 340
315 316 340
316 315 293
252 274 273
251 252 273
252 251 232
252 253 274
252 233 253
233 252 232
254 234 235
234 215 235
253 234 254
233 234 253
178 177 160
177 159 160
196 177 178
177 196 195
195 176 159
195 159 177
236 217 237
217 236 216
239 259 258
281 259 260
259 280 258
259 281 280
240 259 239
259 240 260
108 124 107
108 107 90
128 129 146
128 146 145
112 128 111
129 128 112
127 128 145
128 127 111
56 57 73
57 74 73
57 56 39
74 57 58
40 57 39
57 40 58
60 77 76
77 78 95
77 94 76
94 77 95
97 98 115
97 114 96
114 97 115
98 97 80
79 97 96
97 79 80
41 40 24
41 24 25
42 41 25
40 41 58
41 59 58
59 41 42
75 74 58
75 93 92
93 75 76
74 75 92
75 59 76
59 75 58
361 391 390
362 361 335
361 362 391
389 361 390
333 360 359
332 333 359
668 648 669
668 669 689
688 668 689
648 668 647
668 667 647
667 668 688
654 631 632
655 654 632
654 653 631
654 674 653
654 675 674
675 654 655
475 447 448
475 502 474
447 475 474
502 475 503
475 476 503
476 475 448
363 362 336
422 423 451
450 422 451
421 422 450
700 717 716
700 716 699
732 717 733
717 732 716
758 747 759
767 747 758
746 732 733
746 733 747
705 706 723
706 705 687
720 721 736
761 762 771
772 762 763
762 772 771
750 762 761
726 708 709
726 709 727
726 742 741
742 726 727
738 739 753
739 738 723
724 739 723
739 724 740
619 641 618
641 619 642
619 620 642
619 597 620
550 549 524
602 601 577
624 601 602
601 576 577
623 601 624
666 645 646
645 666 665
644 645 665
645 644 622
645 623 646
623 645 622
552 553 577
528 553 527
553 552 527
554 553 528
578 553 554
553 578 577
603 625 602
625 603 626
603 604 626
578 603 602
185 186 204
200 201 219
201 220 219
131 114 115
150 133 151
432 461 460
431 432 460
403 432 431
461 432 433
432 404 433
404 432 403
322 323 347
300 322 299
322 321 299
323 322 300
346 322 347
322 346 321
513 514 540
541 514 515
514 541 540
514 487 515
514 486 487
486 514 513
405 406 434
406 435 434
406 407 435
407 406 377
376 406 405
406 376 377
304 326 303
326 325 303
326 350 325
326 304 327
326 351 350
351 326 327
378 352 379
378 407 377
378 379 408
407 378 408
378 351 352
351 378 377
314 313 291
314 291 292
314 315 339
315 314 292
214 233 213
196 214 195
195 214 213
214 196 215
214 234 233
234 214 215
218 219 238
237 218 238
218 200 219
218 199 200
218 217 199
217 218 237
179 198 197
198 216 197
198 179 180
199 198 180
198 217 216
217 198 199
142 125 143
125 126 143
125 142 124
125 109 126
125 108 109
108 125 124
74 91 73
73 91 90
109 91 92
91 74 92
91 108 90
108 91 109
61 62 78
61 60 43
44 61 43
61 44 62
61 77 60
77 61 78
361 334 335
334 310 311
310 334 309
334 361 360
360 333 309
360 309 334
392 420 391
362 392 391
392 421 420
363 392 362
718 734 733
701 718 700
718 701 719
734 718 719
717 718 733
718 717 700
748 734 749
759 748 760
748 749 760
734 748 733
748 747 733
747 748 759
738 722 723
722 738 737
721 722 737
722 705 723
666 686 665
686 666 687
705 686 687
735 734 719
735 750 749
734 735 749
750 735 736
735 720 736
720 735 719
751 736 737
751 752 763
752 751 737
751 750 736
751 762 750
762 751 763
708 725 707
740 725 741
725 724 707
724 725 740
726 725 708
725 726 741
740 766 754
765 754 766
754 765 753
740 755 766
754 739 740
739 754 753
596 595 571
595 596 618
619 596 597
596 619 618
548 547 522
644 621 622
620 621 643
621 620 598
621 644 643
621 599 622
599 621 598
575 574 550
574 549 550
599 574 575
574 599 598
599 600 622
600 575 576
600 623 622
600 599 575
600 601 623
601 600 576
579 578 554
579 555 580
579 580 604
555 579 554
579 603 578
603 579 604
220 202 221
201 202 220
129 147 146
182 200 181
182 201 200
132 116 133
116 132 115
132 131 115
150 132 133
366 365 339
365 366 395
313 337 312
312 337 336
337 363 336
337 364 363
364 393 363
393 422 421
393 392 363
392 393 421
686 685 665
523 497 524
523 522 496
497 523 496
549 523 524
548 523 549
523 548 522
572 596 571
547 572 571
596 572 597
548 572 547
221 203 222
203 204 222
203 185 204
202 203 221
114 130 113
130 129 113
131 130 114
130 147 129
164 163 146
163 164 181
147 164 146
164 147 165
182 164 165
164 182 181
183 165 166
183 202 201
182 183 201
183 182 165
168 169 186
169 168 151
185 168 186
168 150 151
168 167 150
167 168 185
167 149 150
149 167 166
149 132 150
132 149 131
365 338 339
338 314 339
314 338 313
338 365 364
337 338 364
338 337 313
365 394 364
423 394 395
422 394 423
394 365 395
394 393 364
393 394 422
663 684 683
704 686 705
704 722 721
722 704 705
704 685 686
573 548 549
573 574 598
597 573 598
574 573 549
573 572 548
572 573 597
167 184 166
203 184 185
184 167 185
184 203 202
183 184 202
184 183 166
165 148 166
147 148 165
148 130 131
130 148 147
149 148 131
148 149 166
664 644 665
644 664 643
664 663 643
685 664 665
684 664 685
664 684 663
701 702 719
702 720 719
702 701 683
684 702 683
703 684 685
703 704 721
720 703 721
704 703 685
703 702 684
702 703 720
