0.01
0.0101010101010101
0.0102020202020202
0.0103030303030303
0.0104040404040404
0.0105050505050505
0.0106060606060606
0.0107070707070707
0.0108080808080808
0.0109090909090909
0.011010101010101
0.0111111111111111
0.0112121212121212
0.0113131313131313
0.0114141414141414
0.0115151515151515
0.0116161616161616
0.0117171717171717
0.0118181818181818
0.0119191919191919
0.012020202020202
0.0121212121212121
0.0122222222222222
0.0123232323232323
0.0124242424242424
0.0125252525252525
0.0126262626262626
0.0127272727272727
0.0128282828282828
0.0129292929292929
0.013030303030303
0.0131313131313131
0.0132323232323232
0.0133333333333333
0.0134343434343434
0.0135353535353535
0.0136363636363636
0.0137373737373737
0.0138383838383838
0.0139393939393939
0.014040404040404
0.0141414141414141
0.0142424242424242
0.0143434343434343
0.0144444444444444
0.0145454545454545
0.0146464646464646
0.0147474747474747
0.0148484848484848
0.0149494949494949
0.0150505050505051
0.0151515151515152
0.0152525252525253
0.0153535353535354
0.0154545454545455
0.0155555555555556
0.0156565656565657
0.0157575757575758
0.0158585858585859
0.015959595959596
0.0160606060606061
0.0161616161616162
0.0162626262626263
0.0163636363636364
0.0164646464646465
0.0165656565656566
0.0166666666666667
0.0167676767676768
0.0168686868686869
0.016969696969697
0.0170707070707071
0.0171717171717172
0.0172727272727273
0.0173737373737374
0.0174747474747475
0.0175757575757576
0.0176767676767677
0.0177777777777778
0.0178787878787879
0.017979797979798
0.0180808080808081
0.0181818181818182
0.0182828282828283
0.0183838383838384
0.0184848484848485
0.0185858585858586
0.0186868686868687
0.0187878787878788
0.0188888888888889
0.018989898989899
0.0190909090909091
0.0191919191919192
0.0192929292929293
0.0193939393939394
0.0194949494949495
0.0195959595959596
0.0196969696969697
0.0197979797979798
0.0198989898989899
0.02
