0.00551281
0.00546636
0.0054209
0.0053764
0.00533283
0.00529017
0.00524839
0.00520747
0.00516738
0.00512811
0.00508962
0.0050519
0.00501492
0.00497868
0.00494314
0.00490828
0.0048741
0.00484058
0.00480769
0.00477542
0.00474376
0.00471269
0.0046822
0.00465226
0.00462288
0.00459403
0.00456571
0.00453789
0.00451058
0.00448375
0.00445739
0.0044315
0.00440607
0.00438108
0.00435652
0.00433239
0.00430867
0.00428536
0.00426244
0.00423991
0.00421777
0.00419599
0.00417458
0.00415353
0.00413282
0.00411246
0.00409243
0.00407273
0.00405336
0.00403429
0.00401554
0.00399708
0.00397893
0.00396106
0.00394348
0.00392618
0.00390916
0.0038924
0.0038759
0.00385967
0.00384369
0.00382796
0.00381247
0.00379722
0.00378221
0.00376743
0.00375288
0.00373855
0.00372444
0.00371055
0.00369686
0.00368339
0.00367012
0.00365704
0.00364417
0.00363149
0.003619
0.0036067
0.00359458
0.00358265
0.00357089
0.0035593
0.00354789
0.00353665
0.00352557
0.00351466
0.00350391
0.00349332
0.00348288
0.0034726
0.00346247
0.00345249
0.00344265
0.00343296
0.00342341
0.003414
0.00340473
0.00339559
0.00338659
0.00337772
0.00336898
