TITLE = "Written by meshio v4.3.11"
VARIABLES = "X", "Y"
ZONE NODES = 751, ELEMENTS = 1237,
DATAPACKING = BLOCK, ZONETYPE = FETRIANGLE
0.0 2.0 -3.8285686989269494e-16 4.592425496802574e-17 -5.937685876838008e-17 1.0 1.25 1.75 1.05020092193577 1.1007942525032985 1.1537702400987049 1.2034955208963916 1.2941970183721 1.3402112986385528 1.3891267307856603 1.4389860085565864 1.489029238089801 1.5408440635634688 1.5921567762233872 1.6466583125057697
1.6973881756227744 1.8003579710385722 1.8537622650226078 1.904520320487241 1.9551171589875342 0.9985992722622232 1.050387298933456 1.1399152528605498 1.191826910107518 1.2489401534312612 1.2733422964784322 1.2486606338700275 1.3560413303194552 1.4094273917663018 1.4607153887555784 1.5130246221177255 1.564754405257062 1.6115195192348681 1.6541883587664237 1.6996423420106297
1.791372348861446 1.8320924186583345 1.8835482004128572 1.9369608492168284 1.9993396397918088 0.9944601784254474 1.0468114274613054 1.0965846161237784 1.153775740524969 1.2156871762712038 1.2994717834908964 1.3006367504922423 1.382242346967204 1.4330280140975544 1.4885756974173556 1.544542249832589 1.6072669079924324 1.6691032075555252 1.734624601474751 1.7496212791018615
1.793768226114542 1.8452668938331562 1.901230168328256 1.9551404785514044 0.9876916230087234 1.0415184614445683 1.097671603607149 1.1898508541757782 1.241659265932708 1.3356943213085732 1.3264618410117177 1.400962570326451 1.461037480642896 1.516884633483186 1.5728803915678131 1.633747007794681 1.7148952651970808 1.7474480012815252 1.847323178314436 1.8965200336816461
1.9457465452680907 1.997111720694998 0.9780939372115703 1.0313562111663268 1.0860844900023094 1.138795047083471 1.2356206758757176 1.3745325417936491 1.3532987540785009 1.4368302107908977 1.4910379415608637 1.5441705197718483 1.5960778348053497 1.6870109037818302 1.743387351122363 1.8043064057271532 1.855804997494506 1.9018876932216517 1.993730535230613 1.0197497167262684
1.0758785235912596 1.1300376528288594 1.183002817800958 1.2274364920537726 1.4185390094813057 1.46645338225555 1.5166185931998541 1.5653156772588044 1.609572052130285 1.6513975799682443 1.7790089404741625 1.8262231323787563 1.8802605891367083 1.9474110975347694 1.9884888256275444 0.9657168105978313 1.0654405976924477 1.12026929507318 1.1739030845434735 1.217034632583974
1.7372611586249609 1.7805109982314675 1.8307377154637223 1.9374302431663981 1.98221748291512 0.9510928782236558 1.008115284180359 1.058261936900729 1.1109022466990057 1.1637621623908223 1.7301084526370538 1.7767231327874753 1.8286298383423294 1.8786705349033477 1.9287569389450643 1.9746517616587025 0.9335284057945099 0.9881403882600585 1.0392972459690832 1.0961150069962486
1.1504787231860136 1.2042395169432119 1.7214053957841247 1.8105663587648944 1.8676655787549767 1.9208222490227518 1.9657207652165685 0.9135826584157389 0.9683305235314449 1.0209799124692591 1.0766236785132128 1.1339271553557202 1.1891210724307215 1.711157523228612 1.7611214231492385 1.8310553936522187 1.8757453604564873 1.9180965782396397 0.9470423528928866 1.0008862032763661
1.0564270977930958 1.114855437838698 1.171940567857453 1.6984816631686224 1.7413832910140996 1.7841792787993467 1.8545408897919502 1.9068607375357507 1.9547123722732114 0.8914896988096592 0.9791728187228997 1.0341513049071862 1.094922096184217 1.1530219588794164 1.6861378610267295 1.7455046162575074 1.8015844287626723 1.8900308433925816 1.9419916039547112 0.8672356515581251
0.923573018217669 1.0110285257223868 1.0738267751551733 1.1323324518254005 1.6719501064033528 1.7274305542806256 1.7818153165074067 1.8360806889889334 1.928163493252267 0.8406689058886546 0.8971785020129477 0.95410359281701 1.0561253404116417 1.110124425162785 1.65642676996614 1.7121072036437628 1.766321318125483 1.8200842384221896 1.874297178095199 0.8116334357319804
0.8678310237891482 0.9250916812447483 0.9808243858989107 1.0296121157630655 1.0852895927667612 1.6396754837001781 1.6960588640155425 1.751139132118869 1.804933943748539 1.858710247021746 1.9130225790722588 0.7802084577428317 0.8362420476305593 0.8952694270943056 0.951547281340681 1.003731265862104 1.0594883012261884 1.6211473919105104 1.6759551026033068 1.7345144685354568
1.788852452072818 1.8422383882993614 1.8964324322741362 0.7459382732507422 0.8010320520059233 0.8644014967265407 0.9214155082227442 0.9752222182539736 1.0315062110559912 1.6514740147721139 1.7105528628181668 1.770467452316528 1.8239320287458844 1.8782103579936502 0.7105197214894362 0.7651172720717819 0.8317292505795743 0.8898655227143791 0.9441849095003403 1.001579653994437
1.6000133341251044 1.6845535526710174 1.7394638696960791 1.8012325410653238 1.8583047708770433 0.6721040718932917 0.7235797733063448 0.7662730848806988 0.8030340539762351 0.8547110628445284 0.909233069570629 0.9700510187967797 1.5791883137293694 1.6374898068364543 1.7016190855097268 1.7555454942413498 1.8373330125150382 0.591099574632869 0.6325910541740355 0.6845421978960861
0.7334417350665767 0.7842055404200736 0.8139890024459381 0.8598693184305027 0.9378720471974594 0.9931480325300261 1.0437408428852633 1.0927369900173134 1.5564863318553228 1.6122991192162983 1.6669546047292059 1.7278556700637295 1.7868560447394466 0.5043833219099959 0.5477722147031024 0.5980295385119665 0.6422526000561319 0.6944874893731414 0.7461779082938121 0.7999908095185251
0.8380195880782036 0.8938822252872878 0.9343563643876659 0.9823603979288682 1.034767061333558 1.0884419985193252 1.1414604552646077 1.1852581019323947 1.5325897231957528 1.588536461533346 1.6435247886009212 1.6989919130206703 1.7586229140224836 1.8130408070557147 0.411128782754154 0.45859690117628876 0.5047071098813994 0.553356063434618 0.6140856490616962 0.6539229248783278
0.7054576943847072 0.7569150773553927 0.8515883548956366 0.8877027251664782 0.9051699190951897 0.9610769580589315 1.014993772883609 1.070402368426356 1.129614042596064 1.179493396850389 1.2291694396693016 1.5074811794988339 1.563680336761954 1.6196152642242019 1.6754930097341139 1.732020025352486 1.788643798191075 0.3148211596725026 0.36334602349409917 0.4556425559102909
0.49337900215974173 0.5369445419790358 0.578291920378081 0.6648009386152715 0.7150134437701662 0.7650921994421453 0.8069036325735551 0.8448251287417058 0.8793928330970562 0.935362923663425 0.9914267090523567 1.0468582789325085 1.1032049232973136 1.155453883183664 1.2131107216816164 1.2632856564255837 1.4810378183896111 1.5373661471159656 1.5942181964262259 1.6508471137195042
1.7072975358071854 1.763617051901256 0.11190737049376191 0.16256355513271992 0.21420072395327192 0.26464245692370036 0.3035244650820879 0.35467624140604653 0.4052676765178988 0.44627158224808555 0.5353751037089055 0.5809380145237166 0.6248127407820013 0.672615329237214 0.7215942416648902 0.8264807821064355 0.8591981534230364 0.909160890283831 0.9645957022948267 1.0211790490479384
1.076919016880095 1.1309507842864295 1.1866276230482309 1.242015516589576 1.2876554844547148 1.4532097822841719 1.5096211370286265 1.5673831540250285 1.6247331876815656 1.6811221496360953 1.7371980985408733 0.0 0.053298744394229526 0.09337537607716678 0.1470565004788069 0.20007073407059053 0.2527126584174797 0.29528940305827794 0.3438904310246991 0.3956448364044895
0.4399092338862772 0.48888624187944907 0.5804554012873021 0.6276853668541 0.6758632363621121 0.8129794381810374 0.8718724955177231 0.9337216771724357 0.9928961935852344 1.0504491543267798 1.1051345308928282 1.1602220858521668 1.2145293535479724 1.2636608012925454 1.3035266408501813 1.4249334811706564 1.4825141588334223 1.540215149682882 1.5978097361538055 1.6535695931871588
1.7094832501996422 0.0 0.04688064411886695 0.09779710601169637 0.14524888094889526 0.19377876881397355 0.24458919591202025 0.3388801942357427 0.3835038447160186 0.4248191660269775 0.4819749103176985 0.5321089744321041 0.5795240386997057 0.6282481469108387 0.8111007036071728 0.86132738974653 0.9117317410868175 0.9671706367052676 1.0239030963167353 1.080593252681432
1.1355809393496383 1.1925601939437647 1.25316471809474 1.310582057906586 1.392917613052742 1.4424777113935823 1.4875595811893456 1.530994258677152 1.579325321051095 1.628281811935879 1.6805847535277292 0.0 0.04867703800299884 0.09531140745246779 0.14117403051849087 0.19039884854288003 0.23967714067816734 0.2895915457312176 0.38420622023885875 0.4402550914612745
0.4811696608374017 0.5301566815429163 0.8191791151737573 0.8867780587077806 0.9419773639580825 0.9978712806674526 1.0529316715537582 1.1116714731296309 1.163490869643493 1.2185018039146764 1.2672574093873694 1.306869066890757 1.3614911327155015 1.4143822919908793 1.4638476693477165 1.5129248346103883 1.5567637027757086 1.6008919472457184 1.6494940606408757 0.0466495057741773
0.09202182244869525 0.1333166477698022 0.18283063328797391 0.23255694159186077 0.28296359230418294 0.3340168709871103 0.3747730836191966 0.42539465898344037 0.8367073035830197 0.9171312233524969 0.9746834762218494 1.0266833836103264 1.083987512217004 1.1454053983263057 1.1937691466037994 1.242888624884209 1.3059542322286424 1.329705603449816 1.385300871937289 1.4407560150605847
1.498200315515482 1.5573463549087394 1.6151341135355857 0.0 0.05045052208427047 0.10147979925996622 0.16139308377233735 0.21623368238097687 0.26956120705416586 0.3223149429125171 0.8641976993678946 0.9522259065036303 1.0027004973692675 1.0599505694807225 1.1128408866750759 1.1555380188259052 1.1959194985071275 1.262170323915753 1.2965631896099528 1.3523716053562607
1.408845892650179 1.4667993567665245 1.5257629887689304 1.5821744439178014 0.04645768791179127 0.9012083760443186 0.9477095739359429 1.0472228925835407 1.1020737758321772 1.1448434179667715 1.1950670536668673 1.2339550413976188 1.2430554984148856 1.318399738475182 1.3753354771795452 1.433071829269947 1.491114148594957 1.547442468551139 0.0 0.05172322789113399
0.09975015567437595 0.9934855752062539 1.0427742252730092 1.0929992319368464 1.1528642490720389 1.1880152351284956 1.2845387393837482 1.3411307678653142 1.398346803476178 1.4556704314180404 1.5120338447760644 0.05049576215873843 0.09970571870154721 0.14852086566269257 0.18915780801446247 1.1140456254040767 1.1677555700324935 1.205423739814413 1.2666389504007336 1.304398887899054
1.3623360188245286 1.4194350991567313 1.4760550103417847 0.0 0.04926546336771049 0.09683870200086482 0.14247854349301248 0.21969158492265808 1.0733181028592862 1.123158376726367 1.2315846009551583 1.2877035757304796 1.3251170221496384 1.3822518188220525 1.4396587606910178 0.0 0.09587825808119918 0.1399380140796258 0.18032749221702254 0.23976927138955656
1.0321015553724058 1.0800342177046316 1.1632167613455038 1.2021528615982349 1.2529312465778102 1.3056722456825185 1.3440493892904846 1.4031359487555863 0.0 0.04884713368795918 0.09854743136552988 0.14704324504174338 0.19416615971872633 0.949241371280132 0.9906633245690933 1.036728987096636 1.1238061462087852 1.171487896565519 1.2133070694742658 1.2646733344973777
1.3310818560005915 1.3669632307170694 0.0 0.04951088616186695 0.14692252472797512 0.19895207317260322 0.24944505415979848 0.8694046560362654 0.9083708866674096 0.9924591799629005 1.040347506631979 1.0828092843328905 1.1301413996853917 1.1786060670240943 1.2212768225361443 1.2967309349242258 0.0 0.05013196690640145 0.09710072015065371 0.1931827317274465
0.2466773500699188 0.7897284376136485 0.8308795397630266 0.8967982041526198 0.9461876575221096 0.9965545837834111 1.0453451217894427 1.0882074692960773 1.1364263445475216 1.2233523655379017 1.2616433222206578 0.0 0.09480243661984751 0.13936262262210036 0.18182996571192092 0.23031132797444576 0.6963721069141473 0.7439336047361155 0.7941721733720895 0.8471919733724814
0.9091583401362128 0.9520392055189862 1.001774816515219 1.0937124184714573 1.1415689007969123 1.1833148253784291 0.0 0.044301586537929864 0.10299686723470552 0.14324984867978058 0.19825061756589263 0.6001508116716568 0.6477272711399057 0.689196312411041 0.7405394762178307 0.7814865643492853 0.8283585899249943 0.8718816142211944 0.9583121554573822 1.006469947235643
1.0503327850844035 1.0984995414291516 0.05251246174158644 0.10835759215333807 0.15729521053821394 0.45104157989167726 0.5025497682256179 0.5516547890250035 0.5935404648235643 0.642328009599779 0.7277349940244624 0.7679491921232171 0.8218467793945192 0.8697618750492521 0.9162073490480328 0.9625616183119086 1.0544129336788999 0.0 0.05420465420549594 0.22801984727468
0.2819991110030063 0.3356439609133381 0.3899351179572009 0.43570635197943103 0.49466540422510985 0.5445751448756406 0.5854733980078826 0.6356270599225678 0.6847466761750312 0.7297227593845351 0.7840543240275395 0.8692262283129323 0.9166020457448728 0.9632021514703971 1.0095142962198578 0.0438622141944594 0.054621906917167534 0.11142452616629514 0.17032248088388333 0.20753406492289375
0.26122579129128415 0.31318469080085504 0.36432815284138026 0.41167728695121103 0.4688895103300014 0.5337012364133344 0.5799649663205192 0.6303018235662835 0.6800834437156797 0.7718698431850062 0.8258924429377186 0.868308761911638 0.9157550511007918 0.0 0.04833949142715621 0.09419095589020209 0.14894016163440982 0.18928274756002716 0.24038002917818416 0.29147194952987243
0.3416659244693875 0.3906880772717764 0.44298076321263957 0.49601915029437676 0.5346931752393598 0.6243227767755738 0.6741681105159796 0.722570490945222 0.7673586955348433 0.8181136343627519 0.0 0.09223379049571333 0.135285943988065 0.1753591631184604 0.22341452557858374 0.2717875453354037 0.3214624828330045 0.371624927672644 0.4240663945113641 0.47908863962735226
0.519240337211404 0.574806792269395 0.6227962013560616 0.6705385924572653 0.7191923852202133 0.0 0.04624276598956936 0.0907318432080219 0.13473581848598357 0.18545626304791285 0.24448743753012506 0.29820194493711083 0.35082890175726267 0.40410944876978155 0.4599162429541147 0.4847210666225485 0.5296095587884999 0.5747679621502143 0.04412229010861143 0.08873196010904445
0.1399318690459708 0.1954536568619019 0.22839095207836962 0.27935612716043123 0.3315612724775287 0.38336817474379764 0.434729536353929 0.0 0.053926698450147886 0.11391244322157865 0.1675046656108318
2.0 0.0 1.0 1.25 1.75 -2.4492935982947064e-16 -3.061616997868383e-16 -4.286263797015736e-16 0.0 0.0 0.0 0.0 0.0 0.0 0.0 0.0 0.0 0.0 0.0 0.0
0.0 0.0 0.0 0.0 0.0 0.052910239437730995 0.04205444440383954 0.045864160086163196 0.05007208129851934 0.051463512774559905 0.10548120891575472 0.05784999069404417 0.05034596116601627 0.05126346667991243 0.052012133072673536 0.04980154425205985 0.05086563763857173 0.04397516901510584 0.05521965518113491 0.052822823050539564
0.06278833377999737 0.04100400911427718 0.047275703909384924 0.04375163669032267 0.05139070691439295 0.10511400252120237 0.09024944340738932 0.06213142859050663 0.09663455497164546 0.09547419803608417 0.14929311566069647 0.050612966710571916 0.10011059560275916 0.1042911008817153 0.09976652813906736 0.09728849520747286 0.09582076462729675 0.10451539296757961 0.08632089192550248 0.03640576484522472
0.11539146996251894 0.08774828199169143 0.09455253642525943 0.08378147084819779 0.1564137392890847 0.13951409729186995 0.11481692674654095 0.14081483513724666 0.1441605609154218 0.18842410660462108 0.09755100786156232 0.15832116459732748 0.14867622682732556 0.14681111825696475 0.13928612129258308 0.14428961232807685 0.12774985321273874 0.0944747734435123 0.1336927178950556 0.1455680736067369
0.13107212539987295 0.10744661494278923 0.20816399782375605 0.19140347509143366 0.16842868585079832 0.1510792870880379 0.18905434496047563 0.2162357901255887 0.1430452782861885 0.19443504540627932 0.1977342132193039 0.19343632817946255 0.18149679145526454 0.16591239214327247 0.15198863097794793 0.1627714983290372 0.184240251409642 0.19656913543170795 0.15823575098268472 0.24481174267091907
0.22015062076859687 0.20376830097122647 0.19211252785766586 0.23643108504325158 0.23635589060506448 0.24773902485863583 0.2494470331754975 0.24131693331431114 0.22470862331463412 0.1989441448742813 0.1984810354937102 0.2197166295352506 0.2429981214321865 0.18059219224722795 0.21427130081835438 0.2595978461558425 0.2694504720720444 0.2548726779061374 0.2431680622253539 0.285178370658069
0.2107692262477107 0.2506923665185002 0.2683752053759144 0.23339187032708134 0.26610871918380635 0.3089050614545549 0.2996440027052142 0.315904962332068 0.3049523675985119 0.2939181814366391 0.26310595225843714 0.302442923067818 0.31506465774159426 0.29730210075376795 0.28172576510043607 0.31741206684400597 0.35850343872097085 0.3518854246961848 0.358461984672229 0.35485420065158135
0.3446558253803491 0.33512264297176303 0.31506104704533133 0.3578956265440862 0.3521663934818322 0.33307698122885326 0.36870296065584957 0.4066530784858651 0.40320700394242354 0.4047165032769905 0.4018883896324337 0.3942367716227941 0.38534539714548377 0.36666051150638196 0.35318887238682933 0.40368143373254045 0.4025291478045628 0.3840231081307982 0.4527614141229915 0.45268021567110717
0.44980144937388766 0.4416355616165591 0.4348049049975754 0.4214973782598784 0.40448492574504347 0.4063557674671424 0.4514278929890796 0.4409627041760887 0.42320153790130977 0.4530409660464087 0.5014590870828319 0.498603952870495 0.487829913608154 0.4827425425025982 0.46844328750896397 0.456584848151248 0.45416411736205775 0.4921628577258286 0.47819306788096483 0.49789790586680954
0.5000773100436186 0.5497277370838377 0.5320003235860842 0.5294555869410364 0.5168005821376535 0.5064195376760123 0.5019103571010828 0.49956140671911337 0.5312113922810904 0.5415494351137045 0.5455553108319995 0.5481099729899854 0.5752350779340216 0.5745639743814402 0.5645798045799557 0.5562148464827018 0.5506655060656294 0.547863624473137 0.5422535609514427 0.5841670702820395
0.5899350155882022 0.5932319267507303 0.5971767900608597 0.6135839888800656 0.6201987583284552 0.6115262121549552 0.6047543217740401 0.5991841868992508 0.5967180254136569 0.5923787563503832 0.5833906169623598 0.6255195939909093 0.6334838630783387 0.6367944760512275 0.6429104217248021 0.6553295833005474 0.6633133042272299 0.6590759695981558 0.6511909165612496 0.6464774155993418
0.6453961192219174 0.6429847258159618 0.6352511549133971 0.6660150842884123 0.6754967547556499 0.6779854268844581 0.6862690882177014 0.6975935989169906 0.7060417385345668 0.6984807775943068 0.6883023038976877 0.6927485629787561 0.6939580902715226 0.6872596679024344 0.7036772878064022 0.7191810396130247 0.7148596109069026 0.7269931504130314 0.7396988797974466 0.7478891607079112
0.7088422466401583 0.7308013415866134 0.7289282120980785 0.7439344648548079 0.7393939264935983 0.7404566945773784 0.7578000944667308 0.7840836638118936 0.7531471734093119 0.7628564860215961 0.7803176655439882 0.7883533604490625 0.7540983157258678 0.7537933732057731 0.771056518531526 0.7701493678266201 0.7900679724697206 0.806598594636044 0.7744859961154769 0.7956163110881924
0.8198534833561821 0.8437199996159943 0.8051992364058463 0.810563539889402 0.8263752314086177 0.8199484955904095 0.8112333562411593 0.812726556205493 0.7999064312452813 0.7999551870268379 0.8038494308503729 0.8124536689630399 0.8030003575269432 0.8634798576568172 0.8366275161619168 0.8617282572350479 0.8294329627775333 0.8520274250959287 0.8764617937468263 0.8987075304092662
0.861747086378081 0.8356879596709175 0.8771936159285764 0.8687280115919088 0.8614985603119224 0.856795324877698 0.824077598058133 0.8439221829506951 0.8447891691746324 0.8463576834986268 0.8489775613256215 0.851772823527048 0.8515016704309228 0.8443240088679013 0.9115772726385228 0.8886444070782786 0.9204679182701815 0.894917836615035 0.9122224254800854 0.8827993979907863
0.9076546332549952 0.9314403964786774 0.9235872883026512 0.8800476531029489 0.924359311616379 0.9200976345510764 0.9115039363337074 0.9034897449129746 0.8850621841750373 0.8928878331154287 0.8759857917609585 0.8888197193226557 0.8916906766580384 0.8942545422391864 0.8967939363570459 0.8969291271906247 0.8948482347262043 0.9491510087559623 0.9316542637754768 0.9438173929071697
0.9820824661607808 0.9613532015951665 0.9420857888543694 0.9384896980206885 0.963886487965742 0.9885008479271935 0.9546761376192459 0.921287415439156 0.9663897632589216 0.9671497617288997 0.9615884574923977 0.9528871702963766 0.9409264264130144 0.9378315638894428 0.9329771545872885 0.9142261833342765 0.932216166186653 0.9361437917145237 0.9388036801396735 0.9416752809565734
0.9435105163192583 0.9432151897860436 0.9937186424884923 0.986698074662463 0.9767896651060013 0.9643466026244855 1.0032365584470313 0.9857934862028427 0.965810623390856 0.999354034506746 1.0192139365437296 0.9970348308429651 0.9694367898345808 0.9955286665568639 1.0206869012562432 0.9731386689807923 1.0139179922587889 1.0140336015476272 1.009927097533441 1.0030779395388159
0.9936684270116971 0.9873173467498728 0.9819782506960599 0.9774397496608359 0.9559074724178128 0.9750288860713769 0.9801086381987237 0.982504527933556 0.9857439342832371 0.9893878258454147 0.9910311631961799 1.0457257830479258 0.9985786117507217 1.0349554687786608 1.0438047419533882 1.02986670858249 1.0183885255478982 1.0581940447897051 1.0395616158817764 1.0202677467969241
1.050632448939392 1.039539736154946 1.0524371127388512 1.0254693729285675 1.0515269305795891 1.0266858549512499 1.0612952171165728 1.0573887539850408 1.051500585856475 1.0447866054156683 1.0376187518144486 1.0313825842314557 1.028377637471915 1.026559213563676 1.0013653305093033 1.0159057900410229 1.0248596485924673 1.0257879519148196 1.0289028706909749 1.0343300271828344
1.0381074208803578 1.0944153740966216 1.054790295874322 1.0816412691513073 1.1004379694474027 1.0824329806260358 1.0711715090677503 1.09712277359227 1.072951023067372 1.0937529665825494 1.0957800268285498 1.0761958640382876 1.1075431768419606 1.0806499275450387 1.0754949904637414 1.1106624365570246 1.1046423126075802 1.0991703153199979 1.0928881666366907 1.0883110519368924
1.080210322289792 1.0750006796557734 1.0759298678464668 1.0544111050622662 1.0593774224739032 1.065174718238678 1.0764220891115386 1.072641236144722 1.074009177694543 1.0803778128969495 1.0842669810568524 1.1443012301504183 1.1078257125716116 1.1325960957153691 1.1535106433692035 1.1361121066113942 1.124100367888842 1.1122548791466513 1.133570637066663 1.1324009532883565
1.1536792264271813 1.1320043696980162 1.1253664257311888 1.1572201477361068 1.1488773525519305 1.1416576434501644 1.1358028491950634 1.1317430271387463 1.1229838098740197 1.1182910718579955 1.1289913778126441 1.1040327433919859 1.099473462861683 1.1100625920554188 1.1206125764803612 1.1256112834389764 1.1196687255535938 1.1294387662655405 1.1310036887254065 1.1600439801283648
1.185415947269229 1.2037838663600158 1.1890907266264112 1.1777289286318258 1.1661476132217787 1.1523992902825226 1.1924953399466844 1.1753890352170053 1.1717687350250814 1.1987489843802337 1.1911976753662727 1.186583256772879 1.1747357985128177 1.178156330089276 1.1628023350955745 1.1716270369226787 1.164896365915912 1.1377095447231511 1.150721481602128 1.1627959594612847
1.1708489084561196 1.1719807036596332 1.1795515229499804 1.1971008075953085 1.2109294577115106 1.245873930356582 1.2395371202632277 1.2311551464392954 1.2205886922512028 1.2077305484152088 1.2152644955673304 1.2362266736149352 1.2425822351297247 1.2223098190864041 1.2140988240039468 1.2413219587245181 1.211689146421823 1.2121988588620283 1.1753399063030516 1.1886095882320789
1.2010801900252712 1.2109180349659185 1.216891973868111 1.2234067308190664 1.254354557880895 1.253209191088473 1.283689682039586 1.2675882793105167 1.2609647113459252 1.2960602165152193 1.2784031982281618 1.2409089232531938 1.2951665911058576 1.2259783012910153 1.2386409312410123 1.2498100112852033 1.2587197273698112 1.2670524087520443 1.2962003853559583 1.306677425367959
1.2707623363342364 1.3014662630133667 1.3100195367885483 1.3085597183468942 1.3165880233435074 1.2757896394021235 1.2635762754041746 1.2759209521754753 1.2880338447297104 1.2989416854731974 1.3091041411024997 1.3600051822210375 1.32822772202192 1.298899148527898 1.3365395348496651 1.3495933997015692 1.3730672057680189 1.331673927566021 1.3436214473119317 1.3116638614699538
1.3253483523287366 1.3379009510933164 1.3495412577779589 1.342776875067232 1.4142315186687389 1.3866036892141533 1.3591790052111894 1.3806869348555215 1.3822041274987362 1.4058827359302313 1.3778747147902302 1.3950363229203546 1.3609123442633801 1.3755642392518102 1.3883020754740671 1.391741586644926 1.4441142810872485 1.4201995286593436 1.3976034971873013 1.4292137266320566
1.4132467510657367 1.4391529878057179 1.4389806690698004 1.4139441398238675 1.4319105439819466 1.4482956785161933 1.4118391594500934 1.4252050762292983 1.442336495418851 1.4678629809984731 1.497994400399029 1.4737979653980648 1.4501989531996744 1.4701839405496904 1.4425970252824285 1.4709174546711377 1.468472461417221 1.4961780566453688 1.4667570393968812 1.4858367660511447
1.4927227112313997 1.459935452637394 1.4935566049147282 1.5194567379402453 1.527003196689025 1.503243971285305 1.4833517281613002 1.5187611873044635 1.4957815122052633 1.5012808412954415 1.5285527318094956 1.4987807664327004 1.5265872089973422 1.5529880830820164 1.5210041148841469 1.5226584917211552 1.5445858714271345 1.5699721164990057 1.5526552882320683 1.5553445090658635
1.5406236995174343 1.5616750605757606 1.5401750518701378 1.5598279772180084 1.5306741363188678 1.5570404379694813 1.585413035597567 1.5565359240903829 1.584041835505451 1.5822164800471588 1.551855704469981 1.595135104767657 1.6131885973718676 1.5813992366799394 1.6056920839140982 1.597245525381106 1.605479955873617 1.5840021438572387 1.6128489951986034 1.5911715765994847
1.610165701794647 1.5839963325058275 1.612975878473309 1.6138186996622599 1.642199879653305 1.6123789951619991 1.648002885231642 1.6163196576894048 1.6721507771348842 1.6399221054276676 1.6523046047719576 1.6438731712786883 1.6257150372133644 1.6590875766523778 1.6364301727846478 1.6663817665314442 1.6538316885805606 1.6379894519293967 1.6398087317858714 1.6696439410305866
1.642309358461493 1.67131647436383 1.660177746247719 1.725296764785318 1.6943147362958841 1.6908759544120378 1.6762886775422596 1.6607760215470895 1.699371892916704 1.6816626999684787 1.6904964261189945 1.7117694533252232 1.7118130830387743 1.6921137087495597 1.6677800570914363 1.696912318671046 1.6994744379632944 1.6984580601185228 1.705451720709731 1.7350812514832934
1.7271295554744914 1.7175107369394829 1.7060042801188116 1.7307173758123073 1.727739104129076 1.716162004350489 1.7547737818139488 1.737119875247091 1.717865228903435 1.7522342592198314 1.751707980396574 1.7456787794943593 1.7229220795967402 1.7527811088104521 1.7265227730116173 1.7892432764344177 1.749147348648687 1.746449133232519 1.7416917788476696 1.7802723826246127
1.7787650301876516 1.7714701326825417 1.7620495088279031 1.7686226968855157 1.7675933433262472 1.7711318580217494 1.8085528987966675 1.7917256955843868 1.7731195020215331 1.7962855338653956 1.7719800293162629 1.8016769671579527 1.7780305639621008 1.8027561172824194 1.8351597024233879 1.7983961127437276 1.7861159219606604 1.8232785699355416 1.8288131347364291 1.825404440954147
1.8176545902572823 1.8155686696151634 1.8123781832504156 1.8049497670531696 1.8322659970223785 1.8463056491918042 1.829129726730369 1.8094383703793229 1.846932763363914 1.8250178303977662 1.8537393447644257 1.8572696423643804 1.8344398096488512 1.8656059390144757 1.8783625012634895 1.8788008183758909 1.87242844566725 1.8663426761481776 1.8604873396949493 1.8522357636522937
1.8838114300747466 1.8653161435036538 1.9005590997326183 1.8842446752015594 1.8662160413631808 1.9046211654289065 1.8865561041913432 1.9114572966773637 1.8915587726040386 1.91219785821904 1.9310901225962773 1.9269807246631803 1.9189556687295597 1.910278897164968 1.8997374779125074 1.9403725125790408 1.9286040846269743 1.9156309116543537 1.941468999409925 1.95949095613037
1.9452586845365167 1.9542916485198991 1.9869165994094307 1.9803939391489573 1.972325308511018 1.9629133558549166 1.9521808907530822 1.9546553384364542 1.9992728456101898 1.9967533536416786 1.9929732027798577
658 643 659
627 643 658
739 748 726
5 658 659
677 5 659
5 676 694
373 403 372
598 613 628
598 612 597
544 519 520
490 465 466
630 613 614
643 613 629
628 643 627
612 628 627
598 628 612
346 377 345
377 346 347
461 462 486
559 535 548
534 535 547
544 520 532
736 721 737
686 666 667
647 665 646
665 647 666
686 665 666
213 200 201
170 181 180
749 748 739
749 1 748
347 346 318
377 347 378
403 402 372
373 372 3
402 433 432
433 402 403
433 460 432
460 484 432
460 433 434
485 460 461
460 485 484
532 545 556
505 519 4
505 520 519
485 4 484
485 505 4
584 570 571
599 614 613
598 599 613
585 614 599
584 599 598
489 465 490
467 490 466
633 634 650
647 648 666
721 722 738
721 738 737
23 24 43
45 25 2
78 60 41
60 22 41
78 41 61
179 168 169
111 122 121
212 200 213
382 321 351
236 235 224
309 288 310
311 310 288
444 491 469
506 470 492
506 491 470
341 342 371
430 431 459
458 430 459
483 504 482
483 458 459
517 516 502
615 614 600
727 739 726
347 379 378
406 437 436
344 375 343
433 403 404
460 434 461
405 434 404
433 404 434
559 548 560
559 547 535
572 571 557
558 559 573
559 558 547
520 533 532
534 533 521
533 520 521
532 533 546
597 584 598
597 583 584
583 570 584
570 583 569
545 569 556
532 556 544
571 585 599
585 572 586
585 586 600
572 585 571
571 599 584
585 600 614
463 435 436
487 463 488
710 690 691
617 634 633
650 649 632
747 735 736
670 689 669
707 708 725
725 708 709
707 725 724
708 690 709
708 689 670
689 708 707
625 642 624
710 709 690
63 62 43
63 80 79
61 95 78
111 95 96
95 111 121
62 41 42
42 22 23
42 23 43
42 41 22
62 61 41
62 42 43
61 96 95
62 79 61
61 79 96
63 79 62
97 79 80
79 97 96
97 98 113
98 97 80
135 134 113
135 146 134
146 136 147
146 135 136
125 135 124
135 125 136
97 112 96
112 111 96
112 97 113
112 122 111
35 16 17
18 36 17
36 35 17
185 186 196
186 197 196
197 186 187
217 204 205
204 217 216
204 193 205
412 351 383
382 350 321
297 320 296
296 320 295
350 320 321
320 350 349
295 349 319
295 320 349
237 226 238
159 170 148
141 153 152
141 142 153
282 304 281
309 287 288
330 331 359
364 336 365
565 552 566
568 554 555
567 552 553
553 552 539
539 552 551
492 507 506
387 388 417
416 387 417
416 443 415
340 315 341
269 290 289
316 342 341
315 316 341
430 400 431
400 401 431
426 396 397
429 430 458
480 481 502
481 456 482
428 456 427
517 518 531
615 616 631
629 659 643
629 644 659
643 628 613
645 629 630
615 630 614
630 629 613
630 615 631
645 630 631
645 644 629
711 727 726
750 741 751
741 742 751
742 743 751
681 660 661
379 408 378
374 404 403
373 374 403
374 373 343
374 375 404
375 374 343
377 376 345
376 344 345
407 376 377
376 375 344
572 573 586
573 560 587
586 573 587
558 573 572
573 559 560
558 546 547
533 547 546
532 546 545
533 534 547
437 464 436
489 464 465
464 489 488
464 437 465
463 464 488
464 463 436
462 487 486
461 486 485
435 461 434
435 462 461
462 463 487
463 462 435
632 649 648
650 632 633
442 441 411
706 688 707
688 689 707
688 706 687
720 704 705
735 721 736
720 735 719
735 720 721
687 705 686
705 722 721
705 704 686
720 705 721
722 705 687
722 687 706
706 724 723
722 706 723
706 707 724
722 723 738
626 594 610
626 625 609
693 692 672
692 710 691
64 45 82
110 76 94
110 93 76
39 21 40
60 21 8
60 8 22
60 40 21
39 20 21
40 59 58
59 40 60
40 58 39
57 58 76
98 124 113
114 99 115
115 124 114
115 125 124
114 98 80
98 114 124
147 158 146
158 147 169
168 158 169
157 158 168
145 158 157
223 210 211
223 222 210
144 156 166
113 134 123
135 113 124
133 123 134
132 123 133
112 123 122
123 112 113
6 9 27
30 12 7
67 66 47
66 67 85
37 18 19
37 57 56
37 36 18
36 37 56
93 108 92
93 109 108
109 93 110
207 220 219
232 220 221
256 255 243
255 242 243
175 186 185
167 157 168
157 167 156
210 199 211
222 209 210
209 222 221
217 229 216
182 172 183
193 182 183
201 190 191
200 190 201
192 181 171
203 182 204
182 193 204
214 226 213
214 213 201
214 202 215
202 214 201
252 239 240
413 412 383
412 442 411
412 413 442
382 412 411
412 382 351
235 247 246
212 225 224
225 236 224
225 212 213
226 225 213
237 225 226
225 237 236
162 151 152
102 101 85
218 206 219
206 207 219
153 163 152
162 163 174
163 162 152
254 230 242
230 218 219
218 230 241
130 120 142
130 141 129
141 130 142
194 193 183
193 194 205
184 194 183
567 568 582
582 581 566
582 566 567
568 567 554
567 553 554
567 566 552
562 561 549
358 330 359
358 388 387
388 358 359
475 474 449
387 416 415
387 415 386
340 314 315
316 317 342
273 256 244
294 273 257
401 370 371
370 341 371
370 340 341
340 370 369
400 370 401
370 400 369
542 543 555
478 500 499
367 366 337
516 501 502
501 480 502
457 429 458
458 483 482
458 482 457
429 457 428
457 456 428
456 457 482
455 480 454
426 455 454
455 426 427
480 455 481
455 456 481
456 455 427
503 481 482
504 503 482
481 503 502
503 517 502
503 518 517
518 503 504
586 601 600
601 586 587
616 600 601
616 615 600
749 740 750
740 749 739
739 727 728
740 741 750
743 731 744
746 745 733
662 682 661
682 701 700
681 682 700
682 681 661
348 319 349
348 347 318
319 348 318
348 379 347
348 380 379
380 348 349
380 350 381
381 382 411
382 381 350
380 349 350
407 406 376
407 377 378
407 437 406
438 378 408
405 435 434
435 405 436
405 406 436
375 405 404
406 375 376
406 405 375
572 557 558
545 557 570
570 557 571
545 570 569
557 546 558
546 557 545
642 641 624
673 693 672
673 674 693
385 354 355
468 467 439
440 441 468
649 666 648
686 667 687
649 667 666
667 688 687
701 717 700
717 716 700
718 717 701
717 718 733
704 685 686
685 665 686
718 702 719
702 718 701
564 565 579
579 578 563
609 624 608
609 625 624
581 580 566
580 581 596
565 580 579
580 565 566
611 580 596
580 595 579
626 609 594
595 578 579
610 595 611
595 594 578
611 595 580
610 594 595
114 81 99
99 81 82
63 81 80
114 80 81
64 81 63
81 64 82
44 24 25
45 44 25
24 44 43
44 63 43
64 44 45
44 64 63
58 94 76
77 58 59
58 77 94
145 146 158
145 157 156
146 145 134
145 133 134
145 144 133
144 145 156
132 122 123
122 132 131
122 131 121
144 132 133
28 10 11
128 139 127
101 117 100
117 128 127
39 58 57
38 20 39
20 38 19
39 57 38
37 38 57
38 37 19
57 75 56
75 57 76
93 75 76
75 93 92
74 75 92
75 74 56
55 36 56
36 55 35
55 74 73
74 55 56
107 92 108
107 91 92
74 91 73
91 74 92
223 234 222
244 256 243
273 244 257
232 244 243
244 245 257
254 241 230
255 254 242
165 164 154
155 165 154
164 165 176
177 188 187
197 208 196
220 208 221
208 207 196
208 220 207
208 209 221
209 208 197
267 285 266
228 215 216
239 228 240
228 229 240
229 228 216
159 171 181
159 181 170
182 171 172
192 171 182
202 203 215
203 204 216
215 203 216
203 192 182
239 251 238
252 251 239
247 236 248
247 248 261
247 235 236
162 161 151
67 86 85
86 102 85
207 195 196
195 185 196
206 195 207
242 231 243
231 232 243
220 231 219
231 220 232
230 231 242
231 230 219
130 119 120
130 129 118
311 335 310
335 336 364
336 335 311
391 361 362
285 284 266
283 305 304
524 509 510
477 451 452
509 495 496
302 327 326
469 443 416
444 470 491
444 416 417
469 416 444
445 444 417
444 445 470
445 471 470
471 492 470
471 445 446
445 418 446
388 418 417
418 445 417
357 358 387
357 386 356
386 357 387
339 340 369
339 314 340
292 316 315
530 517 531
543 530 531
517 530 516
530 529 516
530 542 529
542 530 543
542 541 529
542 554 541
542 555 554
541 528 529
426 425 396
453 425 454
425 426 454
400 399 369
399 400 430
429 399 430
397 428 427
366 397 396
426 397 427
367 397 366
529 515 516
528 515 529
501 515 500
515 501 516
735 734 719
718 734 733
734 735 747
734 718 719
746 734 747
734 746 733
437 438 465
465 438 466
438 407 378
407 438 437
690 670 671
708 670 690
637 620 638
637 653 636
635 618 619
617 635 634
618 635 617
641 657 640
657 641 642
607 641 623
623 641 640
656 673 655
621 655 638
302 326 325
302 301 279
297 321 320
297 296 274
409 408 379
380 409 379
669 668 650
668 649 650
668 669 689
688 668 689
667 668 688
668 667 649
732 731 716
745 732 733
732 745 744
731 732 744
717 732 716
732 717 733
664 663 646
663 664 684
665 664 646
685 664 665
664 685 684
663 683 662
683 682 662
682 683 701
683 663 684
702 683 684
683 702 701
703 685 704
703 720 719
720 703 704
685 703 684
702 703 719
703 702 684
563 578 577
562 549 550
577 562 550
579 563 564
592 562 577
562 576 561
590 576 591
576 575 561
608 593 609
578 593 577
594 593 578
593 594 609
155 143 132
143 155 154
155 132 144
132 143 131
10 27 9
6 27 26
48 10 28
48 27 10
29 30 50
12 29 11
29 12 30
29 28 11
106 90 91
106 91 107
91 90 73
51 89 70
140 141 152
151 140 152
141 140 129
140 128 129
140 139 128
139 140 151
126 116 127
100 127 116
100 117 127
116 83 100
137 149 148
149 159 148
101 84 85
83 84 100
84 101 100
84 66 85
84 65 66
65 84 83
233 232 221
222 233 221
234 233 222
233 234 245
244 233 245
233 244 232
270 290 269
176 177 187
186 176 187
175 176 186
164 176 175
199 188 178
199 189 211
198 199 210
198 197 187
209 198 210
198 209 197
198 188 199
188 198 187
287 286 268
286 308 285
309 286 287
308 286 309
267 286 285
286 267 268
227 239 238
226 227 238
227 214 215
214 227 226
227 228 239
228 227 215
191 190 180
181 191 180
201 191 202
192 191 181
202 192 203
202 191 192
265 283 282
282 264 251
265 251 252
282 251 265
237 249 236
249 248 236
172 173 183
173 184 183
184 173 174
173 162 174
173 161 162
161 173 172
69 68 50
68 69 87
49 86 67
103 68 87
119 104 120
103 86 68
103 87 104
86 103 102
103 119 102
119 103 104
118 117 101
117 129 128
102 118 101
117 118 129
130 118 119
119 118 102
334 309 310
335 334 310
474 448 449
330 306 331
284 306 283
306 305 283
305 306 330
392 391 362
364 395 394
364 365 395
393 394 423
394 393 364
524 523 508
475 476 497
498 512 497
498 476 477
476 451 477
539 551 538
565 551 552
564 551 565
551 537 538
497 496 474
511 496 497
496 511 510
497 474 475
496 495 474
509 496 510
493 522 507
524 508 509
508 523 522
389 388 359
389 418 388
329 356 328
313 312 289
290 313 289
314 313 290
339 313 314
317 293 294
293 317 316
293 273 294
292 293 316
513 539 538
513 538 526
513 540 539
540 553 539
553 540 541
540 527 528
541 540 528
553 541 554
480 479 454
479 501 500
478 479 500
501 479 480
453 479 478
479 453 454
368 339 369
399 368 369
527 514 528
500 514 499
514 515 528
515 514 500
739 728 740
740 728 741
716 699 700
699 681 700
653 691 671
672 692 691
653 672 691
690 671 691
620 602 603
619 618 602
635 619 636
620 619 602
637 619 620
619 637 636
634 669 650
634 651 669
651 670 669
635 651 634
607 608 624
607 624 641
654 673 672
653 654 672
654 637 638
637 654 653
654 655 673
655 654 638
640 675 656
656 639 640
674 656 675
640 657 675
656 655 639
656 674 673
355 325 326
354 325 355
302 325 301
383 414 413
383 384 414
384 385 414
322 351 321
323 322 298
322 297 298
297 322 321
274 298 297
274 275 298
468 439 440
466 438 408
439 467 466
466 408 439
410 439 409
409 439 408
410 381 411
411 441 440
381 410 409
411 440 410
381 409 380
410 440 439
66 65 46
26 47 46
67 47 48
66 46 47
27 47 26
47 27 48
54 55 73
55 54 35
71 52 33
51 71 89
71 51 31
90 106 105
90 105 88
70 72 88
70 89 72
138 126 127
139 138 127
138 137 126
138 149 137
160 161 172
171 160 172
160 171 159
149 160 159
254 253 241
270 253 254
253 270 269
291 314 290
314 291 315
291 292 315
270 291 290
156 177 166
144 166 155
156 167 177
166 165 155
166 176 165
176 166 177
178 167 168
178 168 179
167 178 188
167 188 177
199 178 189
189 178 179
281 263 264
28 49 48
49 67 48
49 29 50
29 49 28
49 68 86
68 49 50
420 448 447
333 308 309
334 333 309
361 333 362
333 334 362
332 333 361
333 332 308
308 307 285
307 284 285
332 307 308
307 332 331
307 306 284
306 307 331
334 363 362
393 363 364
363 335 364
363 334 335
392 363 393
363 392 362
422 393 423
422 392 393
423 452 451
423 424 452
424 394 395
394 424 423
537 550 536
577 550 563
536 550 549
537 563 550
564 537 551
537 564 563
494 495 509
508 494 509
332 360 331
331 360 359
360 332 361
360 389 359
329 305 330
358 329 330
357 329 358
329 357 356
280 327 302
272 255 256
273 272 256
272 293 292
293 272 273
498 497 476
512 511 497
312 338 337
313 338 312
338 367 337
338 313 339
368 338 339
338 368 367
398 399 429
397 398 428
398 429 428
398 397 367
398 368 399
368 398 367
677 676 5
678 679 697
698 713 697
731 743 742
731 742 730
651 636 652
671 652 653
653 652 636
652 671 670
651 635 636
651 652 670
620 621 638
621 639 655
606 607 623
607 606 591
593 592 577
592 576 562
576 592 591
592 593 608
591 608 607
591 592 608
279 278 261
301 278 279
299 323 298
384 354 385
384 353 354
16 34 15
34 16 35
54 34 35
34 54 53
72 54 73
53 72 89
90 72 73
54 72 53
88 72 90
53 89 71
52 7 13
150 138 139
150 139 151
161 150 151
138 150 149
150 160 149
160 150 161
251 250 238
250 237 238
250 251 264
250 249 237
250 263 249
263 250 264
248 262 261
262 279 261
248 249 263
248 263 262
418 419 446
446 419 447
389 419 418
419 420 447
451 450 423
450 476 475
450 475 449
476 450 451
450 422 423
422 450 449
421 420 391
448 421 449
392 421 391
420 421 448
422 421 392
421 422 449
495 473 474
448 473 447
473 448 474
494 473 495
471 493 492
493 507 492
493 508 522
493 494 508
305 329 328
282 281 264
283 304 282
305 328 304
304 303 281
291 271 292
271 270 254
271 254 255
271 291 270
271 272 292
272 271 255
513 527 540
527 512 498
498 499 514
527 513 512
512 513 526
527 498 514
525 526 538
537 525 538
695 711 694
676 695 694
676 677 696
680 679 660
681 680 660
699 680 681
731 715 716
715 699 716
715 730 714
730 715 731
729 728 712
741 729 730
728 729 741
729 713 714
741 730 742
730 729 714
603 604 620
604 603 588
589 604 588
604 589 605
604 605 622
604 621 620
639 622 623
604 622 621
639 623 640
621 622 639
606 622 605
622 606 623
590 575 576
575 590 574
605 589 574
605 574 590
606 590 591
590 606 605
260 247 261
247 260 246
260 259 246
259 260 277
260 278 277
278 260 261
278 300 277
301 325 324
300 278 301
300 299 276
275 276 298
277 276 258
276 275 258
277 258 259
276 299 298
300 276 277
352 384 383
351 352 383
322 352 351
352 322 323
352 353 384
353 352 323
33 15 34
71 33 53
33 34 53
33 14 15
262 281 280
303 280 281
280 302 279
280 303 327
262 263 281
262 280 279
420 390 391
390 360 361
390 361 391
360 390 389
419 390 420
390 419 389
472 446 447
473 472 447
472 471 446
472 473 494
493 472 494
472 493 471
729 712 713
727 711 695
712 728 727
727 695 712
698 680 699
680 697 679
698 714 713
680 698 697
698 715 714
715 698 699
299 324 353
299 353 323
324 325 354
353 324 354
300 324 299
301 324 300
31 32 52
52 14 33
71 31 52
52 13 14
52 32 7
696 677 678
696 678 697
713 696 697
676 696 695
696 712 695
712 696 713
520 505 521
505 485 486
30 31 50
31 69 50
284 265 266
265 284 283
644 677 659
525 537 536
