-26.9842 -50.549 -2.15514 
-27.0024 -51.3151 0.342902 
-27.0959 -50.6523 0.859857 
-26.7235 -51.4425 4.25389 
-27.1097 -50.6802 0.21675 
-26.4935 -53.7069 0.398478 
-26.8602 -52.8661 2.91297 
-26.9284 -50.5439 0.610823 
-26.9538 -50.6231 0.000587091 
-26.7084 -50.0592 0.487827 
-27.1241 -50.749 -2.91097 
-26.9282 -52.9145 3.82923 
-26.6321 -49.9955 -1.47534 
-26.6284 -51.6817 3.52021 
-26.9005 -52.1335 -1.83122 
-26.6433 -50.3523 -1.80632 
-26.9397 -51.7688 1.16203 
-27.0057 -51.4639 -1.99654 
-26.6883 -53.0172 -1.01231 
-26.9462 -52.3724 -3.37455 
-26.7705 -51.9539 -0.811598 
-26.7425 -52.7984 -1.1556 
-26.892 -51.6144 0.333458 
-26.9381 -51.7115 1.3218 
-26.9097 -51.4615 0.000129419 
-26.6555 -52.6088 0.0165768 
-26.7618 -52.4319 -0.408891 
-26.9769 -51.3554 0.0897919 
-26.8886 -52.148 -1.60862 
-26.799 -51.4932 1.23458 
-26.9434 -51.0242 0.795857 
-26.9775 -51.1027 0.504398 
-26.8605 -51.2775 -1.2533 
-26.681 -53.2735 1.43909 
-26.6305 -51.9907 1.90933 
-26.6162 -52.5093 0.426201 
-26.9325 -52.0763 2.32257 
-26.6217 -52.252 1.09379 
-26.7619 -52.4319 0.409008 
-26.5714 -54.8112 2.39627 
-26.5699 -54.0522 1.55584 
-26.2765 -52.5349 4.57797 
-26.3881 -52.6234 2.83919 
-37.7061 -66.5903 26.6625 
-26.5066 -51.9061 4.60294 
-27.5183 -51.6826 6.09135 
-27.6184 -59.1621 9.20469 
-26.1341 -50.0306 -0.370108 
-25.2512 -53.5429 14.4272 
-26.2793 -50.0268 0.0778935 
-25.8013 -49.7118 17.5032 
-27.0547 -50.5283 -0.634918 
-26.7236 -50.0579 1.72032 
-26.9451 -50.6643 0.755666 
-27.107 -50.9664 0.371776 
-26.9337 -50.6287 0.385546 
-26.9015 -51.1423 -0.00157427 
-26.9307 -50.6295 -0.381456 
-26.9847 -50.9087 0.236877 
-27.0421 -51.2262 -1.753 
-26.8865 -50.3803 0.989284 
-27.1511 -51.0772 -2.67248 
-25.8412 -50.0754 -0.726366 
-24.7071 -49.8403 -0.0437243 
-27.2446 -49.749 8.40952 
-27.0983 -50.9139 -0.971745 
-26.4991 -51.9136 -4.6124 
-27.0092 -51.5468 -4.60641 
-27.482 -50.9742 -3.99497 
-26.7657 -51.3294 -3.32311 
-27.0268 -51.1824 -0.14524 
-26.8842 -50.4332 -1.7849 
-27.1322 -50.8457 -0.808888 
-26.8553 -52.4085 -1.78373 
-26.7956 -53.4229 -3.05589 
-26.6156 -52.9311 -0.150931 
-26.3904 -52.6309 -2.83348 
-26.5946 -52.7059 -0.38426 
-24.7624 -49.8888 0.0382125 
-27.0276 -51.0427 -0.953142 
-26.9497 -50.7123 0.18511 
-26.9853 -51.17 -0.788663 
-27.0051 -51.0062 -0.225392 
-26.8177 -51.5862 -0.63875 
-26.8627 -51.4616 -0.369625 
-26.6568 -52.6854 0.0570061 
-26.7433 -52.6184 -0.662629 
-26.8928 -51.2428 -0.000399326 
-26.8819 -51.5867 0.108905 
-26.7046 -51.9092 -0.973608 
-26.861 -51.6801 -0.140351 
-26.7674 -52.0671 -0.230713 
-26.7325 -52.3094 -0.30499 
-26.7146 -52.3625 -0.0143448 
-26.7019 -52.5806 0.205398 
-26.7434 -52.2225 0.0156164 
-26.664 -52.6189 0.000130676 
-26.8992 -51.453 9.35576e-06 
-26.6117 -52.7682 0.123702 
-26.6292 -52.4931 0.328288 
-26.6245 -52.7128 0.098354 
-26.7391 -52.533 0.29372 
-26.6208 -52.6107 0.241529 
-26.6339 -52.3577 0.476355 
-26.6813 -52.6932 0.201357 
-26.6747 -52.4776 0.142643 
-26.7147 -52.3865 0.212977 
-26.6888 -52.4856 0.0135176 
-26.7313 -52.2086 0.236438 
-26.8957 -51.5794 0.229779 
-26.7584 -52.1449 0.0927043 
-26.8109 -52.3031 0.801521 
-26.8029 -51.9254 0.0145946 
-26.8627 -51.4621 0.369028 
-26.6638 -52.2368 0.598223 
-26.8632 -51.5163 0.247675 
-26.6489 -52.0353 1.43726 
-26.9157 -51.4628 0.029385 
-26.9864 -51.3315 0.200046 
-26.8052 -51.9282 0.185571 
-26.8696 -51.4495 0.260146 
-26.7783 -51.9742 0.338895 
-26.8393 -51.7228 0.0959405 
-26.7739 -52.4361 0.534014 
-26.8236 -51.8594 0.274968 
-26.9498 -51.4486 0.605387 
-26.9092 -51.555 0.80309 
-26.7978 -51.6176 0.93648 
-26.8303 -51.4025 1.00691 
-26.8969 -51.9483 1.22053 
-26.8527 -51.538 0.356828 
-26.9347 -51.5191 0.482673 
-26.8428 -51.565 0.480024 
-26.9239 -51.2127 0.680869 
-27.029 -51.2482 0.252441 
-27.0142 -51.0628 0.547804 
-26.9391 -51.123 0.751016 
-26.7578 -51.5591 1.66632 
-26.9025 -51.2354 0.97083 
-26.8867 -52.9006 3.34515 
-26.808 -51.4316 1.3832 
-26.9264 -51.4338 0.845501 
-26.9286 -50.9804 0.14771 
-26.5528 -52.2561 2.04403 
-26.591 -52.2606 1.51393 
-26.6567 -52.0498 1.23237 
-26.8987 -51.979 1.05676 
-26.7842 -52.4636 0.673725 
-26.8734 -52.1509 1.40625 
-26.6823 -52.0868 0.728829 
-26.7047 -51.9087 0.973435 
-26.6883 -53.0177 1.01315 
-26.5946 -52.7061 0.384337 
-26.5259 -53.4865 0.326036 
-26.6404 -52.249 0.915055 
-26.7455 -52.8773 1.36883 
-26.487 -53.2933 0.329147 
-26.7406 -52.7288 0.972274 
-26.5018 -52.5553 1.76101 
-26.6365 -53.0694 0.600729 
-26.2421 -54.2261 0.762774 
-26.3892 -53.2873 1.19202 
-26.4433 -53.4676 0.400395 
-26.6916 -53.8469 2.45711 
-26.4351 -52.9014 1.59441 
-26.6956 -51.7306 1.93866 
-26.8375 -52.8192 2.53023 
-26.9423 -50.6166 1.01129 
-26.8199 -56.8123 5.09782 
-26.6689 -55.9873 3.8973 
-27.0157 -50.8986 1.01137 
-26.8505 -51.2574 4.53852 
-26.565 -54.3924 1.9196 
-26.8032 -51.6408 5.60071 
-26.7122 -54.1003 2.96205 
-26.4812 -52.1178 3.57124 
-26.0252 -54.0172 2.74826 
-26.6013 -55.3327 3.0326 
-25.4618 -54.5084 5.89301 
-27.276 -53.7976 6.73947 
-24.096 -58.4823 8.38016 
-27.0766 -50.6586 2.86381 
-29.3175 -42.3796 14.1821 
-24.7649 -49.7864 0.0210562 
-29.4614 -49.8423 3.75426 
-26.641 -50.3437 1.82708 
-22.1185 -58.0058 14.2702 
-27.9404 -50.1598 1.15027 
-26.3592 -52.2854 6.17322 
-26.0925 -52.9472 8.37402 
-26.8885 -50.5846 4.29846 
-27.5048 -51.66 5.01283 
-27.103 -50.7351 1.32409 
-27.1965 -51.0689 3.52991 
-26.8917 -51.0012 3.80761 
-26.6596 -49.9041 1.54821 
-27.0191 -51.558 2.63214 
-26.8541 -50.4927 2.57516 
-26.4448 -49.9758 0.952996 
-25.8497 -50.0679 0.737901 
-27.1536 -50.7926 2.71921 
-26.5217 -50.2203 1.02543 
-26.6995 -50.0561 -0.160007 
-25.4146 -49.9672 0.0945288 
-26.8284 -50.3065 0.187204 
-24.7905 -49.9157 0.0200911 
-26.8835 -50.3599 2.00443 
-27.0692 -51.3043 3.02557 
-27.0702 -50.5935 1.0915 
-26.9334 -50.364 0.624654 
-26.883 -50.2733 1.48935 
-26.7681 -51.0775 3.5818 
-26.9587 -51.6607 1.47814 
-27.1004 -50.8728 0.576882 
-27.0925 -50.6084 0.425946 
-26.9154 -50.2625 -0.405737 
-26.9117 -50.6947 1.48751 
-27.1183 -50.7912 1.08198 
-27.0128 -51.0341 2.37718 
-27.0554 -51.0122 0.620472 
-26.924 -50.4108 1.05772 
-26.9371 -50.481 0.837706 
-26.986 -51.3179 2.13329 
-26.8165 -51.3629 1.54714 
-26.9029 -51.0552 1.61528 
-26.8552 -51.1095 2.05416 
-27.0333 -51.1269 1.34928 
-26.9803 -51.533 1.80602 
-27.0874 -51.057 1.46231 
-27.0266 -51.2049 1.22891 
-26.9562 -50.8329 0.968253 
-26.9163 -51.0325 -0.253311 
-26.9423 -50.7123 -0.176744 
-27.1261 -50.9576 0.00271012 
-26.9395 -50.528 -0.188767 
-27.0471 -51.0084 -0.617206 
-27.0824 -50.8212 -1.48824 
-27.1174 -50.7785 -0.387805 
-26.9891 -51.678 -2.43618 
-27.0501 -51.1313 -1.90606 
-27.0102 -50.5185 -1.27765 
-26.8094 -50.1098 0.370426 
-26.8237 -50.1564 -1.18058 
-26.8782 -50.176 0.199131 
-26.9401 -50.4407 0.417276 
-26.8286 -50.3066 -0.186904 
-26.6012 -50.0314 -0.840577 
-26.808 -50.1061 0.00140295 
-27.0455 -50.4992 -0.208491 
-26.6994 -50.0557 0.158544 
-26.6351 -50.2178 -0.328965 
-26.422 -50.1629 -0.681101 
-26.6535 -50.0343 -1.23415 
-26.3008 -50.0245 0.242648 
-24.807 -49.9274 -0.000891489 
-26.5624 -50.0298 -0.52341 
-25.4137 -49.9658 -0.0939515 
-25.9718 -50.0454 -0.134228 
-25.8613 -50.1211 0.0220539 
-26.6804 -50.322 -1.5014 
-26.9406 -50.463 -1.45762 
-25.5805 -50.088 0.0204274 
-26.272 -50.0143 -0.58442 
-26.4421 -49.9801 -0.945454 
-26.5312 -50.1856 -0.0537248 
-27.133 -50.7851 -2.70423 
-26.1424 -53.7985 -2.20669 
-27.1399 -50.9413 -3.06889 
-25.957 -53.0296 -7.04918 
-26.7585 -49.9864 -2.17655 
-26.1389 -50.167 -1.17585 
-26.7562 -50.9384 -5.90668 
-26.634 -50.3862 -1.97207 
-24.7512 -57.5019 -5.43539 
-24.7478 -49.8622 0.0468499 
-27.0722 -52.9621 -6.91314 
-26.3506 -52.6344 -3.31437 
-26.1006 -53.2676 -3.95779 
-26.8458 -50.5674 -4.3519 
-27.0705 -55.2667 -6.4232 
-27.1871 -55.3506 -7.71152 
-26.9751 -52.92 -4.37183 
-26.9749 -50.9827 -2.41522 
-37.71 -66.5962 -26.6983 
-27.0277 -51.2461 -2.32693 
-26.9523 -52.039 -2.61007 
-26.8234 -51.1226 -2.76731 
-26.7183 -51.4182 -3.04648 
-27.1274 -52.7504 -5.53783 
-27.2061 -51.4935 -4.01702 
-26.9004 -52.4278 -2.65153 
-26.9911 -51.8835 -3.21259 
-26.5099 -52.226 -2.72054 
-26.9324 -52.0827 -2.32996 
-26.6071 -51.8576 -2.81294 
-26.4306 -52.6135 -2.41925 
-26.582 -53.775 -1.2779 
-25.8246 -55.5383 -1.76392 
-26.3227 -53.439 -1.45365 
-26.4195 -58.3795 -2.81408 
-26.5962 -53.5462 -1.05279 
-26.6847 -53.1352 -1.20754 
-26.526 -53.4872 -0.327013 
-26.58 -52.466 -1.0687 
-26.6979 -52.8305 -0.704655 
-26.6302 -52.8474 -0.123488 
-26.8731 -52.1521 -1.40558 
-26.8084 -51.7751 -0.730776 
-26.5701 -52.6434 -0.786873 
-26.7841 -52.4637 -0.673469 
-26.6945 -51.6778 -2.18843 
-26.9265 -51.4351 -0.848844 
-26.696 -51.6058 -2.45624 
-26.9088 -51.035 -1.15638 
-26.5134 -52.7566 -1.12372 
-26.7017 -51.8506 -1.30631 
-27.0227 -51.1959 -1.23071 
-26.9525 -50.7667 -0.607177 
-26.8712 -51.0981 -1.52323 
-26.9722 -51.3506 -0.669966 
-27.0191 -51.081 -0.22224 
-26.9861 -51.1829 0.458067 
-27.0311 -51.1158 -0.863019 
-26.9328 -50.7639 0.0246717 
-26.9746 -51.3786 0.408851 
-26.9195 -51.1492 -0.502648 
-26.9282 -51.4633 -0.823638 
-26.9814 -50.9627 -0.567367 
-26.947 -51.6316 -0.965616 
-26.8686 -51.378 -0.368324 
-26.7958 -51.8852 -0.871392 
-26.9346 -51.5184 -0.483966 
-26.9155 -51.9364 -1.395 
-26.7571 -51.5627 -1.66899 
-26.8357 -52.141 -0.910485 
-26.8257 -51.9173 -0.619856 
-26.7286 -52.1087 -0.587868 
-26.9287 -51.4842 -0.238898 
-26.8852 -51.397 -0.0850032 
-26.883 -51.4401 0.0967128 
-26.9421 -51.426 0.000361347 
-26.9624 -51.3968 -0.164239 
-26.824 -51.775 -0.196168 
-26.8308 -51.8488 -0.473675 
-26.7964 -51.912 -0.219594 
-26.8886 -51.4742 -0.0350094 
-26.8236 -51.8594 -0.275229 
-26.785 -51.9816 -0.755769 
-26.7584 -52.145 -0.0927154 
-26.7313 -52.2088 -0.236419 
-26.7355 -52.225 -0.421271 
-26.6747 -52.4776 -0.14258 
-26.6479 -52.5545 -0.0748843 
-26.8138 -51.8502 -0.110287 
-26.8108 -52.3033 -0.801408 
-26.7967 -52.1213 -0.674735 
-26.7738 -52.4361 -0.53385 
-26.7951 -52.2963 -0.667782 
-26.6687 -52.7975 -0.333346 
-26.7833 -52.4903 -0.831106 
-26.634 -52.3578 -0.476111 
-26.6562 -52.3778 -0.354195 
-26.6411 -52.7798 -0.0988533 
-26.662 -52.5966 -0.0297657 
-26.7085 -52.6567 -0.368692 
-26.664 -52.6188 -0.000131212 
-26.6746 -52.7385 -0.264339 
-26.6806 -52.6279 0.041498 
-26.6719 -52.5714 0.00685588 
-26.697 -52.4195 0.0799727 
-26.6637 -52.5176 0.0586657 
-26.7061 -52.4393 0.0981269 
-26.6884 -52.5095 0.174792 
-26.7326 -52.3093 0.305057 
-26.6713 -52.6334 0.00711006 
-26.662 -52.5967 0.0297771 
-26.6479 -52.5545 0.0749138 
-26.6351 -52.473 0.244019 
-26.6939 -52.5733 0.0719981 
-26.7068 -52.6201 0.281413 
-26.6659 -52.6377 0.0214642 
-26.6443 -52.6056 0.0352167 
-26.6505 -52.7263 0.0771263 
-26.6338 -52.6685 0.074656 
-26.6647 -52.6541 0.0418697 
-26.6069 -52.5509 0.534045 
-26.6746 -52.7386 0.264408 
-26.6132 -52.4033 0.741749 
-26.6082 -52.6502 0.308819 
-26.6455 -52.6412 0.0568085 
-26.6917 -52.6353 0.0921833 
-26.6839 -52.6565 0.143983 
-26.6447 -52.5676 0.12293 
-26.7086 -52.6567 0.368867 
-26.6302 -52.5765 0.178635 
-26.7506 -52.5564 0.402721 
-26.7861 -51.985 0.50512 
-26.6562 -52.3777 0.354357 
-26.7539 -52.147 0.303012 
-26.7476 -52.5801 0.530061 
-26.66 -52.2408 0.473604 
-26.7834 -52.4902 0.831533 
-26.7286 -52.1084 0.587866 
-26.7567 -52.1476 0.533756 
-26.7851 -51.9814 0.755449 
-26.7808 -51.9709 0.556314 
-26.8042 -51.8754 0.636161 
-26.7608 -52.2709 0.440372 
-26.7951 -52.2961 0.667842 
-26.7356 -52.2249 0.421301 
-26.7658 -52.0669 0.652399 
-26.7868 -52.0766 0.425865 
-26.8309 -51.8488 0.47317 
-26.7419 -52.222 0.198364 
-26.7931 -52.0012 0.301002 
-26.7501 -52.1399 0.346491 
-26.7708 -52.0717 0.193047 
-26.671 -52.4138 0.261932 
-26.6965 -52.2602 0.347812 
-26.6961 -52.3527 0.179236 
-26.7327 -52.307 0.115609 
-26.7147 -52.3625 0.0143485 
-26.7211 -52.2849 0.0887013 
-26.7555 -52.1416 0.122906 
-26.7739 -52.0697 0.0147279 
-26.7674 -52.0669 0.230643 
-26.7865 -51.9952 0.11811 
-26.7875 -51.9964 0.086578 
-26.8347 -51.7956 0.16591 
-26.8182 -51.8585 0.08067 
-26.7964 -51.9119 0.219434 
-26.8138 -51.8502 0.110183 
-26.8536 -51.7346 0.239847 
-26.8138 -51.9256 0.394457 
-26.8473 -51.6539 0.16499 
-26.824 -51.7751 0.195953 
-26.8342 -51.697 0.267667 
-26.8779 -51.629 0.194279 
-26.8676 -51.6287 0.0569551 
-26.8302 -51.7907 0.0132395 
-26.861 -51.6803 0.140187 
-26.8449 -51.7336 0.0699279 
-26.8539 -51.6742 0.0113597 
-26.8852 -51.547 0.0418746 
-26.8605 -51.6149 0.0781208 
-26.8875 -51.5098 0.0060936 
-26.8733 -51.5794 0.00889468 
-26.8772 -51.5314 0.057444 
-26.8717 -51.4979 -0.158739 
-26.9032 -51.463 0.00863012 
-26.8803 -51.4847 0.0871844 
-26.8963 -51.4673 0.00309012 
-26.8943 -51.4456 -0.0116914 
-26.8943 -51.4457 0.011839 
-26.8663 -51.5564 0.127999 
-26.8972 -51.4912 0.0255911 
-26.8889 -51.4413 0.0441633 
-26.8973 -51.5178 0.0743067 
-26.9066 -51.4757 0.0376401 
-26.8885 -51.4745 0.0350901 
-26.8968 -51.5471 0.142676 
-26.9114 -51.5307 0.243386 
-26.8769 -51.4428 0.168461 
-26.8717 -51.4984 0.158698 
-26.8852 -51.3974 0.0854037 
-26.9093 -51.4911 0.0869615 
-26.8769 -51.4423 -0.168385 
-26.8887 -51.4103 0.0326515 
-26.9317 -51.4451 0.0502255 
-26.8878 -51.2525 0.169309 
-26.8866 -51.3574 0.0534134 
-26.9243 -51.4525 0.000295247 
-26.9112 -51.5095 0.156035 
-26.9384 -51.4407 0.120872 
-26.921 -51.4669 0.0791641 
-26.925 -51.474 0.148852 
-26.8808 -51.388 0.158572 
-26.9623 -51.3973 0.163745 
-26.8334 -51.6633 0.44212 
-26.6846 -52.077 0.868212 
-26.9286 -51.4846 0.238809 
-26.876 -51.3821 0.251159 
-26.873 -51.6742 0.296274 
-26.9108 -51.556 0.350545 
-26.8513 -51.4791 0.503264 
-26.8894 -51.6551 0.458472 
-26.8457 -51.621 0.319258 
-26.8554 -51.5854 0.216538 
-26.7732 -52.0521 0.443931 
-26.8094 -51.8319 0.308394 
-26.8462 -51.7914 0.35366 
-26.8559 -51.7747 0.546864 
-26.8013 -51.9013 0.419245 
-26.8062 -51.801 0.513231 
-26.8795 -51.7009 0.593594 
-26.8259 -51.9173 0.61936 
-26.8239 -51.7479 0.378756 
-26.863 -51.7211 0.410192 
-26.7705 -51.9534 0.811286 
-26.8648 -52.157 1.22089 
-26.8302 -51.8235 0.68272 
-26.8084 -51.7746 0.730023 
-26.8948 -51.8289 0.885745 
-26.7516 -51.7001 1.13872 
-26.8583 -51.9805 0.914303 
-26.9472 -51.6308 0.962181 
-26.7655 -51.7602 0.977732 
-26.9051 -51.6234 0.620641 
-26.8998 -51.6657 0.777996 
-26.9733 -51.3483 0.664602 
-26.7959 -51.885 0.870901 
-26.7959 -51.6128 0.798161 
-26.8281 -51.7202 0.567862 
-26.8802 -51.7643 0.760019 
-26.9051 -51.5848 0.472565 
-26.8176 -51.5863 0.637659 
-26.8632 -51.3788 0.502615 
-26.8455 -51.5054 0.649494 
-26.9299 -51.4987 0.347909 
-26.8847 -51.3365 0.127073 
-26.944 -51.4395 0.211097 
-26.8873 -51.3197 0.00029064 
-26.9514 -51.4098 0.0715997 
-26.951 -51.4417 -0.325157 
-26.88 -51.3032 0.336745 
-26.8815 -51.3177 0.222227 
-26.8875 -51.2856 0.0748362 
-26.9726 -51.3864 -0.278627 
-26.9415 -51.5433 0.636199 
-26.9728 -51.3872 0.276693 
-26.8685 -51.3784 0.367605 
-26.9512 -51.4424 0.324262 
-26.9803 -51.3814 0.575792 
-26.9578 -51.4474 0.457371 
-26.8891 -51.2903 0.869339 
-26.8872 -51.2208 0.283414 
-26.9293 -51.4642 0.820252 
-26.8816 -51.2983 0.464941 
-26.9059 -51.1259 0.341945 
-26.8798 -51.1866 0.586166 
-26.8969 -51.1561 0.208256 
-26.8756 -51.1872 0.435703 
-27.0341 -51.1835 0.131619 
-27.0124 -51.2831 0.112154 
-26.9531 -50.9321 -0.0304892 
-26.9564 -50.9943 0.508215 
-26.9784 -51.4437 1.31975 
-26.9779 -51.2372 0.736106 
-26.9185 -51.143 0.491944 
-26.9962 -51.2979 0.499646 
-26.9178 -51.0314 0.245068 
-27.0314 -51.0831 0.213494 
-26.9409 -51.5606 1.07926 
-26.9922 -51.3769 1.44585 
-26.9771 -51.3243 1.02497 
-26.9845 -51.1695 0.787423 
-26.7957 -51.5305 1.06506 
-26.8616 -51.3877 0.645182 
-26.9775 -51.4015 0.930276 
-26.8464 -51.3374 1.11388 
-26.8755 -51.2968 0.634026 
-26.8389 -51.4196 0.846301 
-26.7557 -51.6206 1.47949 
-26.7542 -51.6624 1.29431 
-26.9111 -51.7727 1.01328 
-26.8585 -51.5826 0.787639 
-26.8025 -52.6643 1.63098 
-26.916 -51.9341 1.39445 
-26.9003 -52.1296 1.83042 
-26.9243 -51.8968 1.58217 
-26.969 -51.5091 1.1943 
-26.8624 -51.2792 1.24419 
-26.6207 -51.9557 2.17987 
-26.8117 -52.7147 1.89525 
-26.6951 -51.6726 2.18283 
-26.8668 -52.4178 2.0445 
-26.7492 -52.9653 1.61249 
-26.3848 -52.9831 1.89982 
-26.8228 -52.7672 2.19332 
-26.4675 -52.5847 2.06622 
-26.5314 -52.5243 1.49771 
-26.8891 -52.1457 1.609 
-26.7946 -52.6172 1.39654 
-26.8438 -52.1531 1.05829 
-26.6408 -52.0177 1.66064 
-26.5731 -52.2608 1.76313 
-26.6981 -51.7812 1.71118 
-26.8557 -52.4064 1.78462 
-26.7017 -51.8212 1.49686 
-26.8433 -52.3906 1.54859 
-26.6066 -52.2567 1.292 
-26.57 -52.6435 0.787368 
-26.7019 -51.8495 1.3067 
-26.8342 -52.3742 1.33504 
-26.704 -51.8783 1.12423 
-26.8228 -52.3557 1.14202 
-26.7967 -52.121 0.674559 
-26.8359 -52.1407 0.910269 
-26.7434 -52.6185 0.663036 
-26.6979 -52.8308 0.705061 
-26.6302 -52.3879 0.602038 
-26.6407 -52.2136 0.755842 
-26.7875 -52.5728 1.18792 
-26.7435 -52.6683 0.809695 
-26.8196 -52.3358 0.961809 
-26.6016 -52.4413 0.896963 
-26.6638 -52.0602 1.04813 
-26.7829 -52.5307 1.00012 
-26.6918 -52.9164 0.847344 
-26.5968 -52.8395 0.152807 
-26.5797 -52.4658 1.06986 
-26.6845 -53.1358 1.20831 
-26.5894 -52.591 0.651986 
-26.6156 -52.9312 0.150854 
-26.708 -52.7025 0.469667 
-26.7017 -52.7591 0.580493 
-26.6411 -52.7799 0.0988565 
-26.6687 -52.7976 0.333422 
-26.5753 -52.7693 0.46823 
-26.6302 -52.8475 0.123446 
-26.5515 -52.8452 0.566229 
-26.577 -52.9243 0.185599 
-26.6587 -52.8702 0.410452 
-26.6488 -52.9606 0.498165 
-26.5983 -53.0331 0.183112 
-26.5528 -53.0265 0.22475 
-26.5228 -53.1478 0.271495 
-26.5776 -53.1565 0.221463 
-26.7427 -52.799 1.15705 
-26.6243 -53.2004 0.722916 
-26.5436 -52.6961 0.941916 
-26.557 -52.4941 1.26919 
-26.4423 -53.151 0.986944 
-26.7546 -53.0652 1.89452 
-26.4854 -53.0325 0.819573 
-26.4776 -52.8254 1.3396 
-26.5538 -53.3057 0.268313 
-26.6104 -53.3571 0.870465 
-26.5957 -53.5456 1.05021 
-26.5215 -52.9313 0.680939 
-26.5131 -52.7567 1.12465 
-26.3895 -53.6757 0.490441 
-26.4162 -54.3129 0.615576 
-26.1458 -53.8091 2.19525 
-26.3738 -54.7356 0.784323 
-26.8371 -53.5607 3.60251 
-26.5108 -52.2209 2.71677 
-26.2569 -53.1496 2.72449 
-26.244 -53.6166 1.77385 
-26.3238 -53.9258 0.607123 
-26.4567 -53.9773 0.491949 
-26.324 -53.4423 1.44825 
-26.3252 -53.0669 2.27058 
-26.6823 -53.6257 2.04834 
-26.5815 -53.7743 1.27342 
-26.7633 -53.1768 2.22296 
-26.6795 -53.4357 1.71475 
-26.5308 -52.2429 2.36034 
-26.3464 -52.6224 3.32927 
-26.8822 -52.4241 2.32945 
-26.7125 -51.5291 2.7172 
-26.9519 -51.8063 1.98014 
-26.6118 -51.9097 2.47778 
-26.8977 -52.4205 2.64114 
-26.9456 -52.0281 2.59296 
-26.6108 -51.856 2.79899 
-26.4773 -52.0181 4.07431 
-26.801 -53.4292 3.06397 
-26.9261 -52.4022 2.98316 
-26.7785 -53.299 2.60867 
-26.4295 -52.6096 2.42155 
-26.4915 -52.1774 3.12153 
-26.9821 -51.9633 2.88168 
-26.3054 -52.5928 3.90766 
-26.8844 -53.687 4.23625 
-26.9493 -52.3598 3.35145 
-27.0858 -51.64 3.77882 
-26.6104 -51.7698 3.15364 
-27.0308 -51.2171 2.27136 
-26.9929 -52.2907 3.73876 
-26.7197 -51.4003 3.01432 
-27.0115 -52.175 4.12022 
-27.0232 -51.0636 3.10567 
-26.6466 -51.5374 3.90847 
-27.059 -51.7671 3.48009 
-26.0167 -53.3068 4.82703 
-25.9405 -53.1084 7.05833 
-26.098 -53.283 3.97465 
-26.9682 -52.8935 4.3584 
-27.0423 -52.8157 4.92235 
-26.9637 -53.7944 4.97945 
-26.809 -54.7058 4.36755 
-26.8969 -55.0372 5.32565 
-27.0691 -55.3353 6.48491 
-27.084 -57.8562 6.78516 
-26.0092 -55.0291 1.27929 
-26.1402 -54.5896 0.976151 
-26.1797 -53.2235 3.28488 
-26.747 -54.3878 3.5886 
-26.3338 -55.2789 1.02185 
-25.8753 -54.2268 3.48916 
-25.6025 -56.1861 2.41024 
-26.3044 -55.9944 1.36945 
-25.8386 -55.5604 1.72368 
-26.3082 -56.9647 1.89875 
-25.6925 -54.4151 4.49186 
-26.3823 -58.3309 2.74365 
-25.2776 -56.9182 3.50017 
-28.3128 -67.795 10.5703 
-25.9703 -53.293 5.83741 
-27.2556 -55.526 7.82004 
-26.2676 -52.4124 5.36121 
-27.2421 -52.3 5.87638 
-25.2042 -54.4695 7.84002 
-27.4789 -53.6437 7.68718 
-26.9683 -51.5696 7.63531 
-29.1288 -53.1753 9.8968 
-26.6247 -60.3262 4.1374 
-24.7572 -57.6722 5.3519 
-27.1498 -63.3811 6.53879 
-28.1112 -53.3328 8.43466 
-30.5614 -76.891 18.1352 
-42.8536 -67.3121 41.8835 
-18.078 -57.1327 26.0339 
-38.5923 -100.077 32.7916 
-27.5792 -53.8832 10.0463 
-30.8161 -54.726 11.9416 
-25.6189 -50.358 1.89221 
-24.8485 -53.9928 10.7049 
-30.8153 -62.1016 17.9979 
-28.43 -60.9684 12.7778 
-27.6326 -55.4578 9.30241 
-26.7071 -52.464 9.54714 
-27.0012 -50.315 7.63824 
-26.7298 -50.4334 2.05178 
-29.2093 -52.0788 6.60524 
-26.8475 -49.7782 2.65837 
-27.2263 -50.2296 0.236807 
-24.8858 -49.9754 0.503903 
-26.5226 -50.1966 0.0177713 
-26.1522 -50.159 -0.0538602 
-24.7311 -49.8498 -0.0647315 
-27.0414 -49.59 4.68588 
-27.4888 -50.795 3.50062 
-27.3247 -50.9231 3.95782 
-26.8161 -50.1936 2.41716 
-26.1627 -50.1638 1.1995 
-27.3583 -51.1145 3.87702 
-26.8264 -49.9398 3.22602 
-27.3386 -51.443 4.56657 
-27.0095 -50.5494 2.70472 
-26.9251 -50.0649 4.80626 
-28.0956 -51.7751 6.31432 
-27.814 -51.4522 5.59887 
-27.234 -51.6635 5.81492 
-27.0206 -51.1542 5.69908 
-26.8779 -50.2898 4.44967 
-27.64 -51.0435 4.14079 
-27.0462 -53.8469 5.82093 
-27.0669 -52.0004 4.45904 
-26.4271 -51.8203 7.03851 
-26.9918 -51.4976 4.61254 
-27.0557 -52.5904 5.43868 
-26.575 -51.7216 5.16247 
-26.8368 -50.6293 3.92485 
-26.8252 -50.3181 3.23958 
-27.1981 -51.4955 4.02081 
-27.1325 -50.9364 3.0773 
-27.0828 -50.7615 2.37973 
-26.8573 -50.4458 2.95274 
-27.0297 -50.587 2.02479 
-27.1296 -50.7372 2.87174 
-26.8263 -50.1939 1.68463 
-26.8268 -50.2644 2.27123 
-27.052 -50.6289 1.80093 
-27.0991 -50.8298 1.8166 
-26.752 -50.0869 1.27022 
-26.1915 -50.1315 0.841653 
-26.9495 -50.4668 1.46543 
-26.4114 -50.0137 0.683105 
-26.8073 -50.1056 2.37077 
-26.8536 -50.169 3.27172 
-26.9938 -50.5459 2.13982 
-26.8397 -50.4311 2.05718 
-26.7847 -50.1205 1.77923 
-26.8479 -50.3959 1.54365 
-26.6128 -49.995 1.49181 
-26.7126 -49.9692 2.19422 
-26.3741 -50.2012 1.24008 
-25.88 -50.1309 -0.0451646 
-24.7577 -49.8808 -0.0468069 
-26.2765 -50.0164 0.594804 
-24.7778 -49.8993 -0.0340613 
-25.7046 -50.1073 -0.0339393 
-24.7897 -49.9142 -0.0233513 
-26.6683 -50.3139 1.47684 
-26.1341 -50.031 0.378603 
-26.4974 -50.0031 1.0225 
-26.6587 -50.0401 1.21704 
-25.6568 -50.0128 0.462992 
-25.5358 -49.9909 0.291914 
-25.5858 -50.091 -0.0232679 
-26.4196 -50.1643 0.673032 
-26.0584 -50.0793 0.551231 
-25.3943 -49.9638 0.0296002 
-24.7986 -49.9216 -0.0154643 
-25.5128 -50.0803 -0.0166712 
-25.4591 -49.975 0.17646 
-25.4698 -50.0745 -0.00989726 
-25.9319 -50.0464 0.0625563 
-24.8045 -49.9261 -0.00795606 
-25.9199 -50.0472 0.00013902 
-25.4499 -50.0717 -0.00367833 
-25.9105 -50.0289 -0.000460414 
-25.4501 -50.0718 0.00236615 
-26.355 -50.13 0.381188 
-26.8136 -50.1228 0.759754 
-26.6341 -50.217 0.325276 
-25.9253 -50.0338 0.157369 
-26.6017 -50.0319 0.830343 
-25.9729 -50.0498 0.333776 
-25.9695 -50.0441 0.136236 
-26.0362 -50.0401 0.234073 
-26.3442 -50.0202 0.436069 
-26.5619 -50.0292 0.516522 
-26.8214 -50.1498 1.18817 
-26.7451 -50.3067 1.07006 
-26.6739 -50.2477 0.673624 
-26.7274 -50.0692 0.848953 
-26.8478 -50.3312 0.572645 
-26.879 -50.2195 1.02676 
-26.3246 -50.115 0.12231 
-26.5372 -50.0283 0.247342 
-26.9651 -50.4129 0.405744 
-26.8107 -50.1116 -0.366874 
-26.8786 -50.1895 0.600149 
-26.8796 -50.1772 -0.193748 
-27.0456 -50.5013 0.210545 
-26.9172 -50.2537 0.00179201 
-27.1174 -50.7852 0.411823 
-27.1199 -50.7272 0.645525 
-26.9364 -50.3431 0.205334 
-26.9462 -50.4447 -0.378888 
-26.8995 -50.3382 1.2971 
-27.1264 -50.8483 0.847103 
-26.9054 -50.546 1.28695 
-27.1032 -50.9297 1.27026 
-27.0113 -50.5212 1.28549 
-26.8877 -50.416 1.79762 
-26.9833 -50.4541 0.828907 
-26.9092 -50.2882 0.838469 
-26.9139 -50.2611 0.412932 
-27.053 -50.5296 0.638112 
-27.14 -50.8481 2.13696 
-27.1459 -51.0787 2.69042 
-27.0928 -50.6852 1.58274 
-26.8814 -50.5956 1.9927 
-26.7605 -51.3019 3.2933 
-26.8968 -50.8091 3.02816 
-27.016 -51.4173 2.83615 
-26.8993 -50.5856 2.33091 
-26.9977 -51.8706 3.17909 
-26.9107 -51.0646 2.18702 
-26.8964 -50.8606 2.30357 
-26.8825 -51.0176 2.90732 
-27.1244 -51.079 2.00683 
-27.0987 -50.9673 2.36743 
-26.9732 -50.9896 1.77739 
-26.9188 -50.6783 1.7595 
-27.1348 -50.9193 1.56436 
-26.9126 -50.4847 1.5217 
-26.8171 -51.0847 2.71912 
-26.8144 -51.2629 2.49996 
-27.0992 -51.0281 1.73713 
-27.0183 -51.2048 1.69475 
-26.9767 -51.6585 2.41348 
-26.7794 -51.3314 2.29526 
-27.0036 -51.4534 1.97868 
-26.9145 -52.1074 2.06704 
-26.9729 -51.7469 2.19583 
-26.6968 -51.6013 2.44713 
-26.9397 -51.8564 1.77637 
-26.7622 -51.4938 1.86633 
-26.9687 -51.6008 1.64123 
-26.7689 -51.4198 2.07174 
-26.9993 -51.2997 1.57264 
-26.8375 -51.2077 1.87296 
-26.869 -51.1951 1.36727 
-26.8237 -51.2857 1.70998 
-26.876 -51.1105 1.4959 
-26.9088 -51.1464 1.05202 
-26.9063 -51.0338 1.1505 
-27.0016 -51.2644 1.11617 
-26.9543 -50.8947 1.37232 
-26.9293 -50.9484 1.73539 
-27.0311 -51.1172 0.859023 
-26.9102 -50.9376 1.27044 
-27.0866 -50.9092 0.982485 
-27.037 -51.0521 0.955766 
-26.9361 -50.5255 0.204619 
-26.9451 -50.4331 0.014254 
-27.1153 -50.7636 0.00865099 
-27.1062 -50.8539 0.184401 
-26.9539 -50.7669 0.612696 
-27.109 -50.9879 0.734414 
-26.9755 -50.9431 0.56418 
-26.936 -50.9041 0.890384 
-27.0843 -50.9767 0.183052 
-26.9699 -50.9317 0.222035 
-27.0732 -50.9679 -0.185853 
-27.0608 -51.1521 -0.0238507 
-26.9713 -51.1047 -0.512952 
-27.0132 -51.062 -0.551384 
-27.0596 -51.023 0.0326107 
-26.9756 -50.9004 -0.238515 
-27.1016 -50.8694 -0.56679 
-27.1024 -50.9631 -0.365585 
-26.957 -50.9043 -1.36694 
-26.9395 -50.6585 -0.757343 
-27.0143 -51.0892 -1.33539 
-26.9594 -50.8408 -0.965955 
-26.9401 -50.9128 -0.897163 
-27.1066 -50.9856 -0.725167 
-26.8668 -51.1908 -1.38394 
-26.9169 -50.9445 -1.27281 
-26.9817 -51.4493 -1.33224 
-27.0016 -51.2597 -1.11889 
-26.8152 -51.3656 -1.5551 
-26.8383 -51.2161 -1.88933 
-26.7606 -51.4972 -1.87256 
-26.8068 -51.4333 -1.38767 
-26.7688 -51.4271 -2.08126 
-26.9707 -51.6083 -1.65168 
-26.9518 -51.8133 -1.98773 
-26.6978 -51.7842 -1.71131 
-26.9727 -51.7543 -2.20654 
-27.0049 -51.3074 -1.60687 
-26.7042 -51.5231 -2.74121 
-26.7772 -51.3354 -2.30623 
-26.8961 -50.8862 -1.80818 
-27.0509 -51.008 -1.43417 
-26.9982 -51.3853 -1.46768 
-26.8978 -51.035 -1.65632 
-26.8213 -51.2878 -1.72362 
-26.9796 -51.5403 -1.82081 
-26.9448 -50.8229 -1.93322 
-27.0091 -50.8764 -1.00984 
-26.8489 -51.1108 -2.07094 
-26.7966 -51.2436 -2.53365 
-27.0103 -51.3651 -2.17093 
-27.1052 -51.0461 -2.04268 
-26.8802 -51.0352 -2.23135 
-26.9793 -51.9766 -2.90964 
-26.7771 -51.1002 -3.6027 
-27.026 -51.0571 -3.10099 
-26.998 -51.4177 -2.87131 
-27.0144 -51.5786 -2.67038 
-27.1217 -51.0074 -2.37448 
-27.1186 -50.9308 -1.19044 
-27.0973 -50.6485 -0.856575 
-26.8986 -50.6067 -2.05285 
-26.8985 -51.0647 -2.9353 
-26.92 -50.9137 -2.37342 
-27.1031 -50.8642 -1.81829 
-27.0957 -50.751 -1.02695 
-26.985 -50.4547 -0.826586 
-26.9282 -50.5098 -1.48964 
-26.9483 -50.7395 -1.45057 
-26.9516 -50.6265 -0.982258 
-27.0301 -50.8616 -1.50368 
-26.9242 -50.548 -1.17734 
-26.9367 -50.5498 -0.584102 
-27.1067 -50.8524 -0.182438 
-27.1068 -50.71 -0.604449 
-26.9353 -50.3435 -0.197524 
-27.0883 -50.5858 0.00192454 
-27.1064 -50.6756 -0.189179 
-26.9453 -50.4823 -0.782529 
-27.0914 -50.6043 -0.418723 
-26.9161 -50.4033 -1.04532 
-26.9275 -50.3621 -0.613163 
-27.0779 -50.5969 -1.09068 
-26.8817 -50.1922 -0.592437 
-26.9125 -50.2889 -0.829411 
-27.1166 -50.7397 -1.33384 
-26.8327 -50.2722 -2.25192 
-26.8843 -50.3781 -0.986377 
-26.8845 -50.2255 -1.01582 
-26.911 -50.3477 -1.28072 
-26.8155 -50.1264 -0.756029 
-25.4564 -49.9737 -0.174146 
-26.7268 -50.072 -0.852318 
-26.7407 -50.3039 -1.07397 
-26.9595 -50.4002 0.000761182 
-26.9656 -50.4122 -0.40317 
-26.848 -50.3318 -0.57233 
-26.6741 -50.247 -0.677861 
-26.5295 -50.0285 -0.00188293 
-26.7082 -50.0608 -0.490727 
-26.5375 -50.0286 -0.252139 
-26.6213 -50.2067 -0.0017347 
-25.9257 -50.0327 -0.158041 
-26.3258 -50.1151 -0.127122 
-25.3942 -49.9632 -0.0298966 
-26.2804 -50.0272 -0.0784237 
-25.9332 -50.0472 -0.0621419 
-26.3576 -50.1298 -0.387127 
-24.8056 -49.9261 0.00588728 
-24.8 -49.9223 0.0126958 
-26.3504 -50.0222 -0.43451 
-26.3041 -50.0259 -0.242811 
-25.4697 -50.0744 0.0087063 
-25.9723 -50.047 -0.333139 
-26.0554 -50.076 -0.54768 
-25.511 -50.0793 0.0150822 
-26.5254 -50.221 -1.03829 
-24.7779 -49.9036 0.0295178 
-26.3741 -50.2035 -1.22585 
-26.4195 -50.0149 -0.677139 
-26.0376 -50.0407 -0.229374 
-25.5303 -49.99 -0.286144 
-26.1861 -50.1282 -0.831967 
-25.6923 -50.1012 0.0256067 
-25.6496 -50.016 -0.454391 
-26.5095 -50.0032 -1.01102 
-24.7339 -49.8409 0.0306131 
-26.8384 -50.393 -1.55006 
-27.1774 -51.0653 -3.51543 
-27.1562 -50.7259 -2.98284 
-26.7088 -50.044 -1.75598 
-26.8792 -50.459 -2.11295 
-26.7757 -50.0803 -2.45182 
-27.0138 -50.5803 -2.01199 
-26.8549 -50.6449 -3.88026 
-26.7959 -50.3045 -3.27098 
-26.7991 -50.1886 -2.42896 
-26.8857 -50.2825 -1.4762 
-26.8273 -50.201 -1.67619 
-26.7772 -50.1198 -1.78377 
-26.749 -50.0899 -1.27411 
-27.0481 -50.6309 -1.7911 
-27.079 -50.7545 -2.36896 
-27.0929 -50.6882 -1.5716 
-27.1371 -50.8579 -2.1321 
-26.8837 -50.3674 -1.99913 
-26.9057 -50.5894 -2.34557 
-26.8651 -50.4932 -2.56217 
-27.0552 -51.2823 -3.03858 
-26.8604 -50.4498 -2.92731 
-26.9065 -50.8116 -3.03147 
-27.0567 -51.7676 -3.50923 
-26.8995 -50.9945 -3.79843 
-27.3417 -51.1263 -3.95846 
-27.3072 -51.4257 -4.5546 
-26.772 -51.5827 -5.64992 
-27.9504 -51.8899 -5.99557 
-27.1323 -53.6327 -6.37486 
-26.5592 -52.0874 -6.64732 
-27.4161 -52.5746 -6.07256 
-26.2545 -52.9614 -8.33556 
-26.6382 -52.1928 -9.2504 
-26.8425 -50.8742 -6.7544 
-28.3354 -53.3507 -8.30641 
-26.8181 -50.1575 -3.44054 
-27.6773 -52.4921 -7.02598 
-26.9128 -49.9958 -3.20628 
-27.4457 -51.0886 -4.17535 
-26.801 -50.3073 -4.84098 
-27.4538 -51.6832 -5.25468 
-26.1309 -50.1512 0.00925046 
-26.9913 -50.0033 -4.82057 
-26.6671 -49.9239 -1.54378 
-26.9855 -50.5538 -2.65696 
-29.117 -52.9452 -9.73402 
-24.8833 -49.9697 -0.432111 
-27.4736 -50.799 -3.43091 
-24.7498 -49.8144 -0.0386061 
-27.1695 -50.1945 -0.250588 
-26.8776 -49.7826 -2.62407 
-26.8849 -50.202 -7.23826 
-28.0951 -51.6272 -6.14155 
-29.2487 -52.041 -6.51145 
-27.052 -49.4825 -4.63306 
-27.7871 -54.0793 -9.94609 
-27.9803 -50.1147 -1.07905 
-27.1719 -49.6372 -8.27421 
-24.8518 -53.6615 -10.668 
-25.5886 -50.4132 -1.7395 
-30.9959 -54.7661 -12.0965 
-29.2448 -49.7938 -3.69241 
-25.2778 -53.1474 -14.2112 
-27.5573 -51.6804 -5.94025 
-25.7401 -49.6415 -17.3746 
-38.5945 -100.142 -32.6477 
-18.1213 -57.2177 -25.9217 
-28.5904 -60.7492 -12.7144 
-42.8457 -67.3127 -41.7807 
-29.2148 -42.3351 -14.1169 
-30.6406 -76.947 -17.9762 
-27.2245 -63.3055 -6.57954 
-22.1848 -58.0387 -14.1778 
-25.2465 -54.3805 -7.9496 
-27.6432 -55.1486 -9.17047 
-28.2892 -67.6257 -10.5093 
-30.8885 -61.9536 -17.8932 
-27.6587 -58.9662 -9.27654 
-24.0104 -58.1597 -8.50367 
-26.0183 -53.2763 -4.79704 
-26.8516 -56.8256 -5.14357 
-25.4194 -54.4055 -5.99952 
-25.2422 -56.807 -3.6039 
-27.1252 -57.912 -6.8777 
-25.58 -56.1404 -2.48037 
-26.8713 -53.6645 -4.18718 
-26.66 -60.2914 -4.21615 
-26.3165 -56.0201 -1.39688 
-26.3333 -57.0044 -1.94415 
-26.0189 -53.9961 -2.76677 
-26.1349 -54.5855 -0.989405 
-26.3393 -55.2941 -1.03782 
-26.7461 -54.3713 -3.57564 
-26.3145 -52.6138 -3.87387 
-26.0004 -55.0193 -1.30262 
-25.9606 -53.2347 -5.80617 
-25.8646 -54.1883 -3.51999 
-26.9967 -53.7637 -5.62312 
-26.8082 -54.6775 -4.33781 
-25.6741 -54.3519 -4.54384 
-26.6869 -55.9931 -3.92544 
-26.6111 -55.3366 -3.05199 
-26.3901 -52.394 -5.94738 
-27.0787 -52.0082 -4.48444 
-26.2908 -52.4745 -5.22921 
-26.8964 -54.9901 -5.27154 
-27.0807 -51.624 -3.79082 
-26.8481 -51.2305 -4.53476 
-27.016 -52.1795 -4.1422 
-26.5423 -51.7055 -5.18905 
-26.6088 -51.783 -3.17262 
-26.9268 -52.9294 -3.83751 
-26.9924 -52.3006 -3.76218 
-26.7223 -51.4421 -4.26646 
-26.4762 -52.0327 -4.07837 
-26.6289 -51.7 -3.53804 
-26.6496 -51.5527 -3.92321 
-26.2925 -52.568 -4.50935 
-26.9374 -53.75 -4.87675 
-27.0628 -52.8725 -4.95022 
-26.6904 -53.8417 -2.45789 
-26.242 -53.611 -1.78169 
-26.8283 -53.5496 -3.58057 
-26.8837 -52.9089 -3.35261 
-26.9244 -52.4124 -3.00123 
-26.4802 -52.1314 -3.57527 
-26.4911 -52.1885 -3.12643 
-26.8579 -52.8715 -2.91897 
-26.8822 -52.429 -2.33303 
-26.6117 -51.915 -2.48319 
-26.8225 -52.7691 -2.19343 
-26.6948 -51.734 -1.94118 
-26.7622 -53.1758 -2.22167 
-26.5313 -52.248 -2.36107 
-26.8373 -52.8226 -2.53325 
-26.7755 -53.2965 -2.60636 
-26.3849 -52.982 -1.90093 
-26.6813 -53.2731 -1.43904 
-26.3257 -53.0653 -2.27142 
-26.6817 -53.6235 -2.0504 
-26.4936 -53.7082 -0.400377 
-26.6796 -53.4349 -1.716 
-26.258 -53.1464 -2.72277 
-26.5706 -54.0529 -1.56235 
-26.1818 -53.2168 -3.27736 
-26.7106 -54.0913 -2.95837 
-26.5667 -54.3934 -1.9286 
-26.5761 -54.8133 -2.40915 
-26.239 -54.2246 -0.770468 
-26.4567 -53.9799 -0.495204 
-26.3883 -53.6752 -0.493304 
-26.3218 -53.9251 -0.61183 
-26.376 -54.7443 -0.793547 
-26.4168 -54.3177 -0.621046 
-26.6109 -53.3573 -0.871533 
-26.7942 -52.6173 -1.39473 
-26.4867 -53.2929 -0.329976 
-26.4426 -53.467 -0.401959 
-26.4418 -53.1495 -0.988544 
-26.4685 -52.5876 -2.06406 
-26.3884 -53.2853 -1.19543 
-26.4354 -52.9009 -1.59451 
-26.4778 -52.8251 -1.3389 
-26.5912 -52.262 -1.512 
-26.6367 -53.0693 -0.600787 
-26.7452 -52.8767 -1.36674 
-26.6489 -52.9603 -0.498163 
-26.4854 -53.0318 -0.820109 
-26.5229 -53.1476 -0.271872 
-26.6247 -53.2004 -0.723247 
-26.554 -53.306 -0.268801 
-26.5968 -52.8393 -0.152874 
-26.5528 -53.0263 -0.224904 
-26.5438 -52.696 -0.941182 
-26.5778 -53.1566 -0.221715 
-26.577 -52.9242 -0.185675 
-26.5985 -53.0331 -0.183232 
-26.7017 -52.7589 -0.580191 
-26.7827 -52.5307 -0.999402 
-26.6117 -52.7681 -0.123715 
-26.5754 -52.7691 -0.468192 
-26.5516 -52.8449 -0.566199 
-26.7873 -52.5728 -1.18669 
-26.6587 -52.8701 -0.410436 
-26.5895 -52.591 -0.651615 
-26.6918 -52.9159 -0.846761 
-26.5215 -52.9309 -0.681064 
-26.6567 -52.0507 -1.23164 
-26.6068 -52.2576 -1.29056 
-26.6017 -52.4415 -0.896199 
-26.7404 -52.7285 -0.971344 
-26.6404 -52.2493 -0.914531 
-26.6218 -52.2525 -1.09286 
-26.6407 -52.2139 -0.755515 
-26.7434 -52.6682 -0.809082 
-26.6846 -52.0774 -0.868065 
-26.7654 -51.7605 -0.978319 
-26.8194 -52.336 -0.961526 
-26.8225 -52.356 -1.1414 
-26.8645 -52.1576 -1.22053 
-26.802 -52.6648 -1.62883 
-26.7038 -51.8789 -1.12417 
-26.834 -52.3747 -1.33404 
-26.8436 -52.1535 -1.05829 
-26.6637 -52.0606 -1.04775 
-26.7013 -51.8229 -1.49659 
-26.6488 -52.0365 -1.43627 
-26.5025 -52.5572 -1.75863 
-26.843 -52.3917 -1.54736 
-26.7489 -52.9651 -1.61026 
-26.5529 -52.2593 -2.04292 
-26.5574 -52.4948 -1.26742 
-26.5319 -52.5256 -1.49542 
-26.5734 -52.2634 -1.76099 
-26.6201 -51.9598 -2.18174 
-26.8113 -52.716 -1.89351 
-26.7542 -53.0644 -1.89271 
-26.9403 -51.8617 -1.7803 
-26.9594 -51.6661 -1.48398 
-26.6407 -52.0199 -1.65954 
-26.8666 -52.4209 -2.04488 
-26.6303 -51.994 -1.90903 
-26.9146 -52.1126 -2.07074 
-26.845 -51.3373 -1.11946 
-26.9382 -51.7154 -1.32497 
-26.7979 -51.4941 -1.23689 
-26.9243 -51.9008 -1.58378 
-26.839 -51.4198 -0.848997 
-26.7537 -51.6638 -1.29489 
-26.755 -51.6227 -1.48053 
-26.9393 -51.7707 -1.16388 
-26.9054 -51.1261 -0.349573 
-26.9407 -51.5634 -1.08393 
-26.8759 -51.299 -0.637289 
-26.9087 -51.5544 -0.805653 
-26.97 -51.5138 -1.20134 
-26.9106 -51.1489 -1.05437 
-26.9765 -51.3241 -1.02686 
-26.8288 -51.4015 -1.01092 
-26.9751 -51.4024 -0.932961 
-26.888 -51.291 -0.873457 
-26.9224 -51.2143 -0.68699 
-26.9616 -51.0161 -0.513789 
-26.9732 -51.2382 -0.738644 
-26.9028 -51.2385 -0.972578 
-26.9184 -50.9723 -0.155289 
-27.0226 -51.2293 -0.00380796 
-26.9411 -51.1307 -0.75032 
-26.9458 -51.0296 -0.800031 
-26.9109 -51.0861 0.108056 
-26.8633 -51.3788 -0.503977 
-26.9025 -50.9962 -0.00502815 
-26.9108 -51.0855 -0.113928 
-27.0014 -51.3145 -0.349686 
-26.9936 -51.2973 -0.509897 
-26.9829 -51.1821 -0.472371 
-27.0263 -51.2467 -0.262041 
-26.8757 -51.1883 -0.440728 
-26.8801 -51.1902 -0.592028 
-26.8967 -51.1551 -0.212128 
-26.9641 -51.3812 -0.000225058 
-26.9788 -51.3812 -0.580918 
-26.8801 -51.3031 -0.337937 
-26.897 -51.1996 -0.0928027 
-26.8969 -51.2001 0.0914696 
-27.0122 -51.2826 -0.1164 
-26.9914 -51.3167 -0.00106305 
-26.9514 -51.4096 -0.0713412 
-26.9572 -51.4465 -0.459353 
-26.9864 -51.331 -0.203219 
-26.977 -51.3552 -0.0907573 
-26.8876 -51.2858 -0.0747758 
-26.9384 -51.4404 -0.120507 
-26.8879 -51.2521 -0.170049 
-26.8816 -51.3174 -0.222498 
-26.9736 -51.3775 -0.413222 
-26.8873 -51.2206 -0.285627 
-26.8848 -51.3361 -0.126762 
-26.9051 -51.5843 -0.47362 
-26.911 -51.7739 -1.01466 
-26.8514 -51.4788 -0.50433 
-26.8621 -51.3886 -0.647024 
-26.8822 -51.2999 -0.467122 
-26.9483 -51.4474 -0.608718 
-26.9411 -51.5426 -0.638254 
-26.8456 -51.5054 -0.650994 
-26.8986 -51.9797 -1.05719 
-26.8995 -51.6654 -0.779755 
-26.795 -51.5312 -1.06669 
-26.7973 -51.6174 -0.937916 
-26.8966 -51.9495 -1.22081 
-26.8588 -51.5835 -0.789545 
-26.8801 -51.7641 -0.761162 
-26.8582 -51.9809 -0.914789 
-26.796 -51.6131 -0.799301 
-26.8949 -51.8293 -0.887002 
-26.7512 -51.7006 -1.13919 
-26.8063 -51.8012 -0.513774 
-26.83 -51.8235 -0.683481 
-26.8013 -51.9014 -0.419568 
-26.6823 -52.0871 -0.728766 
-26.863 -51.7209 -0.410808 
-26.8795 -51.7007 -0.594727 
-26.8094 -51.8319 -0.308698 
-26.8137 -51.9256 -0.394768 
-26.8527 -51.5375 -0.357347 
-26.8281 -51.7203 -0.568692 
-26.8343 -51.6969 -0.268012 
-26.8239 -51.7479 -0.379216 
-26.9115 -51.5303 -0.243591 
-26.8334 -51.6632 -0.442794 
-26.9049 -51.623 -0.622098 
-26.8894 -51.6548 -0.459326 
-26.8428 -51.5647 -0.480915 
-26.8558 -51.7746 -0.547646 
-26.9251 -51.4736 -0.148625 
-26.9109 -51.5555 -0.351091 
-26.93 -51.4981 -0.348543 
-26.876 -51.3816 -0.251289 
-26.8866 -51.3571 -0.0528768 
-26.8917 -51.4265 0.0001479 
-26.944 -51.439 -0.211193 
-26.8808 -51.3875 -0.158344 
-26.9318 -51.445 -0.0496175 
-26.8881 -51.3823 0.000291672 
-26.9158 -51.4627 -0.0290043 
-26.8731 -51.6739 -0.296694 
-26.9113 -51.5092 -0.155954 
-26.8921 -51.6141 -0.333963 
-26.8696 -51.4489 -0.260346 
-26.8457 -51.6206 -0.319731 
-26.8633 -51.5159 -0.247945 
-26.8969 -51.5468 -0.142718 
-26.8889 -51.441 -0.0439429 
-26.8972 -51.491 -0.0255258 
-26.883 -51.4396 -0.0964927 
-26.8974 -51.5175 -0.0742339 
-26.9032 -51.4629 -0.00851942 
-26.9094 -51.4909 -0.0867493 
-26.9211 -51.4667 -0.0787611 
-26.8887 -51.4101 -0.0322427 
-26.8963 -51.4671 -0.00307659 
-26.9066 -51.4755 -0.0374484 
-26.8474 -51.6537 -0.165193 
-26.8876 -51.5095 -0.00609017 
-26.8803 -51.4843 -0.0871094 
-26.8393 -51.7227 -0.0960558 
-26.8853 -51.5467 -0.0418733 
-26.878 -51.6287 -0.194502 
-26.8772 -51.5311 -0.0574516 
-26.8733 -51.5791 -0.00890448 
-26.8449 -51.7334 -0.0700068 
-26.882 -51.5864 -0.108985 
-26.8958 -51.5791 -0.229997 
-26.8664 -51.556 -0.128103 
-26.8677 -51.6284 -0.0570106 
-26.8606 -51.6146 -0.0782053 
-26.8539 -51.674 -0.0113762 
-26.8555 -51.585 -0.216784 
-26.8536 -51.7344 -0.240145 
-26.8347 -51.7955 -0.166091 
-26.8462 -51.7913 -0.354103 
-26.8302 -51.7906 -0.013257 
-26.8182 -51.8585 -0.0807428 
-26.8029 -51.9254 -0.0146076 
-26.8051 -51.9282 -0.185706 
-26.7738 -52.0698 -0.0147345 
-26.7433 -52.2226 -0.0156169 
-26.721 -52.285 -0.0886856 
-26.6888 -52.4856 -0.0135124 
-26.7327 -52.3071 -0.115589 
-26.7708 -52.0718 -0.193109 
-26.6961 -52.3528 -0.17918 
-26.6965 -52.2604 -0.347733 
-26.7875 -51.9964 -0.0866236 
-26.7865 -51.9953 -0.118175 
-26.7554 -52.1417 -0.122923 
-26.7867 -52.0767 -0.425985 
-26.7419 -52.2221 -0.198354 
-26.7501 -52.1401 -0.346527 
-26.7931 -52.0012 -0.301156 
-26.7732 -52.0524 -0.444052 
-26.7783 -51.9743 -0.33907 
-26.7538 -52.1471 -0.303047 
-26.8042 -51.8758 -0.636667 
-26.7607 -52.271 -0.440338 
-26.7808 -51.9712 -0.556602 
-26.786 -51.9851 -0.505399 
-26.7656 -52.067 -0.652569 
-26.7566 -52.1477 -0.533768 
-26.7475 -52.58 -0.529779 
-26.6132 -52.4034 -0.74124 
-26.6599 -52.241 -0.473471 
-26.6638 -52.237 -0.598036 
-26.7146 -52.3866 -0.212908 
-26.6813 -52.6932 -0.201295 
-26.7505 -52.5564 -0.402522 
-26.6838 -52.6564 -0.143923 
-26.6292 -52.4931 -0.32814 
-26.6303 -52.388 -0.601695 
-26.6351 -52.473 -0.243914 
-26.6447 -52.5676 -0.122881 
-26.6162 -52.5093 -0.426 
-26.607 -52.5508 -0.533776 
-26.6082 -52.6501 -0.308732 
-26.7079 -52.7024 -0.46945 
-26.6338 -52.6684 -0.0746604 
-26.6245 -52.7127 -0.0983517 
-26.6505 -52.7262 -0.0771325 
-26.6208 -52.6106 -0.241456 
-26.6455 -52.6411 -0.0567954 
-26.7068 -52.62 -0.281294 
-26.671 -52.4138 -0.261818 
-26.6568 -52.6854 -0.0569983 
-26.6302 -52.5765 -0.178569 
-26.6713 -52.6334 -0.00710896 
-26.6647 -52.6541 -0.0418601 
-26.6443 -52.6056 -0.0352088 
-26.7061 -52.4394 -0.0980901 
-26.7019 -52.5806 -0.205307 
-26.7391 -52.533 -0.293592 
-26.6884 -52.5095 -0.174716 
-26.6659 -52.6376 -0.0214594 
-26.6917 -52.6353 -0.0921465 
-26.6969 -52.4196 -0.0799429 
-26.6939 -52.5732 -0.0719669 
-26.6719 -52.5714 -0.00685369 
-26.6637 -52.5176 -0.0586396 
-26.6555 -52.6088 -0.0165731 
-26.6806 -52.6279 -0.0414821 
