0
0
0
0
0
-0.00255385
0
-0.00255458
5.62085e-06
0
0
-0.00214715
0
-0.000214271
3.3294e-05
-0.00213184
-5.7165e-06
0
0
-0.000214076
0
-0.00214658
-3.32708e-05
-0.0021313
8.44645e-06
0
0
-0.00183827
0
-0.000429077
3.08791e-05
-0.00200777
-8.53271e-06
0
0
-0.000428697
0
-0.00183809
-3.07451e-05
-0.0020071
8.03141e-06
0
0
-0.00157164
0
-0.0006455
2.22743e-05
-0.00194024
-8.21206e-06
0
0
-0.000645025
0
-0.00157167
-2.20695e-05
-0.00193975
4.66572e-06
0
0
-0.00132442
0
-0.000865488
1.11983e-05
-0.00190579
-4.88597e-06
0
0
-0.00086504
0
-0.00132468
-1.10797e-05
-0.0019056
-1.15556e-07
0
0
-0.00109063
0
-0.00109094
4.11519e-08
-0.00189544
-2.75411e-06
-0.000171683
-2.88756e-06
-0.00173672
3.18253e-06
-0.00173614
2.45463e-06
-0.000177749
1.01496e-05
-0.000962967
1.38185e-05
-0.0011874
-1.03753e-05
-0.0009563
-1.39758e-05
-0.00118114
-1.01562e-05
-0.00175934
-7.05677e-06
-0.000172676
1.8934e-05
-0.00141192
6.8426e-06
-0.000180358
-7.71551e-06
-0.000739373
-1.91494e-05
-0.00140678
1.05322e-05
-0.0017583
7.60591e-06
-0.000743477
-2.24131e-05
-0.00180387
-9.27488e-06
-0.000183516
2.68865e-05
-0.00164104
6.26744e-06
-0.000523071
2.2554e-05
-0.00180448
-6.48274e-06
-0.000523384
9.17622e-06
-0.000191514
-2.70567e-05
-0.00163728
-3.40529e-05
-0.00190302
-7.95259e-06
-0.000175666
5.17376e-06
-0.000324657
3.41514e-05
-0.0019036
2.73649e-07
-0.00157612
-3.54785e-07
-0.000342485
1.76681e-05
-0.0010403
-1.74354e-05
-0.001032
-1.11184e-05
-0.0015873
-5.52726e-06
-0.000342257
1.16975e-05
-0.00158732
5.03836e-06
-0.000362395
1.34724e-05
-0.00082932
-1.33603e-05
-0.000814428
2.2919e-05
-0.00125324
-2.28781e-05
-0.00124546
2.99657e-05
-0.00145752
-8.89064e-06
-0.000342578
-2.27566e-05
-0.00162656
8.70764e-06
-0.000364574
1.04252e-05
-0.000619332
-2.98495e-05
-0.00145019
2.31658e-05
-0.00162829
-1.05398e-05
-0.000611434
-3.60901e-05
-0.00167177
-9.43324e-06
-0.000380503
9.2178e-06
-0.000388282
3.62839e-05
-0.00167513
-5.26227e-06
-0.000324218
-3.75767e-05
-0.0018675
7.813e-06
-0.000178098
3.75258e-05
-0.00186936
-6.08636e-06
-0.00141868
-3.51465e-06
-0.000509126
2.53386e-06
-0.00051484
6.73686e-06
-0.00142151
1.52763e-05
-0.000908685
-1.93542e-05
-0.00109719
1.96155e-05
-0.00110498
-1.47681e-05
-0.000902511
-8.72931e-06
-0.000511934
-1.87531e-05
-0.00143979
1.22598e-05
-0.000710379
8.59118e-06
-0.000562106
-1.17383e-05
-0.000687506
1.95511e-05
-0.00144664
2.36573e-05
-0.00130918
-2.31997e-05
-0.00130015
-1.06384e-05
-0.000507133
-2.83171e-05
-0.00149425
1.04407e-05
-0.000528101
2.87169e-05
-0.00150058
-4.08096e-06
-0.000148559
-4.79581e-05
-0.00209626
4.79849e-05
-0.00209704
3.98704e-06
-0.000148905
3.36763e-07
-0.00124557
-1.09094e-06
-0.000687809
1.27804e-05
-0.000976502
-1.21732e-05
-0.000972082
-7.38259e-06
-0.000666059
-1.12406e-05
-0.00126372
9.80758e-06
-0.000787188
1.25572e-05
-0.00128121
-6.02614e-06
-0.000846821
-4.78309e-06
-0.00105421
3.28861e-06
-0.000880518
6.77182e-06
-0.00109177
-1.10898e-05
-0.000810249
-1.56003e-05
-0.00113979
5.2618e-06
-0.000682524
1.61278e-05
-0.00115278
