0
0
0
0
0
-0.00455945
0
-0.00455946
2.80479e-06
0
0
-0.00415342
0
-0.000199364
3.99703e-05
-0.00413299
-2.81143e-06
0
0
-0.000199351
0
-0.00415341
-3.99699e-05
-0.004133
5.28075e-06
0
0
-0.00384415
0
-0.000398791
4.34622e-05
-0.00400022
-5.28001e-06
0
0
-0.000398771
0
-0.00384414
-4.34624e-05
-0.00400022
7.16954e-06
0
0
-0.00357611
0
-0.000598381
4.0362e-05
-0.00391804
-7.17621e-06
0
0
-0.000598364
0
-0.00357611
-4.03613e-05
-0.00391804
8.24707e-06
0
0
-0.00332734
0
-0.000798322
3.4834e-05
-0.00386268
-8.24696e-06
0
0
-0.000798316
0
-0.00332733
-3.48315e-05
-0.00386268
8.48278e-06
0
0
-0.00309242
0
-0.000998716
2.90403e-05
-0.0038239
-8.48751e-06
0
0
-0.000998728
0
-0.00309242
-2.9036e-05
-0.00382391
7.88236e-06
0
0
-0.00286656
0
-0.00119976
2.31472e-05
-0.00379577
-7.90704e-06
0
0
-0.00119976
0
-0.00286656
-2.3142e-05
-0.00379579
6.57921e-06
0
0
-0.00264739
0
-0.0014016
1.73071e-05
-0.00377575
-6.6095e-06
0
0
-0.00140159
0
-0.00264739
-1.7301e-05
-0.00377576
4.7079e-06
0
0
-0.00243308
0
-0.00160446
1.15033e-05
-0.00376226
-4.73873e-06
0
0
-0.00160445
0
-0.00243308
-1.14967e-05
-0.00376227
2.44657e-06
0
0
-0.00222239
0
-0.00180862
5.74301e-06
-0.00375448
-2.47661e-06
0
0
-0.00180861
0
-0.00222239
-5.73569e-06
-0.00375448
-1.48155e-08
0
0
-0.00201444
0
-0.00201444
3.34662e-09
-0.00375193
1.23469e-06
-0.000165385
-6.19936e-07
-0.00359057
6.29363e-07
-0.00359059
-6.97723e-06
-0.00211336
-1.2703e-06
-0.000165329
5.87104e-06
-0.00190763
-5.89826e-06
-0.00190768
6.96506e-06
-0.00211362
-8.36298e-06
-0.00232104
8.36019e-06
-0.00232136
-3.67493e-06
-0.000165554
3.63684e-06
-0.000165712
-1.76026e-06
-0.00359582
1.76414e-06
-0.00359576
-5.04362e-06
-0.00170357
5.00801e-06
-0.00170311
-2.54646e-06
-0.00360668
-5.77991e-06
-0.000166019
1.01104e-05
-0.00253136
2.54192e-06
-0.00360654
-1.01112e-05
-0.00253113
5.73907e-06
-0.00016644
-4.3604e-06
-0.00150085
4.32867e-06
-0.00149953
-2.65538e-06
-0.00362372
-1.23409e-05
-0.00274436
1.23384e-05
-0.00274449
2.64551e-06
-0.00362355
7.35736e-06
-0.000167782
-7.39812e-06
-0.000166781
-3.82243e-06
-0.00129902
3.79323e-06
-0.00129649
8.32736e-06
-0.000170031
1.59425e-06
-0.00364807
-8.35295e-06
-0.000167624
-1.60358e-06
-0.00364819
3.36898e-06
-0.00109506
-3.41483e-06
-0.0010976
1.52522e-05
-0.00296174
-1.52461e-05
-0.00296167
8.53264e-06
-0.00017652
1.93053e-05
-0.00318448
1.35481e-06
-0.00368188
-1.3597e-06
-0.00368181
-1.93028e-05
-0.00318444
-8.52422e-06
-0.000168977
3.03841e-06
-0.000893915
-3.14184e-06
-0.000895064
-2.87898e-06
-0.000694695
7.5175e-06
-0.00372861
2.39499e-05
-0.00341109
-2.39482e-05
-0.00341108
-7.518e-06
-0.00372857
7.85938e-06
-0.000176547
-7.84511e-06
-0.000170592
2.79449e-06
-0.0006929
-2.77969e-06
-0.000493019
3.0781e-05
-0.00364241
-2.02401e-05
-0.00379231
6.35711e-06
-0.000184901
2.02416e-05
-0.00379232
-3.07804e-05
-0.0036424
-6.32434e-06
-0.000179476
2.69629e-06
-0.000489025
-2.44503e-06
-0.000304861
3.19344e-05
-0.00390265
-3.19336e-05
-0.00390264
4.20436e-06
-0.000168736
-1.96108e-08
-0.000330402
9.69313e-11
-0.00342985
1.17542e-05
-0.00199964
-1.17847e-05
-0.00199938
-2.25044e-06
-0.00343241
-1.38808e-05
-0.00220307
-2.54998e-06
-0.000330598
1.38653e-05
-0.00220369
2.50789e-06
-0.00033074
2.24664e-06
-0.00343266
-1.01023e-05
-0.00179679
1.00555e-05
-0.00179646
-4.75187e-06
-0.00344062
4.7395e-06
-0.00344097
-4.87672e-06
-0.00033127
4.82768e-06
-0.00033171
1.64664e-05
-0.00240892
-1.64704e-05
-0.00240802
8.68796e-06
-0.00159372
-8.75509e-06
-0.00159513
-7.66041e-06
-0.00139473
-1.96163e-05
-0.00261396
-6.79983e-06
-0.000332354
7.59671e-06
-0.00139118
7.74987e-06
-0.00345532
1.96115e-05
-0.00261458
-7.76564e-06
-0.00345498
6.7418e-06
-0.000333417
-8.1387e-06
-0.000334339
-1.16124e-05
-0.00347594
1.1595e-05
-0.00347625
-2.34252e-05
-0.0028212
2.34227e-05
-0.00282162
8.08127e-06
-0.000336556
-6.79857e-06
-0.00119476
6.73577e-06
-0.00118848
-8.70946e-06
-0.000336033
-1.65152e-05
-0.00350587
6.04336e-06
-0.000988259
-6.12532e-06
-0.000994745
1.65049e-05
-0.00350606
2.8212e-05
-0.00302993
8.67687e-06
-0.000341569
-2.8203e-05
-0.00302975
-2.28456e-05
-0.00354597
-8.43768e-06
-0.000339458
8.45123e-06
-0.000357155
3.36746e-05
-0.00324278
2.28434e-05
-0.00354607
5.50132e-06
-0.000787138
-3.36692e-05
-0.00324272
-5.72151e-06
-0.000787768
-3.02684e-05
-0.00360672
-7.26205e-06
-0.000338688
3.90751e-05
-0.00344946
3.02716e-05
-0.00360675
7.2925e-06
-0.000354922
5.03993e-06
-0.000586705
-5.23471e-06
-0.000590339
-3.90727e-05
-0.00344944
-4.13593e-05
-0.00366964
-5.13411e-06
-0.000367679
4.13611e-05
-0.00366964
5.08918e-06
-0.000369791
-3.89041e-05
-0.0038731
-4.20264e-06
-0.000168532
2.43945e-06
-0.000303613
3.89053e-05
-0.00387311
-2.26655e-06
-0.00327172
-1.33984e-06
-0.000495112
2.24504e-06
-0.00327188
-1.68018e-05
-0.00208443
1.29966e-06
-0.000495223
1.67773e-05
-0.00208529
1.44587e-05
-0.0018847
-1.44989e-05
-0.00188472
-3.87502e-06
-0.000495731
1.95746e-05
-0.00228607
3.82913e-06
-0.000496062
6.84303e-06
-0.00327794
-1.26002e-05
-0.00168523
-1.95856e-05
-0.00228476
-6.87241e-06
-0.00327734
1.25438e-05
-0.00168397
-1.17421e-05
-0.00328907
-6.10088e-06
-0.000496842
1.17102e-05
-0.00328971
-2.28539e-05
-0.00248581
6.04427e-06
-0.000497675
2.28601e-05
-0.00248708
1.0985e-05
-0.00148253
-1.10687e-05
-0.00148598
-1.70659e-05
-0.0033072
-7.81478e-06
-0.000498749
2.66262e-05
-0.00268626
-2.66227e-05
-0.0026854
1.70448e-05
-0.0033077
7.74594e-06
-0.000499938
9.72558e-06
-0.00128141
-9.80778e-06
-0.0012889
-8.85914e-06
-0.000503315
-2.30723e-05
-0.00333131
3.08504e-05
-0.00288494
2.30593e-05
-0.00333167
-3.0841e-05
-0.0028845
8.73225e-06
-0.00107877
8.79061e-06
-0.000505717
-8.81268e-06
-0.00109221
-2.9307e-05
-0.00336636
-9.03361e-06
-0.000505918
2.9304e-05
-0.00336658
3.53643e-05
-0.00308298
-3.53536e-05
-0.0030828
8.99808e-06
-0.000508949
7.91288e-06
-0.000881
-7.98004e-06
-0.000896484
-3.59219e-05
-0.00341058
-8.36461e-06
-0.000512371
3.95267e-05
-0.00328511
3.59246e-05
-0.00341066
8.36424e-06
-0.000550427
-3.9522e-05
-0.00328501
7.33218e-06
-0.000685072
-7.68548e-06
-0.000683632
-4.00298e-05
-0.00348281
-6.83957e-06
-0.000499252
4.00327e-05
-0.00348285
6.73699e-06
-0.000508761
-4.64218e-05
-0.00410144
1.96114e-06
-0.000139141
4.64225e-05
-0.00410144
-1.96721e-06
-0.000139285
-2.57621e-08
-0.00311315
-2.15193e-08
-0.000659294
1.77113e-05
-0.00196893
-1.7738e-05
-0.00196802
-2.74739e-06
-0.000659581
-5.82835e-06
-0.00311627
2.03512e-05
-0.00216617
-2.03601e-05
-0.00216415
5.78051e-06
-0.00311595
2.70808e-06
-0.000660001
-1.55079e-05
-0.00177176
1.54669e-05
-0.0017712
2.34354e-05
-0.002363
-1.16942e-05
-0.00312539
1.16475e-05
-0.00312568
5.22055e-06
-0.000661291
-5.25236e-06
-0.000660247
-2.34217e-05
-0.0023609
1.35871e-05
-0.00157241
-1.36419e-05
-0.00157513
-1.76598e-05
-0.00314092
-7.33162e-06
-0.000661542
2.6827e-05
-0.00255963
1.76297e-05
-0.00314136
7.31279e-06
-0.00066332
-1.21334e-05
-0.0013775
-2.67983e-05
-0.00255784
1.20488e-05
-0.00137099
-2.37575e-05
-0.00316357
-8.76898e-06
-0.000663525
-3.04681e-05
-0.00274928
2.3747e-05
-0.00316392
3.04926e-05
-0.00275035
8.77633e-06
-0.000665775
1.07928e-05
-0.00117245
-1.08901e-05
-0.00118616
-9.45437e-06
-0.000677434
-3.01516e-05
-0.00318466
3.4064e-05
-0.00293808
3.01498e-05
-0.00318507
9.54857e-06
-0.000676333
9.80971e-06
-0.000967257
-9.9621e-06
-0.000996158
-3.40452e-05
-0.00293761
-9.11201e-06
-0.000675136
-3.51824e-05
-0.00323041
3.51859e-05
-0.00323065
8.92361e-06
-0.00076948
-1.49316e-06
-0.000823482
-3.24954e-06
-0.00295687
1.40524e-06
-0.000823655
3.1442e-06
-0.00295593
1.71989e-05
-0.00185621
1.95468e-05
-0.00205012
-1.95363e-05
-0.00204764
-1.72068e-05
-0.00185496
2.21979e-05
-0.0022436
-4.28146e-06
-0.000823794
-9.61389e-06
-0.00296321
-2.21637e-05
-0.0022403
-1.52182e-05
-0.00166139
1.52063e-05
-0.0016612
4.21089e-06
-0.000825279
9.52114e-06
-0.00296076
-1.58926e-05
-0.0029755
-6.71705e-06
-0.000824646
6.66536e-06
-0.000826485
1.58148e-05
-0.00297412
-2.51561e-05
-0.00243409
1.35019e-05
-0.00146489
2.52118e-05
-0.00243669
-1.35207e-05
-0.00146716
-2.19849e-05
-0.00299399
-8.61408e-06
-0.000826544
2.81652e-05
-0.00263168
2.19503e-05
-0.00299349
8.57008e-06
-0.000828847
-2.81151e-05
-0.00262986
1.20953e-05
-0.00126269
-1.21343e-05
-0.00126773
-9.73166e-06
-0.000827137
-2.77316e-05
-0.00302179
2.7731e-05
-0.00302211
3.12352e-05
-0.00281783
9.69404e-06
-0.000827667
1.09475e-05
-0.0010702
-3.12076e-05
-0.00281708
-1.09939e-05
-0.00107949
-3.33048e-05
-0.00302468
-1.01076e-05
-0.000865631
1.00748e-05
-0.000853869
3.33148e-05
-0.0030251
-9.09557e-06
-0.000822984
-3.67052e-05
-0.00311195
9.34308e-06
-0.000670283
3.67158e-05
-0.00311224
-8.56772e-08
-0.000988506
-8.44795e-08
-0.00279833
-1.75993e-05
-0.00193573
1.76529e-05
-0.00193868
-6.67323e-06
-0.00280321
-3.13885e-06
-0.000986988
1.98886e-05
-0.00212817
-1.97949e-05
-0.00212477
2.99319e-06
-0.000988904
6.49997e-06
-0.0027989
-1.56726e-05
-0.00174678
1.57034e-05
-0.0017486
-1.31878e-05
-0.00281098
-5.97664e-06
-0.000989722
2.22744e-05
-0.00231719
-2.2178e-05
-0.00231409
5.89021e-06
-0.000992753
1.40453e-05
-0.0015572
1.30058e-05
-0.00280506
-1.40099e-05
-0.00155674
-1.92741e-05
-0.00282609
-8.2845e-06
-0.000989501
8.24249e-06
-0.000992193
1.9165e-05
-0.00282295
2.49173e-05
-0.00250519
-2.48167e-05
-0.00250298
1.26017e-05
-0.00136617
-1.25871e-05
-0.00136709
-2.49319e-05
-0.00284515
-9.9756e-06
-0.000993592
2.6798e-05
-0.00270012
2.49155e-05
-0.00284488
9.95319e-06
-0.000994863
1.12718e-05
-0.00116033
-1.12841e-05
-0.00116237
-2.67689e-05
-0.00269966
-2.93381e-05
-0.0028802
-1.061e-05
-0.000986212
1.05746e-05
-0.000982297
2.93487e-05
-0.00288051
-3.35507e-06
-0.0026439
-1.7951e-06
-0.00115189
1.52309e-06
-0.00115567
1.51048e-05
-0.00183287
3.16247e-06
-0.00263773
-1.66679e-05
-0.00201503
1.68601e-05
-0.00201916
-1.49898e-05
-0.00182768
-4.90856e-06
-0.00114941
-9.76005e-06
-0.00265271
1.88631e-05
-0.00220291
1.35674e-05
-0.00164748
9.48717e-06
-0.00264096
-1.86387e-05
-0.00220083
-1.34569e-05
-0.00164377
4.75613e-06
-0.00115506
-1.60087e-05
-0.00265542
-7.76085e-06
-0.001159
2.07337e-05
-0.00238526
1.22831e-05
-0.00146184
1.57511e-05
-0.0026457
7.70406e-06
-0.00116427
-2.05948e-05
-0.00238347
-1.22158e-05
-0.00146054
-2.14015e-05
-0.00267915
-9.84699e-06
-0.00115196
9.8354e-06
-0.00115373
2.13505e-05
-0.00267729
-2.5632e-07
-0.00131913
-2.21988e-07
-0.00248503
1.34505e-05
-0.00191573
-1.32039e-05
-0.00190464
-6.29273e-06
-0.00249234
-3.72366e-06
-0.00131838
1.21325e-05
-0.00172998
3.45416e-06
-0.00132594
5.99801e-06
-0.00247183
1.49482e-05
-0.00209936
-1.45198e-05
-0.00209996
-1.18463e-05
-0.00172012
-1.21258e-05
-0.00250527
-6.85229e-06
-0.00130832
1.67391e-05
-0.00228317
1.10383e-05
-0.0015443
6.75482e-06
-0.00132111
1.16923e-05
-0.00248239
-1.63513e-05
-0.00228403
-1.08757e-05
-0.00153929
-1.77681e-05
-0.00248753
-9.81871e-06
-0.00133671
1.77332e-05
-0.00248211
9.80649e-06
-0.00134156
-2.25633e-05
-0.00255005
-1.12843e-05
-0.00129519
2.26478e-05
-0.00255031
1.12999e-05
-0.00129566
-3.26027e-06
-0.0023343
-2.24615e-06
-0.00149424
2.29488e-06
-0.00232769
1.70095e-06
-0.00147739
9.78303e-06
-0.00181786
1.08617e-05
-0.00199801
-1.06364e-05
-0.0019897
-9.23566e-06
-0.00179725
-8.76975e-06
-0.00234173
-5.81638e-06
-0.00148276
1.20173e-05
-0.00217781
9.0261e-06
-0.00163221
-1.34025e-05
-0.00236018
-8.52187e-06
-0.00145434
1.34341e-05
-0.00234301
8.53975e-06
-0.00146803
6.47628e-06
-0.00190227
-3.57221e-07
-0.00165215
-6.67247e-07
-0.00216815
-6.23183e-06
-0.00188753
-5.751e-06
-0.00219105
6.33809e-06
-0.00171128
7.53451e-06
-0.0020871
-1.12046e-05
-0.00218795
-8.4943e-06
-0.00161722
5.71515e-06
-0.00150664
8.23604e-06
-0.0022943
-3.04109e-06
-0.00201937
-1.71616e-06
-0.00183756
2.6586e-06
-0.00179525
2.24001e-06
-0.00199395
-7.43368e-06
-0.00205529
3.26863e-06
-0.00162737
4.01505e-06
-0.00217525
-4.87156e-06
-0.00168146
