TITLE = "Written by meshio v4.3.8"
VARIABLES = "X", "Y"
ZONE NODES = 945, ELEMENTS = 1768,
DATAPACKING = BLOCK, ZONETYPE = FETRIANGLE
0.01 0.02 0.02 0.01 0.01 0.01035738678544106 0.010710120112115846 0.011062021541327382 0.011414003769158777 0.011767372715876825 0.01212246137815182 0.01247915419480416 0.012837185989701246 0.013196274564490008 0.013556167745671643 0.013916652763798196 0.014277551625601403 0.014638712391687698 0.015000000000000043 0.01536128760831239
0.015722448374398696 0.01608334723620191 0.016443832254328473 0.01680372543551012 0.017162814010298885 0.017520845805195973 0.017877538621848307 0.0182326272841233 0.018585996230841326 0.018937978458672698 0.01928987988788421 0.01964261321455897 0.02 0.010274294018411454 0.010571829347336234 0.01089563350029541 0.011235880482677759 0.011585164647376543 0.011939293283649656 0.012296119597187545
0.012654567515074386 0.013014075307171122 0.013374320904984232 0.013735095456811671 0.014096246267497 0.01445765030682493 0.014819200784032689 0.015180799215967423 0.01554234969317519 0.015903753732503117 0.01626490454318844 0.01662567909501587 0.01698592469282898 0.01734543248492573 0.017703880402812573 0.018060706716350468 0.018414835352623567 0.018764119517322334 0.019104366499704657 0.019428170652663803
0.019725705981588553 0.01 0.010324301132444915 0.010672669372049337 0.011029993902644426 0.01138908562028746 0.011748704820354349 0.012108723660319886 0.012469142703954784 0.012829943206694311 0.01319108496534139 0.013552516719832281 0.013914182361353045 0.014276023869523301 0.014637982636518896 0.015000000000000062 0.015362017363481226 0.015723976130476824 0.016085817638647082 0.016447483280167836
0.016808915034658714 0.01717005679330578 0.017530857296045317 0.01789127633968023 0.018251295179645754 0.018610914379712618 0.018970006097355642 0.01932733062795071 0.019675698867555085 0.019999999999999997 0.009999999999999998 0.010423927732308061 0.01081378447345639 0.011187450555609997 0.011554427728046202 0.011918628944457568 0.012281657380423028 0.012644204580396506 0.013006581658929374 0.013368930277937695
0.013731311096932918 0.014093743328048945 0.014456223859666318 0.014818737410635887 0.015181262589364244 0.015543776140333799 0.01590625667195117 0.016268688903067194 0.0166310697220624 0.016993418341070706 0.017355795419603585 0.01771834261957707 0.018081371055542545 0.018445572271953887 0.018812549444390064 0.019186215526543676 0.019576072267692007 0.02 0.010000000000000002 0.010288149172488872
0.010633611091967329 0.010997073787617115 0.011363251314638617 0.011728853079486967 0.012093563740544084 0.012457598513120088 0.012821195322189706 0.013184529211143601 0.013547714877808205 0.013910822843882778 0.014273893832391202 0.014636949448961963 0.015000000000000064 0.015363050551038154 0.01572610616760892 0.01608917715611733 0.0164522851221919 0.016815470788856503 0.017178804677810387 0.017542401486880008
0.017906436259456013 0.018271146920513136 0.01863674868536147 0.019002926212382944 0.01936638890803271 0.019711850827511125 0.02 0.01 0.010407291755535925 0.010793651995532344 0.011168261055667247 0.011537761629969811 0.011904752531670136 0.012270377558208187 0.012635198271231086 0.012999521736892113 0.01336353098515095 0.013727341500418396 0.01409102858464145 0.01445464250604754
0.01481821812570903 0.015181781874291108 0.015545357493952583 0.015908971415358655 0.01627265849958171 0.01663646901484916 0.01700047826310798 0.017364801728769 0.017729622441791902 0.01809524746832996 0.018462238370030287 0.018831738944332828 0.019206348004467702 0.019592708244464102 0.019999999999999997 0.01 0.01028707677564913 0.010624945688245426 0.010984803130529503 0.01135053141653801
0.011717164121983903 0.012083403147324851 0.012449052293269914 0.012814192066573412 0.013178946081149594 0.013543423363550274 0.013907709339292107 0.014271869007010293 0.014635952407556498 0.015000000000000072 0.015364047592443659 0.01572813099298984 0.016092290660708008 0.016456576636449827 0.01682105391885051 0.017185807933426677 0.01755094770673017 0.01791659685267524 0.018282835878016174 0.018649468583462062
0.019015196869470542 0.0193750543117546 0.019712923224350868 0.020000000000000004 0.01 0.010403838615275343 0.010786684235323172 0.011159586020393141 0.011528768569240795 0.011896276518739785 0.012262813390151736 0.012628697803644135 0.012994116699162702 0.013359198304144355 0.013724037525547721 0.014088707464840686 0.0144532662774098 0.014817762205972909 0.01518223779402724 0.015546733722590337
0.015911292535159445 0.016275962474452406 0.01664080169585575 0.01700588330083739 0.017371302196355947 0.01773718660984835 0.018103723481260287 0.018471231430759252 0.018840413979606896 0.019213315764676865 0.019596161384724673 0.02 0.01 0.010286471445613137 0.010622611927291003 0.010980247194819966 0.011344600454335548 0.011710784312704762 0.01207721098637181 0.01244340366321128
0.012809266200424638 0.013174823598058081 0.013540132670881697 0.013905253132307397 0.014270239576409795 0.01463514055216553 0.015000000000000057 0.015364859447834592 0.01572976042359033 0.016094746867692727 0.016459867329118423 0.01682517640194201 0.017190733799575454 0.017556596336788806 0.01792278901362826 0.018289215687295288 0.018655399545664475 0.019019752805180055 0.019377388072709015 0.019713528554386864
0.02 0.01 0.010402835803838733 0.010784507087047038 0.01115614324833654 0.0115244725822669 0.011891639495296882 0.012258249453665179 0.012624481619065084 0.012990414323486703 0.013356104477877995 0.013721603324085981 0.014086958458962849 0.014452213995150063 0.01481741108358801 0.015182588916412108 0.01554778600485005 0.015913041541037256 0.01627839667591411 0.016643895522122094
0.01700958567651337 0.017375518380934984 0.017741750546334898 0.01810836050470317 0.01847552741773315 0.018843856751663498 0.019215492912952985 0.01959716419616129 0.02 0.01 0.01028618036883276 0.010621788036074532 0.010978624711774238 0.01134211494130763 0.011707683253292902 0.012073832001017665 0.012440042985085472 0.012806140430533446 0.013172078240733728 0.013537860937582793
0.013903512548868154 0.014269064113823133 0.014634548768058626 0.015000000000000053 0.015365451231941479 0.015730935886176956 0.016096487451131923 0.01646213906241726 0.01682792175926633 0.017193859569466608 0.017559957014914578 0.017926167998982386 0.018292316746707137 0.018657885058692404 0.019021375288225787 0.019378211963925498 0.01971381963116726 0.02 0.01 0.010402502591173212
0.010783734530931056 0.011154827509589306 0.011522601963726993 0.011889360473070572 0.012255775368747947 0.012622017531786269 0.012988124426717587 0.013354108504663236 0.013719983728361643 0.014085769350537439 0.014451488680744794 0.014817167441268679 0.015182832558731409 0.015548511319255288 0.015914230649462634 0.0162800162716384 0.0166458914953368 0.017011875573282462 0.01737798246821378 0.0177442246312521
0.01811063952692948 0.018477398036273043 0.018845172490410712 0.019216265469068954 0.0195974974088268 0.02 0.01 0.010286034662126608 0.01062147272767259 0.010978009866896373 0.011341114226458416 0.011706299901393644 0.012072168083130611 0.012438246242527054 0.012804358423174067 0.013170435129648399 0.0135364515557853 0.013902404614055676 0.014268302926077989 0.014634161747333275
0.015000000000000029 0.01536583825266678 0.015731697073922055 0.016097595385944356 0.016463548444214708 0.016829564870351615 0.017195641576825946 0.017561753757472966 0.017927831916869405 0.01829370009860637 0.018658885773541602 0.019021990133103635 0.01937852727232741 0.019713965337873382 0.019999999999999997 0.01 0.010402404913281092 0.010783463544875563 0.011154326454423628 0.011521833909131689
0.011888339690200945 0.012254573564229184 0.012620736646995742 0.012986869023104614 0.013352969363557085 0.013719031905263978 0.01408505616996102 0.014451048068304544 0.014817018518297401 0.01518298148170263 0.015548951931695483 0.01591494383003899 0.016280968094736014 0.016647030636442905 0.017013130976895365 0.01737926335300424 0.017745426435770803 0.01811166030979905 0.018478166090868307 0.018845673545576373
0.01921653645512444 0.019597595086718912 0.019999999999999997 0.01 0.010285964967896855 0.010621358760431507 0.010977787708718486 0.011340732711174879 0.011705737779881573 0.012071443044399036 0.012437411323287004 0.012803484781471855 0.013169595109381638 0.01353570809530473 0.013901806944828007 0.014267886145788338 0.014633948028575325 0.015000000000000003 0.015366051971424674 0.015732113854211645
0.01609819305517196 0.016464291904695238 0.01683040489061832 0.017196515218528097 0.017562588676712954 0.017928556955600937 0.018294262220118408 0.01865926728882511 0.019022212291281516 0.019378641239568506 0.019714035032103148 0.019999999999999997 0.01 0.010402384796262817 0.010783383003269753 0.011154160462604992 0.011521562517095648 0.011887958446824148 0.012254099859923264 0.012620206979918168
0.01298632908844605 0.013352464347938704 0.0137186004308901 0.014084727846004964 0.014450843253887999 0.014816948970272132 0.015183051029727822 0.01554915674611196 0.01591527215399499 0.01628139956910986 0.016647535652061268 0.01701367091155391 0.017379793020081784 0.017745900140076692 0.018112041553175817 0.01847843748290434 0.018845839537395 0.019216616996730242 0.019597615203737182 0.02
0.01 0.010285944159720235 0.010621331049316243 0.010977733522769798 0.01134063541327165 0.011705588467578066 0.012071243052648093 0.012437172604235784 0.012803227095067591 0.013169341071900209 0.013535478968939724 0.013901620238551559 0.01426775477015724 0.014633880314852722 0.014999999999999984 0.01536611968514725 0.015732245229842727 0.016098379761448407 0.016464521031060247 0.01683065892809977
0.01719677290493238 0.017562827395764178 0.017928756947351868 0.01829441153242191 0.018659364586728334 0.019022266477230192 0.019378668950683745 0.019714055840279774 0.020000000000000004 0.010000000000000002 0.010402384796262818 0.010783383003269748 0.011154160462604997 0.011521562517095654 0.011887958446824158 0.012254099859923285 0.012620206979918185 0.01298632908844607 0.01335246434793872 0.013718600430890114
0.014084727846004973 0.01445084325388801 0.014816948970272144 0.015183051029727836 0.015549156746111981 0.01591527215399501 0.016281399569109872 0.01664753565206128 0.017013670911553935 0.017379793020081816 0.017745900140076716 0.018112041553175834 0.018478437482904352 0.018845839537395014 0.01921661699673024 0.019597615203737172 0.02 0.01 0.010285964967896858 0.010621358760431503
0.010977787708718484 0.011340732711174889 0.011705737779881587 0.012071443044399064 0.012437411323287047 0.012803484781471901 0.013169595109381689 0.013535708095304775 0.013901806944828045 0.014267886145788364 0.014633948028575332 0.015000000000000005 0.015366051971424679 0.015732113854211645 0.016098193055171958 0.016464291904695234 0.01683040489061833 0.01719651521852813 0.017562588676712978 0.01792855695560095
0.01829426222011841 0.01865926728882511 0.01902221229128151 0.019378641239568496 0.01971403503210315 0.02 0.009999999999999998 0.010402404913281094 0.010783463544875572 0.01115432645442364 0.011521833909131701 0.011888339690200955 0.01225457356422921 0.012620736646995777 0.012986869023104643 0.01335296936355712 0.01371903190526402 0.014085056169961058 0.014451048068304552 0.014817018518297403
0.015182981481702636 0.015548951931695485 0.01591494383003899 0.016280968094736024 0.016647030636442905 0.017013130976895368 0.017379263353004246 0.017745426435770807 0.018111660309799046 0.018478166090868286 0.018845673545576352 0.019216536455124417 0.019597595086718895 0.02 0.009999999999999998 0.010286034662126626 0.01062147272767262 0.010978009866896399 0.011341114226458428 0.01170629990139366
0.012072168083130625 0.012438246242527073 0.012804358423174098 0.01317043512964843 0.013536451555785345 0.013902404614055707 0.014268302926078006 0.014634161747333271 0.015000000000000022 0.015365838252666771 0.01573169707392204 0.016097595385944335 0.016463548444214698 0.01682956487035159 0.01719564157682593 0.017561753757472952 0.017927831916869405 0.01829370009860635 0.018658885773541568 0.019021990133103607
0.01937852727232739 0.019713965337873396 0.02 0.01 0.010402502591173217 0.010783734530931085 0.011154827509589339 0.01152260196372702 0.011889360473070591 0.012255775368747971 0.012622017531786293 0.012988124426717611 0.013354108504663263 0.013719983728361668 0.014085769350537444 0.014451488680744794 0.014817167441268672 0.015182832558731386 0.01554851131925527 0.01591423064946262
0.016280016271638387 0.016645891495336778 0.017011875573282435 0.01737798246821375 0.017744224631252067 0.01811063952692944 0.018477398036273004 0.018845172490410685 0.01921626546906893 0.01959749740882677 0.02 0.01 0.010286180368832764 0.01062178803607455 0.010978624711774276 0.011342114941307678 0.011707683253292939 0.012073832001017701 0.012440042985085505 0.012806140430533465
0.013172078240733746 0.013537860937582816 0.013903512548868157 0.014269064113823136 0.014634548768058617 0.015000000000000041 0.01536545123194146 0.015730935886176935 0.016096487451131906 0.016462139062417246 0.016827921759266312 0.017193859569466587 0.017559957014914546 0.017926167998982345 0.018292316746707102 0.01865788505869236 0.019021375288225752 0.019378211963925467 0.01971381963116724 0.02
0.009999999999999998 0.010402835803838734 0.010784507087047058 0.011156143248336576 0.01152447258226693 0.011891639495296914 0.012258249453665203 0.012624481619065105 0.01299041432348671 0.013356104477877991 0.013721603324085965 0.014086958458962838 0.014452213995150051 0.01481741108358799 0.015182588916412087 0.015547786004850015 0.015913041541037228 0.016278396675914113 0.016643895522122084 0.017009585676513346
0.017375518380934943 0.01774175054633484 0.018108360504703113 0.018475527417733093 0.018843856751663453 0.01921549291295295 0.019597164196161254 0.02 0.01 0.010286471445613144 0.010622611927291001 0.010980247194819973 0.011344600454335562 0.011710784312704774 0.012077210986371824 0.012443403663211297 0.012809266200424656 0.013174823598058084 0.013540132670881676 0.013905253132307374
0.014270239576409785 0.014635140552165513 0.015000000000000029 0.015364859447834552 0.01572976042359028 0.016094746867692685 0.016459867329118392 0.01682517640194199 0.017190733799575413 0.01755659633678876 0.017922789013628218 0.01828921568729525 0.01865539954566446 0.019019752805180052 0.01937738807270902 0.019713528554386895 0.02 0.01 0.010403838615275334 0.010786684235323163
0.011159586020393143 0.011528768569240804 0.011896276518739786 0.012262813390151747 0.012628697803644152 0.012994116699162712 0.013359198304144356 0.013724037525547714 0.014088707464840667 0.014453266277409766 0.014817762205972862 0.015182237794027198 0.015546733722590298 0.015911292535159403 0.016275962474452354 0.01664080169585571 0.017005883300837354 0.01737130219635592 0.017737186609848306 0.01810372348126024
0.018471231430759228 0.018840413979606868 0.01921331576467684 0.019596161384724652 0.02 0.01 0.010287076775649127 0.01062494568824542 0.01098480313052951 0.011350531416538011 0.011717164121983904 0.012083403147324846 0.01244905229326992 0.01281419206657343 0.013178946081149612 0.013543423363550291 0.013907709339292106 0.014271869007010272 0.01463595240755646 0.015000000000000025
0.015364047592443609 0.015728130992989798 0.016092290660707963 0.016456576636449772 0.016821053918850446 0.01718580793342663 0.017550947706730123 0.01791659685267519 0.018282835878016126 0.01864946858346201 0.019015196869470525 0.019375054311754607 0.0197129232243509 0.02 0.01 0.010407291755535916 0.010793651995532335 0.011168261055667233 0.011537761629969792 0.011904752531670126
0.012270377558208178 0.012635198271231088 0.012999521736892127 0.01336353098515096 0.013727341500418407 0.014091028584641452 0.014454642506047529 0.014818218125709003 0.015181781874291077 0.015545357493952548 0.01590897141535863 0.016272658499581674 0.016636469014849116 0.01700047826310794 0.017364801728768954 0.017729622441791857 0.01809524746832991 0.018462238370030252 0.0188317389443328 0.019206348004467688
0.01959270824446409 0.020000000000000004 0.01 0.010288149172488877 0.010633611091967317 0.01099707378761709 0.01136325131463858 0.011728853079486934 0.012093563740544053 0.01245759851312007 0.012821195322189696 0.013184529211143608 0.013547714877808212 0.013910822843882781 0.01427389383239119 0.014636949448961958 0.015000000000000051 0.015363050551038137 0.0157261061676089 0.016089177156117317
0.016452285122191886 0.01681547078885647 0.017178804677810366 0.017542401486879987 0.017906436259455996 0.018271146920513116 0.01863674868536147 0.01900292621238296 0.01936638890803272 0.019711850827511156 0.019999999999999997 0.01 0.010423927732308023 0.010813784473456356 0.011187450555609968 0.01155442772804617 0.01191862894445752 0.012281657380422991 0.012644204580396489 0.013006581658929367
0.013368930277937691 0.013731311096932916 0.014093743328048943 0.014456223859666318 0.01481873741063589 0.015181262589364244 0.015543776140333802 0.015906256671951172 0.0162686889030672 0.01663106972206242 0.01699341834107072 0.017355795419603588 0.017718342619577068 0.018081371055542528 0.018445572271953883 0.018812549444390075 0.01918621552654367 0.019576072267691976 0.02 0.01
0.01032430113244491 0.010672669372049307 0.01102999390264439 0.011389085620287419 0.011748704820354311 0.012108723660319854 0.012469142703954762 0.0128299432066943 0.01319108496534137 0.013552516719832259 0.01391418236135303 0.01427602386952329 0.014637982636518896 0.015000000000000074 0.015362017363481245 0.015723976130476845 0.016085817638647103 0.016447483280167874 0.016808915034658745 0.01717005679330579
0.01753085729604532 0.017891276339680212 0.018251295179645736 0.018610914379712618 0.01897000609735563 0.019327330627950716 0.019675698867555103 0.019999999999999997 0.010274294018411453 0.010571829347336222 0.010895633500295383 0.011235880482677723 0.011585164647376498 0.011939293283649614 0.012296119597187518 0.012654567515074364 0.013014075307171111 0.013374320904984216 0.013735095456811662 0.014096246267496995
0.014457650306824926 0.014819200784032694 0.015180799215967444 0.01554234969317522 0.015903753732503176 0.0162649045431885 0.016625679095015944 0.01698592469282904 0.017345432484925767 0.01770388040281261 0.018060706716350485 0.01841483535262358 0.01876411951732233 0.019104366499704657 0.01942817065266381 0.019725705981588553 0.01 0.010357386785441045 0.010710120112115824 0.011062021541327353
0.011414003769158743 0.011767372715876783 0.012122461378151782 0.01247915419480412 0.012837185989701207 0.013196274564489976 0.013556167745671626 0.013916652763798193 0.014277551625601407 0.014638712391687712 0.015000000000000064 0.015361287608312428 0.015722448374398762 0.016083347236201993 0.016443832254328557 0.016803725435510203 0.01716281401029897 0.017520845805196056 0.01787753862184837 0.01823262728412334
0.01858599623084136 0.018937978458672726 0.01928987988788423 0.01964261321455898 0.02
0.0 0.0 0.01 0.01 0.00030936556381079837 0.0 0.0 0.0 0.0 0.0 0.0 0.0 0.0 0.0 0.0 0.0 0.0 0.0 0.0 0.0
0.0 0.0 0.0 0.0 0.0 0.0 0.0 0.0 0.0 0.0 0.0 0.0 0.00030936556381078845 0.00032623261694950914 0.0003238535768630546 0.0003239090046137986 0.00032206905135439184 0.00032011713734491856 0.00031855304258393395 0.0003173828348010622
0.0003165169226856666 0.00031587508384909376 0.0003154006238945273 0.00031505558544356473 0.0003148149098347243 0.0003146624314491208 0.00031458846458421656 0.00031458846458421455 0.00031466243144911683 0.00031481490983472244 0.00031505558544356164 0.0003154006238945255 0.0003158750838490953 0.00031651692268567567 0.0003173828348010785 0.00031855304258395043 0.0003201171373449412 0.00032206905135442177 0.0003239090046138348 0.0003238535768630926
0.0003262326169495656 0.0006233085176011232 0.0006580083652064065 0.0006503473345852566 0.000644881728776791 0.0006402228506537256 0.0006368454711667623 0.0006344748320447537 0.0006327873420930564 0.0006315575554947542 0.0006306476755708438 0.0006299753319128499 0.00062949050820262 0.0006291623476576719 0.0006289721565516551 0.0006289098276058195 0.0006289721565516484 0.0006291623476576693 0.0006294905082026189 0.0006299753319128512
0.0006306476755708468 0.0006315575554947665 0.0006327873420930796 0.0006344748320447844 0.0006368454711668023 0.0006402228506537764 0.0006448817287768601 0.0006503473345853402 0.0006580083652064862 0.0006233085176011221 0.0009340051132000126 0.000957706285801386 0.0009574851513306315 0.0009551961047131743 0.0009523964733532325 0.0009499836574255754 0.0009480718236880448 0.000946584214070292 0.0009454305247432483 0.0009445426506812284
0.0009438743145125352 0.0009433950170134094 0.0009430851509048718 0.0009429329757121583 0.0009429329757121548 0.0009430851509048689 0.0009433950170134061 0.0009438743145125403 0.0009445426506812381 0.000945430524743264 0.000946584214070317 0.0009480718236880807 0.0009499836574256304 0.0009523964733533044 0.0009551961047132603 0.0009574851513307442 0.0009577062858015299 0.000934005113200019 0.001245506799997611 0.001257462061901831
0.0012636093738475664 0.001265263722100008 0.0012648114685145065 0.0012634663077094493 0.0012619943758230734 0.001260656765228061 0.001259517767830257 0.0012585807354277584 0.0012578344619979236 0.0012572668196822651 0.0012568680995213733 0.0012566315144838496 0.0012565530886892685 0.0012566315144838488 0.0012568680995213688 0.0012572668196822706 0.0012578344619979384 0.0012585807354277777 0.001259517767830282 0.001260656765228101
0.0012619943758231317 0.0012634663077095336 0.0012648114685146136 0.0012652637221001377 0.001263609373847733 0.001257462061902056 0.00124550679999761 0.0015603516878887602 0.0015689242731097375 0.0015727506682084909 0.001574674750272142 0.0015750009323467547 0.001574480481051986 0.0015736581539362658 0.0015727887172144303 0.0015719807121900517 0.0015712804451566242 0.0015707085508873664 0.0015702747298331902 0.0015699837035032644
0.0015698377339415993 0.0015698377339416014 0.0015699837035032605 0.001570274729833194 0.0015707085508873775 0.001571280445156647 0.0015719807121900825 0.0015727887172144726 0.0015736581539363274 0.0015744804810520685 0.0015750009323468707 0.0015746747502722936 0.0015727506682086778 0.0015689242731099882 0.0015603516878887813 0.0018727289183947727 0.001879156708407737 0.001880985643202666 0.001883508355361278 0.0018851039475144755
0.0018856906082500926 0.0018856191498374509 0.0018852232558620953 0.0018847032988376338 0.0018841692082491326 0.0018836820469864297 0.0018832772128646149 0.0018829758991796785 0.0018827906744750028 0.0018827282314950891 0.0018827906744750059 0.0018829758991796865 0.0018832772128646261 0.0018836820469864486 0.0018841692082491694 0.001884703298837683 0.0018852232558621603 0.0018856191498375313 0.0018856906082502054 0.0018851039475146318
0.0018835083553614806 0.0018809856432029138 0.001879156708408033 0.001872728918394782 0.002185752416553529 0.0021916319449847986 0.0021928834641954434 0.002194736130698532 0.002196071271606051 0.002196738184360826 0.0021969064931780437 0.002196780182526159 0.002196507103911066 0.0021961831675618975 0.0021958697496281252 0.002195606428193166 0.0021954184679031886 0.0021953209516838287 0.00219532095168383 0.0021954184679032
0.002195606428193179 0.0021958697496281487 0.0021961831675619296 0.0021965071039111226 0.0021967801825262287 0.002196906493178128 0.002196738184360941 0.002196071271606203 0.002194736130698733 0.002192883464195698 0.0021916319449851165 0.002185752416553561 0.0024982862393249207 0.002503437164799439 0.002503890149405973 0.0025049482440328967 0.002506312698872186 0.002507391641791995 0.002508038007885604 0.002508318278674945
0.002508352030618113 0.002508243708104834 0.002508070998538011 0.0025078887847943153 0.002507734672731127 0.0025076330695255277 0.0025075977215642223 0.0025076330695255355 0.0025077346727311375 0.002507888784794332 0.002508070998538046 0.002508243708104887 0.002508352030618186 0.002508318278675034 0.002508038007885719 0.0025073916417921497 0.0025063126988723794 0.002504948244033139 0.0025038901494062763 0.0025034371647997935
0.0024982862393249363 0.002811152607795269 0.002815804484410609 0.0028160585421226994 0.002816953217481072 0.002818021488052999 0.002818906116636316 0.00281949514023654 0.0028198131990036807 0.002819932184394869 0.002819925522332349 0.0028198538815954275 0.0028197631199100917 0.002819685597564392 0.002819641857045507 0.0028196418570455095 0.0028196855975644018 0.002819763119910106 0.0028198538815954514 0.0028199255223324035
0.0028199321843949375 0.002819813199003769 0.0028194951402366573 0.002818906116636464 0.0028180214880531894 0.0028169532174813047 0.0028160585421229934 0.0028158044844109813 0.0028111526077953066 0.0031237411938723693 0.0031278769077447634 0.0031278686280374257 0.003128234645547757 0.003128976876363747 0.0031298151963279446 0.003130531134774351 0.0031310410223288573 0.0031313503178934427 0.003131503013646764 0.0031315507949907606
0.0031315398561206635 0.0031315065425073585 0.0031314764794478185 0.003131464794344517 0.003131476479447826 0.003131506542507376 0.003131539856120686 0.0031315507949908027 0.003131503013646831 0.0031313503178935246 0.0031310410223289635 0.0031305311347744978 0.003129815196328118 0.0031289768763639683 0.0031282346455480305 0.0031278686280377657 0.003127876907745164 0.0031237411938723875 0.0034365574116095986 0.0034400585529745786
0.003439966482158435 0.0034403445408472196 0.0034409639566810118 0.00344162818015339 0.0034421993991046117 0.0034426208469998235 0.003442893086528783 0.003443044936403716 0.0034431132552481007 0.0034431324225121366 0.0034431297407306644 0.0034431237476483046 0.003443123747648309 0.0034431297407306813 0.003443132422512163 0.0034431132552481406 0.00344304493640377 0.003442893086528855 0.003442620846999918 0.0034421993991047366
0.0034416281801535544 0.0034409639566812178 0.003440344540847476 0.003439966482158751 0.0034400585529749824 0.0034365574116096294 0.0037491741805408376 0.003752114044305324 0.0037519818488726637 0.003752065294669197 0.003752422708662783 0.0037529192619055406 0.0037534295900101544 0.0037538668529624474 0.003754194373113728 0.0037544126282145302 0.003754541701823025 0.0037546078893020405 0.003754635851285953 0.0037546447031347897
0.003754646318094803 0.0037546447031348 0.0037546358512859784 0.0037546078893020817 0.0037545417018230755 0.0037544126282145875 0.003754194373113808 0.003753866852962554 0.0037534295900102945 0.0037529192619057284 0.0037524227086630194 0.003752065294669488 0.0037519818488730193 0.0037521140443057444 0.003749174180540848 0.00406194673498203 0.004064143323798109 0.004063997183955626 0.004064133543651588 0.004064439172551694
0.004064816687963087 0.0040651870609781475 0.00406549898330453 0.004065732012074973 0.004065888571876401 0.004065983270704655 0.004066034333749435 0.004066058282657542 0.004066067136306214 0.004066067136306219 0.00406605828265756 0.004066034333749471 0.004065983270704708 0.004065888571876455 0.004065732012075038 0.004065498983304616 0.004065187060978264 0.004064816687963244 0.004064439172551901 0.00406413354365185
0.004063997183955954 0.004064143323798524 0.004061946734982044 0.0043745920469694215 0.004376124220088908 0.004376025218878492 0.004376024849193424 0.004376164888041327 0.004376388908610271 0.004376641394515466 0.0043768781441592295 0.004377072394731607 0.0043772151859307945 0.004377310235303991 0.0043773676047870955 0.004377398700890628 0.004377413171479133 0.004377417277427273 0.004377413171479145 0.004377398700890657
0.0043773676047871414 0.004377310235304046 0.0043772151859308535 0.004377072394731673 0.004376878144159321 0.004376641394515592 0.004376388908610447 0.004376164888041551 0.004376024849193711 0.00437602521887885 0.004376124220089337 0.004374592046969416 0.004687318065715031 0.004688068143282307 0.004688005643298121 0.004688037215332658 0.004688128086077606 0.004688248596607845 0.004688373682719974 0.004688485174310259
0.004688573375983309 0.004688636367344041 0.0046886772845405045 0.004688701424000898 0.004688714097841679 0.004688719358568291 0.0046887193585682975 0.004688714097841702 0.004688701424000935 0.0046886772845405504 0.004688636367344094 0.004688573375983372 0.0046884851743103275 0.004688373682720068 0.004688248596607978 0.0046881280860777965 0.0046880372153329025 0.004688005643298437 0.004688068143282721 0.004687318065715023
0.0049999999999999975 0.004999999999999914 0.004999999999999923 0.004999999999999942 0.0049999999999999515 0.0049999999999999645 0.004999999999999978 0.004999999999999985 0.004999999999999992 0.004999999999999993 0.004999999999999992 0.004999999999999986 0.004999999999999991 0.005 0.005000000000000002 0.00500000000000001 0.005000000000000016 0.005000000000000024 0.005000000000000033 0.005000000000000046
0.0050000000000000565 0.00500000000000006 0.005000000000000076 0.005000000000000114 0.0050000000000001606 0.0050000000000002065 0.005000000000000265 0.005000000000000321 0.004999999999999981 0.005312681934284964 0.005311931856717525 0.0053119943567017415 0.005311962784667242 0.005311871913922311 0.005311751403392097 0.005311626317279991 0.005311514825689721 0.005311426624016676 0.005311363632655942 0.005311322715459471
0.005311298575999076 0.0053112859021583105 0.005311280641431712 0.005311280641431717 0.005311285902158326 0.0053112985759991085 0.005311322715459507 0.005311363632655984 0.005311426624016733 0.00531151482568979 0.0053116263172800745 0.00531175140339221 0.005311871913922475 0.005311962784667466 0.005311994356702036 0.005311931856717902 0.005312681934284934 0.00562540795303057 0.005623875779910918 0.005623974781121365
0.005623975150806456 0.005623835111958584 0.005623611091389654 0.0056233586054844804 0.005623121855840742 0.005622927605268377 0.005622784814069189 0.005622689764695988 0.005622632395212882 0.005622601299109356 0.0056225868285208706 0.0056225827225727405 0.0056225868285208775 0.005622601299109382 0.005622632395212912 0.005622689764696019 0.005622784814069232 0.005622927605268434 0.005623121855840814 0.005623358605484579
0.005623611091389781 0.005623835111958763 0.0056239751508067 0.005623974781121672 0.0056238757799112835 0.005625407953030527 0.005938053265017955 0.005935856676201732 0.005936002816044249 0.005935866456348305 0.005935560827448222 0.005935183312036844 0.005934812939021807 0.005934501016695447 0.005934267987925009 0.0059341114281235815 0.005934016729295323 0.0059339656662505515 0.005933941717342466 0.005933932863693797
0.005933932863693799 0.005933941717342476 0.005933965666250579 0.005934016729295357 0.005934111428123616 0.00593426798792505 0.0059345010166955035 0.005934812939021895 0.005935183312036954 0.005935560827448365 0.005935866456348503 0.005936002816044502 0.005935856676202068 0.005938053265017899 0.006250825819459147 0.006247885955694507 0.006248018151127206 0.006247934705330697 0.006247577291337123 0.0062470807380943846
0.0062465704099897885 0.0062461331470375124 0.0062458056268862505 0.006245587371785449 0.006245458298176959 0.006245392110697944 0.006245364148714056 0.006245355296865224 0.006245353681905209 0.006245355296865236 0.006245364148714071 0.006245392110697978 0.006245458298176996 0.0062455873717854864 0.00624580562688629 0.006246133147037582 0.006246570409989881 0.006247080738094505 0.006247577291337282 0.006247934705330897
0.006248018151127465 0.0062478859556948305 0.006250825819459083 0.0065634425883903825 0.006559941447025259 0.006560033517841458 0.006559655459152691 0.006559036043318909 0.006558371819846553 0.006557800600895344 0.006557379153000141 0.006557106913471192 0.006556955063596265 0.006556886744751889 0.006556867577487868 0.006556870259269351 0.0065568762523517095 0.006556876252351716 0.006556870259269366 0.0065568675774879
0.006556886744751926 0.006556955063596303 0.006557106913471225 0.0065573791530001875 0.006557800600895408 0.006558371819846652 0.006559036043319039 0.006559655459152856 0.006560033517841664 0.006559941447025547 0.006563442588390302 0.0068762588061276175 0.006872123092255066 0.0068721313719624436 0.0068717653544521475 0.006871023123636178 0.006870184803672002 0.006869468865225605 0.006868958977671111 0.006868649682106532
0.006868496986353218 0.00686844920500923 0.006868460143879346 0.006868493457492656 0.006868523520552197 0.0068685352056555085 0.0068685235205522095 0.006868493457492678 0.006868460143879381 0.006868449205009267 0.006868496986353248 0.0068686496821065614 0.006868958977671155 0.00686946886522567 0.0068701848036721 0.00687102312363631 0.006871765354452318 0.006872131371962669 0.006872123092255342 0.006876258806127533
0.007188847392204711 0.007184195515589229 0.007183941457877187 0.007183046782518847 0.007181978511946946 0.007181093883363643 0.007180504859763435 0.007180186800996307 0.007180067815605117 0.007180074477667644 0.007180146118404578 0.0071802368800899215 0.007180314402435621 0.007180358142954516 0.007180358142954523 0.007180314402435647 0.007180236880089947 0.007180146118404612 0.007180074477667677 0.00718006781560514
0.007180186800996329 0.007180504859763478 0.0071810938833637115 0.007181978511947051 0.007183046782518986 0.0071839414578773715 0.0071841955155894765 0.007188847392204616 0.007501713760675068 0.0074965628352004045 0.007496109850593897 0.007495051755967011 0.007493687301127754 0.00749260835820796 0.007491961992114369 0.0074916817213250475 0.007491647969381888 0.0074917562918951665 0.0074919290014619985 0.00749211121520569
0.007492265327268883 0.007492366930474491 0.007492402278435807 0.007492366930474514 0.007492265327268908 0.007492111215205715 0.007491929001462021 0.007491756291895194 0.007491647969381901 0.007491681721325074 0.007491961992114424 0.007492608358208042 0.007493687301127854 0.007495051755967156 0.007496109850594078 0.007496562835200621 0.007501713760674983 0.007814247583446452 0.007808368055015056 0.007807116535804453
0.007805263869301395 0.007803928728393908 0.007803261815639144 0.007803093506821945 0.007803219817473844 0.007803492896088939 0.0078038168324381174 0.0078041302503718876 0.007804393571806844 0.007804581532096823 0.007804679048316195 0.007804679048316208 0.00780458153209685 0.0078043935718068655 0.007804130250371903 0.0078038168324381305 0.007803492896088956 0.007803219817473857 0.007803093506821981 0.0078032618156392035
0.007803928728393981 0.007805263869301504 0.007807116535804592 0.007808368055015233 0.00781424758344636 0.00812727108160522 0.008120843291592123 0.00811901435679722 0.008116491644638641 0.008114896052485469 0.008114309391749881 0.008114380850162533 0.0081147767441379 0.008115296701162377 0.00811583079175088 0.008116317953013591 0.008116722787135404 0.008117024100820337 0.008117209325525019 0.008117271768504937
0.008117209325525038 0.008117024100820361 0.008116722787135423 0.0081163179530136 0.008115830791750888 0.008115296701162377 0.008114776744137924 0.008114380850162577 0.008114309391749935 0.00811489605248555 0.008116491644638738 0.008119014356797346 0.008120843291592256 0.008127271081605143 0.008439648312111225 0.008431075726890138 0.008427249331791425 0.008425325249727797 0.00842499906765321 0.008425519518948
0.008426341846063726 0.008427211282785571 0.008428019287809969 0.008428719554843393 0.00842929144911266 0.008429725270166832 0.00843001629649676 0.008430162266058432 0.008430162266058434 0.00843001629649678 0.008429725270166857 0.008429291449112674 0.008428719554843391 0.00842801928780996 0.008427211282785584 0.00842634184606375 0.00842551951894803 0.008424999067653264 0.008425325249727866 0.008427249331791516
0.00843107572689025 0.008439648312111149 0.008754493200002388 0.008742537938098049 0.00873639062615235 0.008734736277899936 0.008735188531485454 0.008736533692290525 0.008738005624176922 0.008739343234771943 0.008740482232169751 0.008741419264572258 0.008742165538002097 0.008742733180317762 0.008743131900478648 0.008743368485516174 0.008743446911310765 0.008743368485516195 0.008743131900478677 0.008742733180317782
0.0087421655380021 0.00874141926457225 0.008740482232169751 0.00873934323477195 0.008738005624176938 0.008736533692290554 0.00873518853148549 0.008734736277899993 0.008736390626152429 0.008742537938098134 0.00875449320000232 0.00906599488679998 0.009042293714198537 0.00904251484866932 0.009044803895286786 0.009047603526646741 0.009050016342574416 0.009051928176311959 0.009053415785929712 0.009054569475256756
0.009055457349318785 0.00905612568548748 0.00905660498298661 0.009056914849095144 0.009057067024287872 0.00905706702428788 0.009056914849095175 0.009056604982986636 0.009056125685487498 0.009055457349318789 0.009054569475256754 0.00905341578592972 0.009051928176311959 0.009050016342574426 0.009047603526646755 0.00904480389528682 0.009042514848669362 0.009042293714198596 0.009065994886799926 0.009376691482398876
0.009341991634793542 0.009349652665414704 0.009355118271223175 0.009359777149346247 0.00936315452883323 0.00936552516795525 0.009367212657906942 0.009368442444505248 0.009369352324429162 0.009370024668087158 0.009370509491797394 0.00937083765234234 0.009371027843448362 0.009371090172394202 0.00937102784344838 0.009370837652342371 0.00937050949179741 0.009370024668087168 0.009369352324429168 0.009368442444505248
0.009367212657906951 0.009365525167955243 0.009363154528833224 0.00935977714934626 0.009355118271223196 0.009349652665414735 0.00934199163479357 0.009376691482398834 0.009673767383050449 0.009676146423136927 0.009676090995386182 0.009677930948645594 0.009679882862655068 0.009681446957416065 0.009682617165198939 0.009683483077314335 0.00968412491615091 0.00968459937610548 0.009684944414556446 0.009685185090165284
0.009685337568550887 0.009685411535415788 0.009685411535415795 0.009685337568550908 0.009685185090165298 0.009684944414556449 0.009684599376105482 0.009684124916150914 0.009683483077314332 0.009682617165198935 0.009681446957416056 0.009679882862655073 0.009677930948645599 0.009676090995386192 0.009676146423136939 0.009673767383050461 0.00969063443618921 0.01 0.01 0.01
0.01 0.009999999999999998 0.01 0.01 0.01 0.01 0.01 0.01 0.01 0.01 0.009999999999999998 0.009999999999999998 0.010000000000000002 0.010000000000000002 0.01 0.01 0.01 0.010000000000000002 0.01 0.01
0.01 0.01 0.01 0.01 0.009690634436189187
56 57 85
57 56 28
432 431 403
850 878 849
913 884 885
920 919 891
203 175 204
56 27 28
116 115 87
115 116 144
29 57 28
460 431 432
259 231 260
231 259 230
165 137 166
374 375 403
269 298 297
51 22 23
20 21 49
131 102 103
102 131 130
939 911 940
941 913 942
848 820 849
936 908 937
688 659 660
34 1 6
474 446 475
474 445 446
892 920 891
376 347 348
746 718 747
775 804 803
775 746 747
919 890 891
890 919 918
862 890 861
890 862 891
833 862 861
833 804 805
889 4 917
174 175 203
61 33 90
59 31 60
31 59 30
84 56 85
57 86 85
115 86 87
429 428 400
401 429 400
288 317 316
288 259 260
232 231 203
232 203 204
231 232 260
232 261 260
221 222 250
345 344 316
344 345 373
317 345 316
345 374 373
43 14 15
239 211 240
189 217 188
218 217 189
335 364 363
80 79 51
79 80 108
101 102 130
73 101 72
101 73 102
131 159 130
187 159 188
945 916 888
911 912 940
912 911 883
884 912 883
912 884 913
941 912 913
912 941 940
932 904 933
905 934 933
904 905 933
821 850 849
820 821 849
857 886 885
886 857 858
856 857 885
884 856 885
801 829 800
857 829 858
882 854 883
911 882 883
907 936 935
907 908 936
799 771 800
9 10 38
445 417 446
417 418 446
446 447 475
418 447 446
804 776 805
775 776 804
776 775 747
892 921 920
862 863 891
863 892 891
96 68 97
236 208 237
208 236 207
439 440 468
439 438 410
387 358 359
376 405 404
434 405 406
434 463 462
491 463 492
463 491 462
804 832 803
860 832 861
833 832 804
832 833 861
889 860 861
889 890 918
890 889 861
889 917 860
889 918 4
173 172 144
146 118 147
118 146 117
175 146 147
174 146 175
116 88 117
88 116 87
88 59 60
59 88 87
32 61 60
2 61 32
31 32 60
2 33 61
112 141 140
198 170 199
27 55 26
55 27 56
84 55 56
58 59 87
58 29 30
29 58 57
59 58 30
58 86 57
86 58 87
402 374 403
431 402 403
374 402 373
402 401 373
457 428 429
261 289 260
317 289 318
288 289 317
289 288 260
192 221 220
53 82 81
53 24 25
346 317 318
374 346 375
345 346 374
346 345 317
325 296 297
355 327 356
246 217 218
216 187 188
217 216 188
299 327 298
156 157 185
184 156 185
248 219 220
277 276 248
276 277 305
222 251 250
396 368 397
368 369 397
370 369 341
372 344 373
401 372 373
372 401 400
371 372 400
259 258 230
372 343 344
343 372 371
451 422 423
393 422 421
392 393 421
364 392 363
393 392 364
200 228 199
170 171 199
200 171 172
171 200 199
109 80 81
109 137 108
80 109 108
591 592 620
137 136 108
136 137 165
135 134 106
134 135 163
129 101 130
17 45 16
241 269 240
157 186 185
186 214 185
159 160 188
160 189 188
160 159 131
160 161 189
916 944 915
944 943 915
916 945 3
916 3 944
903 932 931
932 903 904
877 848 849
878 877 849
825 826 854
887 859 888
859 887 858
916 887 888
887 916 915
886 887 915
887 886 858
914 913 885
913 914 942
914 943 942
943 914 915
886 914 885
914 886 915
855 884 883
855 826 827
854 855 883
826 855 854
855 856 884
856 855 827
830 859 858
859 830 831
830 802 831
802 830 801
830 829 801
829 830 858
828 856 827
799 828 827
828 799 800
856 828 857
828 829 857
829 828 800
937 909 938
908 909 937
771 772 800
772 801 800
772 771 743
744 772 743
516 544 515
653 681 652
505 506 534
506 535 534
63 91 62
39 10 11
10 39 38
528 556 527
921 893 922
893 921 892
676 705 704
619 591 620
619 647 618
669 670 698
37 9 38
8 37 36
37 8 9
239 210 211
323 322 294
322 323 351
321 320 292
320 291 292
349 320 321
320 349 348
265 236 237
265 264 236
264 235 236
235 206 207
236 235 207
466 494 465
381 382 410
436 437 465
437 466 465
437 436 408
437 438 466
388 387 359
433 434 462
433 462 461
433 405 434
405 433 404
577 548 549
435 434 406
435 463 434
547 519 548
519 547 518
231 202 203
202 231 230
202 174 203
202 173 174
145 116 117
145 173 144
116 145 144
173 145 174
145 146 174
146 145 117
89 118 117
118 89 90
89 61 90
61 89 60
89 88 60
88 89 117
83 84 112
83 55 84
487 516 515
221 193 222
192 193 221
24 52 23
52 51 23
80 52 81
52 80 51
53 52 24
52 53 81
325 324 296
327 326 298
298 326 297
326 325 297
325 326 354
326 355 354
355 326 327
71 43 72
269 268 240
296 268 297
268 269 297
268 239 240
268 267 239
267 268 296
161 190 189
190 219 218
190 218 189
246 247 275
247 246 218
247 276 275
276 247 248
247 219 248
219 247 218
277 306 305
221 249 220
249 221 250
249 248 220
249 277 248
333 304 305
276 304 275
304 276 305
332 304 333
253 224 225
369 398 397
370 398 369
312 313 341
369 340 341
368 340 369
340 312 341
312 340 311
254 253 225
344 315 316
343 315 344
419 447 418
141 142 170
142 171 170
82 110 81
110 109 81
504 503 475
503 474 475
503 502 474
447 476 475
504 476 505
476 504 475
593 592 564
535 563 534
563 535 564
563 592 591
592 563 564
561 589 560
533 505 534
533 504 505
643 614 615
585 614 613
22 50 21
21 50 49
50 22 51
79 50 51
78 50 79
50 78 49
107 135 106
107 79 108
107 136 135
136 107 108
78 107 106
107 78 79
77 78 106
78 77 49
128 156 127
99 128 127
156 128 157
128 129 157
16 44 15
43 44 72
44 43 15
44 73 72
44 45 73
45 44 16
45 74 73
102 74 103
73 74 102
214 213 185
213 184 185
270 299 298
269 270 298
299 270 271
241 270 269
158 129 130
159 158 130
158 159 187
129 158 157
158 186 157
186 158 187
214 215 243
216 215 187
186 215 214
215 186 187
132 160 131
161 132 133
132 131 103
160 132 161
132 104 133
104 132 103
47 18 19
847 819 848
819 820 848
902 903 931
847 875 846
903 875 904
732 703 704
906 907 935
934 906 935
905 906 934
907 906 878
877 906 905
906 877 878
882 853 854
853 825 854
825 853 824
939 910 911
910 939 938
910 882 911
909 910 938
879 907 878
879 878 850
907 879 908
851 879 850
795 823 794
823 795 824
768 767 739
656 628 657
628 656 627
771 742 743
740 768 739
623 651 622
651 623 652
707 735 706
735 707 736
822 851 850
821 822 850
823 822 794
851 822 823
793 822 821
822 793 794
792 793 821
792 821 820
716 745 744
716 717 745
717 716 688
773 802 801
773 745 774
802 773 774
745 773 744
773 772 744
772 773 801
658 686 657
658 630 659
630 631 659
659 631 660
599 628 627
571 599 570
624 653 652
623 624 652
480 479 451
479 480 508
479 507 478
507 479 508
506 507 535
507 506 478
5 34 62
34 5 1
34 63 62
34 35 63
35 34 6
7 8 36
7 35 6
35 7 36
205 177 206
177 205 176
67 39 68
96 67 68
39 67 38
808 837 836
450 422 451
450 479 478
479 450 451
422 450 421
450 449 421
449 450 478
897 926 925
811 783 812
811 782 783
782 811 810
923 895 924
900 899 871
677 705 676
705 677 706
735 734 706
734 735 763
734 705 706
783 784 812
755 784 783
784 755 756
697 669 698
669 641 670
834 833 805
806 834 805
833 834 862
834 863 862
834 835 863
835 834 806
863 864 892
864 893 892
864 835 836
835 864 863
807 808 836
807 779 808
835 807 836
807 835 806
267 238 239
238 210 239
125 96 97
125 154 153
125 126 154
126 125 97
98 99 127
126 98 127
98 126 97
156 155 127
155 156 184
126 155 154
155 126 127
155 183 154
183 155 184
347 319 348
319 290 291
320 319 291
319 320 348
405 377 406
349 377 348
377 376 348
377 405 376
378 377 349
377 378 406
350 322 351
350 349 321
322 350 321
350 378 349
293 321 292
264 293 292
322 293 294
293 322 321
265 293 264
293 265 294
290 262 291
556 555 527
497 496 468
438 467 466
467 438 439
467 439 468
496 467 468
383 382 354
355 383 354
380 409 408
409 381 410
438 409 410
409 380 381
437 409 438
409 437 408
299 328 327
327 328 356
328 357 356
360 388 359
577 578 606
578 577 549
578 607 606
436 407 408
378 407 406
435 407 436
407 435 406
464 436 465
463 464 492
435 464 463
464 435 436
462 490 461
491 490 462
490 519 518
519 490 491
201 200 172
173 201 172
202 201 173
201 202 230
169 141 170
141 169 140
169 168 140
198 169 170
197 169 198
169 197 168
55 54 26
54 25 26
54 53 25
53 54 82
83 54 55
54 83 82
458 457 429
516 488 517
488 460 489
517 488 489
487 488 516
164 192 163
135 164 163
164 136 165
136 164 135
164 193 192
193 164 165
295 323 294
295 267 296
295 324 323
324 295 296
352 380 351
323 352 351
380 352 381
324 352 323
274 246 275
192 191 163
191 192 220
219 191 220
190 191 219
279 251 280
251 279 250
334 333 305
334 335 363
362 334 363
334 362 333
334 306 335
306 334 305
167 195 166
252 281 280
251 252 280
281 252 253
252 224 253
399 371 400
428 399 400
399 370 371
399 398 370
370 342 371
342 370 341
342 343 371
313 342 341
313 284 285
284 313 312
282 281 253
254 282 253
288 287 259
287 288 316
287 258 259
315 287 316
391 362 363
392 391 363
84 113 112
113 84 85
113 141 112
113 142 141
172 143 144
143 115 144
171 143 172
142 143 171
138 167 166
137 138 166
109 138 137
110 138 109
111 83 112
83 111 82
111 112 140
111 110 82
506 477 478
477 449 478
477 506 505
476 477 505
593 594 622
594 623 622
621 649 620
592 621 620
593 621 592
621 593 622
617 589 618
590 619 618
619 590 591
590 589 561
589 590 618
532 503 504
532 561 560
532 533 561
533 532 504
614 586 615
585 586 614
48 20 49
20 48 19
48 47 19
47 48 76
48 77 76
77 48 49
134 105 106
104 105 133
105 134 133
105 104 76
105 77 106
77 105 76
100 71 72
101 100 72
129 100 101
71 100 99
128 100 129
100 128 99
75 104 103
104 75 76
75 47 76
74 75 103
212 241 240
211 212 240
212 183 184
183 212 211
212 213 241
213 212 184
271 242 243
242 214 243
213 242 241
242 213 214
242 270 241
270 242 271
244 215 216
215 244 243
818 847 846
818 819 847
930 902 931
876 847 848
876 905 904
876 877 905
877 876 848
876 875 847
875 876 904
902 874 903
874 875 903
875 874 846
731 759 730
731 703 732
675 647 676
675 676 704
703 675 704
880 909 908
880 879 851
879 880 908
767 738 739
651 680 679
681 680 652
680 651 652
793 765 794
737 765 736
825 797 826
686 685 657
685 656 657
742 741 713
738 710 739
819 791 820
791 792 820
792 791 763
715 744 743
715 716 744
628 629 657
630 629 601
658 629 630
629 658 657
602 574 603
602 630 601
631 602 603
602 631 630
602 573 574
573 602 601
545 516 517
545 517 546
574 545 546
545 544 516
545 573 544
573 545 574
513 485 514
569 541 570
541 569 540
515 543 514
544 543 515
626 625 597
624 625 653
424 452 423
452 451 423
452 480 451
480 452 481
148 177 176
528 500 529
387 386 358
386 357 358
779 780 808
837 838 866
898 899 927
898 926 897
926 898 927
893 894 922
894 923 922
894 895 923
895 894 866
844 815 816
841 840 812
840 811 812
873 874 902
899 928 927
900 928 899
928 900 929
649 648 620
647 648 676
648 619 620
648 647 619
677 648 649
648 677 676
678 707 706
707 678 679
677 678 706
678 677 649
699 670 671
670 699 698
782 754 783
754 755 783
696 697 725
642 643 671
670 642 671
614 642 613
643 642 614
641 642 670
642 641 613
154 182 153
210 182 211
183 182 154
182 183 211
181 182 210
182 181 153
209 181 210
208 209 237
238 209 210
209 238 237
68 69 97
69 98 97
234 205 206
205 234 233
235 234 206
234 262 233
520 491 492
548 520 549
519 520 548
520 519 491
521 520 492
520 521 549
526 555 554
555 526 527
495 524 523
495 494 466
494 495 523
524 495 496
495 467 496
467 495 466
439 411 440
411 439 410
382 411 410
383 411 382
357 329 358
328 329 357
362 361 333
361 332 333
361 360 332
605 577 606
607 635 606
379 350 351
380 379 351
379 380 408
350 379 378
379 407 378
407 379 408
493 521 492
494 493 465
464 493 492
493 464 465
257 229 258
258 229 230
229 228 200
229 257 228
201 229 200
229 201 230
430 402 431
401 430 429
402 430 401
430 458 429
485 486 514
486 515 514
486 485 457
486 487 515
458 486 457
486 458 487
266 265 237
238 266 237
265 266 294
266 238 267
295 266 267
266 295 294
353 325 354
382 353 354
353 382 381
353 324 325
353 352 324
352 353 381
331 360 359
360 331 332
162 161 133
134 162 133
162 134 163
162 190 161
162 191 190
191 162 163
278 306 277
278 249 250
249 278 277
279 278 250
281 309 280
395 424 423
424 395 396
196 197 225
197 196 168
168 196 167
224 196 225
195 196 224
196 195 167
193 194 222
194 193 165
194 165 166
195 194 166
314 313 285
314 315 343
314 342 313
342 314 343
257 256 228
256 257 285
284 256 285
283 284 312
283 312 311
283 282 254
282 283 311
449 420 421
420 392 421
391 420 419
420 391 392
114 113 85
86 114 85
114 86 115
113 114 142
114 143 142
143 114 115
168 139 140
139 168 167
138 139 167
139 138 110
111 139 110
139 111 140
588 559 560
589 588 560
617 588 589
588 617 616
533 562 561
563 562 534
562 563 591
562 533 534
562 590 561
590 562 591
531 530 502
559 531 560
503 531 502
531 559 530
532 531 503
531 532 560
528 557 556
557 528 529
557 585 556
557 586 585
18 46 17
46 45 17
46 74 45
46 18 47
46 75 74
75 46 47
245 216 217
246 245 217
274 245 246
245 274 273
244 245 273
245 244 216
731 702 703
702 731 730
616 644 615
644 643 615
702 701 673
701 702 730
674 675 703
674 702 673
702 674 703
852 851 823
852 823 824
853 852 824
852 880 851
708 737 736
707 708 736
708 707 679
680 708 679
764 735 736
764 792 763
735 764 763
792 764 793
764 765 793
765 764 736
766 738 767
766 795 794
795 766 767
738 766 737
766 765 737
765 766 794
826 798 827
798 799 827
797 798 826
795 796 824
796 795 767
796 825 824
768 796 767
797 796 768
796 797 825
742 714 743
685 714 713
714 742 713
714 685 686
715 714 686
714 715 743
716 687 688
687 659 688
687 658 659
658 687 686
715 687 716
687 715 686
571 600 599
599 600 628
600 629 628
629 600 601
512 541 540
512 513 541
511 512 540
626 598 627
598 599 627
599 598 570
598 626 597
569 598 597
598 569 570
541 542 570
542 513 514
542 571 570
513 542 541
543 542 514
542 543 571
596 625 624
625 596 597
539 511 540
539 567 538
539 510 511
510 539 538
398 426 397
510 482 511
482 510 481
416 388 417
416 417 445
388 416 387
444 416 445
473 444 445
474 473 445
502 473 474
499 528 527
499 500 528
781 782 810
867 895 866
838 867 866
837 865 836
865 864 836
865 837 866
864 865 893
865 894 893
894 865 866
786 815 814
784 813 812
813 841 812
813 842 841
842 813 814
898 870 899
899 870 871
870 842 871
842 870 841
815 843 814
843 815 844
842 843 871
843 842 814
900 901 929
901 930 929
930 901 902
901 873 902
845 844 816
874 845 846
873 845 874
845 873 844
651 650 622
650 621 622
650 651 679
621 650 649
650 678 649
678 650 679
727 728 756
755 727 756
727 699 728
699 727 698
13 41 12
263 264 292
291 263 292
263 235 264
262 263 291
234 263 262
263 234 235
525 524 496
497 525 496
526 525 497
525 526 554
272 244 273
272 271 243
244 272 243
388 389 417
417 389 418
360 389 388
361 389 360
576 547 548
547 576 575
577 576 548
576 604 575
576 605 604
605 576 577
661 633 662
604 633 632
633 661 632
605 633 604
585 584 556
584 585 613
584 555 556
582 611 610
611 639 610
696 668 697
697 668 669
581 582 610
521 550 549
550 578 549
663 635 664
667 696 695
668 667 639
667 668 696
718 719 747
777 806 805
776 777 805
458 459 487
488 459 460
460 459 431
459 488 487
430 459 458
459 430 431
274 302 273
308 279 280
309 308 280
310 282 311
282 310 281
310 309 281
422 394 423
394 422 393
394 395 423
395 394 366
223 195 224
223 252 251
223 251 222
252 223 224
223 194 195
194 223 222
257 286 285
287 286 258
286 257 258
286 287 315
314 286 315
286 314 285
197 226 225
226 197 198
226 254 225
477 448 449
448 476 447
419 448 447
448 477 476
420 448 419
448 420 449
480 509 508
510 509 481
509 480 481
509 510 538
537 509 538
509 537 508
535 536 564
536 507 508
507 536 535
537 536 508
567 566 538
566 537 538
586 587 615
587 616 615
588 587 559
587 588 616
699 700 728
700 699 671
646 617 618
647 646 618
675 646 647
674 646 675
910 881 882
881 853 882
881 910 909
880 881 909
852 881 880
881 852 853
709 738 737
710 709 681
709 680 681
709 710 738
709 708 680
708 709 737
770 742 771
770 771 799
770 741 742
798 770 799
684 685 713
685 684 656
654 625 626
625 654 653
711 740 739
710 711 739
734 733 705
733 732 704
705 733 704
733 761 732
572 573 601
573 572 544
572 543 544
543 572 571
572 600 571
600 572 601
568 569 597
568 596 567
569 568 540
596 568 597
539 568 567
568 539 540
426 455 454
425 424 396
425 396 397
425 426 454
426 425 397
95 67 96
37 65 36
179 208 207
415 386 387
415 444 443
415 416 444
416 415 387
530 501 502
501 530 529
500 501 529
501 473 502
499 471 500
498 526 497
526 498 527
498 499 527
412 411 383
411 412 440
357 385 356
386 385 357
809 837 808
838 809 810
780 809 808
809 838 837
781 809 780
809 781 810
759 758 730
785 786 814
785 784 756
785 813 784
813 785 814
873 872 844
843 872 871
872 900 871
872 843 844
901 872 873
872 901 900
726 697 698
726 754 725
697 726 725
754 726 755
726 727 755
727 726 698
39 40 68
40 11 12
40 39 11
40 69 68
40 41 69
41 40 12
71 42 43
43 42 14
42 13 14
42 41 13
300 328 299
300 299 271
300 329 328
272 300 271
390 391 419
391 390 362
390 419 418
390 361 362
390 389 361
389 390 418
583 582 554
584 583 555
555 583 554
583 611 582
640 641 669
611 640 639
668 640 669
640 668 639
553 525 554
582 553 554
525 553 524
581 553 582
692 663 664
635 634 606
634 605 606
633 634 662
634 633 605
663 634 635
634 663 662
639 638 610
667 638 639
752 781 780
635 636 664
636 635 607
608 636 607
636 608 637
665 636 637
636 665 664
723 694 695
694 723 722
661 690 689
690 718 689
690 661 662
690 719 718
748 719 720
748 776 747
719 748 747
748 777 776
303 304 332
304 303 275
303 274 275
331 303 332
302 303 331
303 302 274
329 330 358
358 330 359
330 331 359
330 302 331
337 308 309
278 307 306
306 307 335
307 278 279
308 307 279
367 368 396
367 395 366
395 367 396
228 227 199
227 198 199
256 227 228
227 226 198
595 596 624
595 624 623
594 595 623
596 595 567
595 566 567
566 595 594
536 565 564
565 593 564
565 594 593
565 536 537
566 565 537
565 566 594
559 558 530
558 557 529
530 558 529
557 558 586
558 587 586
587 558 559
644 672 643
643 672 671
672 644 673
701 672 673
672 700 671
700 672 701
644 645 673
617 645 616
645 644 616
645 674 673
645 646 674
646 645 617
769 797 768
740 769 768
741 769 740
769 798 797
769 770 798
770 769 741
655 626 627
684 655 656
656 655 627
655 684 683
654 655 683
655 654 626
712 741 740
684 712 683
741 712 713
712 684 713
712 711 683
711 712 740
682 710 681
682 654 683
682 681 653
654 682 653
682 711 710
711 682 683
817 845 816
788 817 816
817 818 846
845 817 846
789 817 788
817 789 818
790 791 819
818 790 819
790 789 761
789 790 818
760 788 759
760 731 732
731 760 759
761 760 732
789 760 761
760 789 788
399 427 398
427 399 428
427 426 398
427 455 426
482 483 511
483 512 511
483 482 454
455 483 454
452 453 481
482 453 454
453 452 424
453 482 481
453 425 454
425 453 424
181 152 153
92 91 63
148 149 177
471 442 443
472 501 500
444 472 443
473 472 444
501 472 473
471 472 500
472 471 443
384 412 383
384 355 356
384 383 355
412 384 413
384 385 413
385 384 356
870 869 841
869 898 897
869 840 841
869 870 898
869 868 840
868 869 897
895 896 924
896 925 924
896 897 925
867 896 895
868 896 867
896 868 897
839 838 810
840 839 811
811 839 810
839 867 838
839 868 867
868 839 840
787 788 816
815 787 816
788 787 759
786 787 815
758 787 786
787 758 759
729 701 730
700 729 728
729 700 701
758 729 730
98 70 99
70 71 99
69 70 98
41 70 69
42 70 41
70 42 71
612 583 584
641 612 613
612 584 613
583 612 611
612 640 611
640 612 641
553 552 524
552 581 580
524 552 523
552 553 581
551 552 580
552 551 523
522 493 494
522 494 523
493 522 521
522 550 521
522 551 550
551 522 523
550 579 578
578 579 607
579 608 607
608 579 580
551 579 550
579 551 580
581 609 580
608 609 637
609 581 610
609 608 580
609 638 637
638 609 610
754 753 725
753 754 782
781 753 782
752 753 781
638 666 637
666 665 637
666 667 695
666 638 667
666 694 665
694 666 695
665 693 664
693 692 664
693 694 722
694 693 665
663 691 662
691 692 720
719 691 720
692 691 663
690 691 719
691 690 662
751 752 780
751 780 779
723 751 722
752 751 723
751 750 722
750 751 779
807 778 779
778 807 806
777 778 806
778 750 779
302 301 273
300 301 329
301 272 273
301 300 272
330 301 302
301 330 329
365 394 393
365 393 364
394 365 366
365 337 366
339 340 368
340 339 311
339 310 311
367 339 368
255 256 284
255 283 254
283 255 284
226 255 254
227 255 226
255 227 256
762 733 734
762 734 763
791 762 763
733 762 761
762 790 761
790 762 791
457 456 428
485 456 457
427 456 455
456 427 428
125 124 96
124 125 153
124 95 96
152 124 153
67 66 38
66 37 38
95 66 67
66 65 37
66 94 65
94 66 95
35 64 63
64 35 36
65 64 36
64 92 63
120 148 119
91 120 119
92 120 91
120 92 121
149 120 121
120 149 148
177 178 206
206 178 207
178 179 207
149 178 177
469 497 468
440 469 468
469 498 497
414 415 443
385 414 413
415 414 386
414 385 386
414 442 413
442 414 443
757 758 786
757 785 756
728 757 756
785 757 786
757 729 758
729 757 728
724 696 725
696 724 695
724 723 695
724 752 723
724 753 752
753 724 725
692 721 720
750 721 722
693 721 692
721 693 722
337 336 308
307 336 335
335 336 364
336 307 308
365 336 337
336 365 364
310 338 309
337 338 366
338 337 309
338 367 366
338 339 367
339 338 310
483 484 512
513 484 485
512 484 513
484 483 455
456 484 455
484 456 485
209 180 181
180 209 208
179 180 208
180 152 181
180 151 152
151 180 179
151 123 152
123 94 95
94 123 122
123 151 122
123 124 152
124 123 95
93 94 122
121 93 122
94 93 65
92 93 121
64 93 92
93 64 65
150 121 122
150 151 179
150 149 121
151 150 122
150 178 149
178 150 179
441 412 413
442 441 413
412 441 440
441 469 440
749 778 777
749 748 720
748 749 777
778 749 750
749 721 750
721 749 720
498 470 499
470 471 499
470 442 471
469 470 498
441 470 469
470 441 442
