TITLE = "Written by meshio v4.3.8"
VARIABLES = "X", "Y"
ZONE NODES = 567, ELEMENTS = 1040,
DATAPACKING = BLOCK, ZONETYPE = FETRIANGLE
0.01 0.02 0.02 0.01 0.01 0.010457226950123986 0.010908805207587862 0.011359265989782137 0.011809421397058708 0.012260897913518452 0.012714186909773082 0.013169214396491795 0.013625677161249008 0.01408320625005487 0.01454143188100867 0.015000000000000027 0.015458568118991389 0.01591679374994519 0.016374322838751062 0.016830785603508275
0.017285813090226983 0.01773910208648161 0.01819057860294135 0.01864073401021791 0.01909119479241217 0.019542773049876033 0.02 0.010355072960769355 0.010736514950215366 0.01114929010902049 0.011582615480423145 0.0120278347137663 0.012479584315058998 0.012934935070259975 0.013392342041757849 0.013850969074063097 0.014310322156523432 0.014770066068336063 0.015229933931666427 0.015689677843479084
0.016149030925939455 0.01660765795824476 0.017065064929742652 0.017520415684943523 0.017972165286235915 0.018417384519578493 0.01885070989098025 0.019263485049784448 0.019644927039230032 0.009999999999999998 0.010417986332845967 0.010859393138244279 0.011314713182016847 0.011773548550784893 0.012233465928951798 0.012693891657409128 0.013154677599599013 0.013615750101190914 0.014077042116983154 0.014538483307216212
0.015000000000002173 0.015461516692788169 0.015922957883021307 0.01638424989881364 0.016845322400405663 0.017306108342595605 0.017766534071052876 0.018226451449219493 0.018685286817986826 0.019140606861757926 0.01958201366715375 0.019999999999999997 0.01 0.010531513129047832 0.011031172706428095 0.011511392748667637 0.011982393982839795 0.012449271394396817 0.012914228466041884 0.013378256524634195
0.01384182377801122 0.014305163052252278 0.014768397740096103 0.015231602259909592 0.015694836947753463 0.016158176221994624 0.01662174347537179 0.017085771533964227 0.017550728605609384 0.018017606017166427 0.018488607251338506 0.01896882729357784 0.019468486870957123 0.02 0.01 0.010373037782658545 0.010809739751844101 0.011271586829060744 0.011739219496853416 0.012207020478422325
0.012673957204600064 0.01314004708316486 0.013605506010179878 0.014070544199301347 0.014535330604378246 0.015000000000003233 0.015464669395628239 0.015929455800705213 0.016394493989826796 0.01685995291684191 0.01732604279540674 0.017792979521584377 0.01826078050315291 0.018728413170944636 0.019190260248159122 0.019626962217340883 0.02 0.01 0.010517986670686149 0.011011412984413074
0.011490534465836205 0.011963454339814116 0.012433293270125797 0.012901440890322852 0.01336857567698685 0.013835076961779652 0.01430118788532001 0.014767085308585217 0.015232914691421563 0.015698812114686808 0.01616492303822724 0.01663142432302013 0.01709855910968416 0.017566706729881157 0.018036545660192648 0.018509465534170162 0.01898858701559254 0.01948201332931819 0.019999999999999997 0.01
0.010371367476989288 0.010802410770825888 0.011260574137027909 0.01172703451290581 0.01219546144725862 0.01266388529967772 0.013131841586336877 0.013599316610135467 0.014066416385763966 0.014533268939475432 0.015000000000003332 0.015466731060531239 0.015933583614242762 0.016400683389871308 0.016868158413669898 0.01733611470032897 0.017804538552747814 0.018272965487100064 0.018739425862976822 0.019197589229176755
0.019628632523010135 0.019999999999999997 0.01 0.010515887258783083 0.011006597760808853 0.011483899050477052 0.01195609787881873 0.012426167343011219 0.012895137900368218 0.013363442139816325 0.01383130942178464 0.014298893101353643 0.014766315239674402 0.015233684760331745 0.015701106898652534 0.01616869057822156 0.016636557860189874 0.017104862099637942 0.0175738326569948 0.018043902121186988
0.01851610094952818 0.01899340223919569 0.019484112741220562 0.02 0.01 0.01037056517055123 0.010800993126875423 0.011257838208197842 0.01172317902572829 0.012191068460707983 0.012659546280424754 0.013127984934621759 0.01359622625175298 0.01406427112100037 0.014532172566886785 0.015000000000002657 0.015467827433118534 0.01593572887900497 0.016403773748252345 0.016872015065383526
0.017340453719580408 0.017808931539296916 0.018276820974276117 0.01874216179180562 0.01919900687312647 0.019629434829448275 0.02 0.01 0.010516147014989331 0.01100607692959515 0.011482434876398967 0.011953890464366507 0.012423584573381871 0.012892559675336337 0.013361168009573127 0.013829551035918588 0.014297787470873402 0.014765938567217923 0.0152340614327863 0.015702212529130816
0.016170448964085635 0.016638831990431063 0.017107440324667766 0.0175764154266221 0.01804610953563723 0.018517565123604408 0.01899392307040778 0.01948385298501306 0.02 0.01 0.01037017350104423 0.010800895757834744 0.011257511426279097 0.011722359856410862 0.01218981095503211 0.01265806090058921 0.01312650946245875 0.013594957838298968 0.014063351571320565 0.014531691330170722
0.015000000000001476 0.015468308669832216 0.015936648428682375 0.01640504216170395 0.01687349053754412 0.017341939099413572 0.017810189044970497 0.01827764014359145 0.01874248857372272 0.01919910424216623 0.019629826498955488 0.02 0.01 0.010516571035162379 0.01100632345935974 0.011482362102412172 0.011953472093816742 0.012422904152113423 0.012891758505565978 0.013360390907357345
0.01382891512079978 0.01429737442116922 0.014765795735264372 0.015234204264737147 0.015702625578832303 0.01617108487920173 0.016639609092644152 0.01710824149443549 0.017577095847887986 0.018046527906184554 0.018517637897588996 0.01899367654064126 0.01948342896483844 0.02 0.01 0.010370051799527623 0.010800946983587729 0.0112575620731219 0.011722292268140887 0.012189599753717134
0.012657746701605601 0.013126159035939479 0.013594636411364549 0.014063109747856607 0.014531562299701331 0.015000000000000024 0.015468437700298718 0.015936890252143433 0.016405363588635487 0.016873840964060544 0.017342253298394415 0.01781040024628288 0.018277707731859116 0.018742437926878092 0.01919905301641226 0.019629948200472376 0.02 0.009999999999999998 0.010516571035161678 0.011006323459358872
0.011482362102411143 0.011953472093815577 0.01242290415211216 0.012891758505564647 0.013360390907355977 0.01382891512079838 0.014297374421167797 0.014765795735262922 0.01523420426473565 0.015702625578830766 0.01617108487920018 0.016639609092642588 0.01710824149443392 0.01757709584788645 0.01804652790618311 0.01851763789758768 0.01899367654064011 0.019483428964837485 0.02 0.01
0.010370173501044437 0.01080089575783388 0.011257511426277511 0.011722359856408824 0.012189810955029783 0.012658060900586701 0.013126509462456129 0.013594957838296277 0.014063351571317802 0.014531691330167892 0.014999999999998575 0.015468308669829258 0.015936648428679364 0.016405042161700897 0.016873490537541048 0.01734193909941053 0.017810189044967596 0.018277640143588837 0.018742488573720656 0.01919910424216512
0.019629826498955835 0.02 0.01 0.010516147014987312 0.011006076929592637 0.01148243487639604 0.011953890464363234 0.01242358457337834 0.01289255967533263 0.013361168009569291 0.013829551035914663 0.014297787470869381 0.0147659385672138 0.015234061432782081 0.01570221252912651 0.01617044896408122 0.016638831990426595 0.017107440324663298 0.01757641542661771 0.018046109535633043
0.018517565123600574 0.018993923070404404 0.019483852985010278 0.02 0.009999999999999998 0.010370565170551604 0.01080099312687379 0.011257838208194862 0.011723179025724485 0.012191068460703695 0.012659546280420167 0.013127984934616983 0.013596226251748065 0.014064271120995344 0.014532172566881645 0.014999999999997403 0.015467827433113158 0.01593572887899946 0.016403773748246725 0.01687201506537784
0.01734045371957476 0.017808931539291473 0.018276820974271163 0.018742161791801677 0.019199006873124314 0.019629434829448893 0.02 0.009999999999999998 0.010515887258780037 0.011006597760805007 0.011483899050472585 0.011956097878813783 0.012426167343005941 0.012895137900362726 0.013363442139810687 0.01383130942177889 0.014298893101347777 0.014766315239668404 0.015233684760325598 0.01570110689864621
0.016168690578215062 0.016636557860183237 0.017104862099631236 0.017573832656988152 0.01804390212118058 0.018516100949522243 0.018993402239190476 0.01948411274121633 0.02 0.009999999999999998 0.010371367476989735 0.010802410770823645 0.011260574137023891 0.011727034512900782 0.012195461447253036 0.012663885299671829 0.013131841586330795 0.013599316610129253 0.014066416385757643 0.014533268939468996
0.014999999999996745 0.015466731060524486 0.0159335836142358 0.016400683389864137 0.01686815841366257 0.0173361147003216 0.01780453855274063 0.01827296548709343 0.018739425862971427 0.019197589229173737 0.01962863252301085 0.02 0.01 0.01051798667068254 0.011011412984408374 0.011490534465830822 0.011963454339808319 0.012433293270119748 0.012901440890316626 0.013368575676980526
0.01383507696177325 0.014301187885313505 0.014767085308578579 0.015232914691414764 0.0156988121146798 0.016164923038219977 0.016631424323012622 0.017098559109676482 0.017566706729873417 0.018036545660185005 0.018509465534162908 0.018988587015586072 0.019482013329313153 0.02 0.01 0.010373037782658984 0.01080973975184139 0.011271586829056214 0.011739219496848025 0.012207020478416536
0.012673957204594103 0.013140047083158813 0.013605506010173764 0.014070544199295173 0.01453533060437197 0.014999999999996813 0.015464669395621631 0.015929455800698367 0.016394493989819674 0.016859952916834536 0.017326042795399208 0.01779297952157686 0.018260780503145727 0.018728413170938478 0.01919026024815544 0.01962696221734161 0.02 0.01 0.010531513129043758 0.01103117270642316
0.011511392748662464 0.011982393982834476 0.012449271394391441 0.012914228466036501 0.013378256524628802 0.013841823778005814 0.01430516305224682 0.014768397740090542 0.015231602259903864 0.015694836947747526 0.01615817622198844 0.016621743475365332 0.017085771533957506 0.017550728605602462 0.01801760601715939 0.01848860725133148 0.018968827293570988 0.019468486870951332 0.02 0.01
0.010417986332846156 0.010859393138242406 0.01131471318201374 0.011773548550781164 0.012233465928947793 0.012693891657405013 0.013154677599594872 0.013615750101186777 0.014077042116979 0.014538483307212014 0.014999999999997885 0.01546151669278372 0.015922957883016675 0.016384249898808805 0.016845322400400597 0.01730610834259039 0.01776653407104765 0.018226451449214524 0.018685286817982618 0.019140606861755394
0.01958201366715412 0.02 0.010355072960769846 0.01073651495021549 0.011149290109019848 0.011582615480421771 0.012027834713764443 0.01247958431505686 0.012934935070257714 0.01339234204175555 0.013850969074060785 0.014310322156521098 0.014770066068333686 0.015229933931663976 0.015689677843476534 0.016149030925936798 0.016607657958241998 0.017065064929739825 0.017520415684940772 0.017972165286233455
0.018417384519576672 0.018850709890979447 0.019263485049784704 0.019644927039230774 0.01 0.01045722695012398 0.010908805207587849 0.01135926598978212 0.011809421397058685 0.01226089791351843 0.012714186909773066 0.013169214396491779 0.013625677161248994 0.014083206250054868 0.014541431881008671 0.015000000000000032 0.015458568118991406 0.015916793749945223 0.016374322838751093 0.016830785603508307
0.01728581309022701 0.017739102086481634 0.01819057860294137 0.018640734010217923 0.01909119479241218 0.019542773049876037 0.02
0.0 0.0 0.01 0.01 0.0004112273667464428 0.0 0.0 0.0 0.0 0.0 0.0 0.0 0.0 0.0 0.0 0.0 0.0 0.0 0.0 0.0
0.0 0.0 0.0 0.0 0.0 0.0 0.00041122736674643396 0.0004379547215856075 0.0004304498647441961 0.00043130486090531766 0.00042902703440188017 0.0004265534321299047 0.00042456437015614575 0.0004231095608305858 0.0004220872265572008 0.0004213971513525646 0.000420970319209126 0.00042076614984611164 0.0004207661498461802 0.0004209703192093385
0.0004213971513529326 0.0004220872265577557 0.0004231095608313574 0.0004245643701571782 0.0004265534321312355 0.00042902703440351396 0.0004313048609072033 0.0004304498647460449 0.00043795472158890403 0.0008291825305312339 0.0008777277084581636 0.0008665515806674942 0.000859655665192359 0.0008533098385040588 0.0008487384780953564 0.0008456187244008762 0.0008435178264804781 0.000842116969742826 0.0008412204835063646 0.0008407186285228429
0.0008405568242778983 0.000840718628523104 0.0008412204835069175 0.0008421169697437139 0.0008435178264817765 0.0008456187244026965 0.0008487384780978259 0.0008533098385073035 0.0008596556651964515 0.0008665515806722002 0.0008777277084635556 0.0008291825305312267 0.0012444417466628455 0.0012835747388375215 0.0012776752148140856 0.0012733979263926886 0.0012691301325470862 0.0012657745816948675 0.001263324849965873 0.001261595082716312
0.001260419530256011 0.0012596875560012244 0.0012593357260841963 0.0012593357260843802 0.0012596875560018012 0.001260419530257042 0.0012615950827178839 0.001263324849968142 0.0012657745816980288 0.0012691301325513794 0.001273397926398379 0.001277675214821437 0.0012835747388476942 0.0012444417466628466 0.0016595382901570654 0.0016922660806895603 0.0016903354776074276 0.0016880472084887 0.0016858078216480487 0.0016833592269104491
0.0016812596962023116 0.0016796282582521587 0.0016784340823169798 0.0016776223227368185 0.0016771510406825365 0.0016769964562656826 0.0016771510406830205 0.0016776223227378405 0.0016784340823186444 0.0016796282582546367 0.001681259696205839 0.0016833592269153395 0.0016858078216546767 0.0016880472084975183 0.0016903354776193365 0.001692266080705158 0.0016595382901570571 0.0020802037975961676 0.002105940724211247 0.0021020071757494037
0.0021003749302254456 0.0020990074715246266 0.0020975866422138036 0.002096331464396935 0.0020953263269669073 0.0020945834317177155 0.0020940950620928853 0.00209385300507477 0.002093853005075059 0.002094095062093788 0.0020945834317193275 0.0020953263269694127 0.0020963314644005956 0.002097586642218977 0.002099007471531784 0.0021003749302352178 0.00210200717576285 0.0021059407242304796 0.0020802037975961715 0.0024965297252472754
0.002520884517446123 0.002516876445222107 0.0025145996682092464 0.0025135483222554315 0.0025127487158886053 0.0025119694253277246 0.0025112724261035307 0.00251070535497166 0.002510290576443259 0.00251003839356753 0.0025099538069188565 0.002510038393568215 0.002510290576444708 0.0025107053549740417 0.002511272426107122 0.0025119694253328967 0.002512748715895855 0.002513548322265422 0.0025145996682228848 0.002516876445240681
0.002520884517469827 0.0024965297252472624 0.002914680171441897 0.002934485082170882 0.002929776380735692 0.002928045977254549 0.0029273423830075344 0.0029269067699446926 0.0029265184241520177 0.0029261694374396667 0.00292588323051361 0.0029256807383236665 0.0029255759939835493 0.002925575993983928 0.0029256807383248582 0.0029258832305157564 0.002926169437443027 0.0029265184241569642 0.0029269067699517364 0.0029273423830173655
0.0029280459772681035 0.002929776380754354 0.002934485082197064 0.002914680171441903 0.0033312979651030274 0.003349178349355567 0.0033453607210529603 0.003342892705848131 0.0033419001849075997 0.003341526112716512 0.0033413370764712315 0.0033411789310961336 0.0033410314161602442 0.003340908338649493 0.0033408267048075707 0.0033407981508525456 0.0033408267048084216 0.0033409083386513145 0.0033410314161632522 0.003341178931100676
0.003341337076477808 0.0033415261127257767 0.003341900184920413 0.0033428927058656026 0.0033453607210765044 0.003349178349385252 0.003331297965103016 0.003748901241860313 0.0037617895371089764 0.003758221569119718 0.0037566977361113514 0.0037561486328710784 0.0037559880149908294 0.003755936336085638 0.0037558945182664997 0.0037558479831695905 0.003755806618710148 0.0037557824439401525 0.0037557824439406065 0.0037558066187115702
0.0037558479831721623 0.0037558945182705303 0.0037559363360915783 0.003755988014999305 0.003756148632882923 0.0037566977361276756 0.003758221569142028 0.0037617895371398133 0.003748901241860312 0.004165711955493811 0.0041752608983198 0.004173066639830264 0.004171532314222086 0.004170859326504232 0.004170643200905573 0.004170607996678097 0.004170614977455113 0.004170617108220797 0.004170610023762009 0.004170601096334518
0.00417059725608139 0.004170601096335496 0.004170610023764083 0.0041706171082242375 0.004170614977460311 0.0041706079966856106 0.004170643200916165 0.004170859326518873 0.004171532314241972 0.004173066639856869 0.004175260898352953 0.0041657119554937986 0.004582983118487033 0.004587469969998334 0.004586167912617252 0.004585571167842557 0.004585346249331472 0.004585293831397395 0.004585299590352627 0.004585313001800951
0.004585319906199348 0.0045853210987813085 0.0045853204176616365 0.004585320417662135 0.004585321098782864 0.004585319906202158 0.004585313001805347 0.004585299590359106 0.004585293831406648 0.00458534624934439 0.004585571167860311 0.0045861679126414315 0.004587469970031435 0.004582983118487026 0.005 0.004999999999985905 0.004999999999988579 0.0049999999999913725 0.004999999999993576 0.004999999999995278
0.0049999999999965836 0.004999999999997579 0.004999999999998338 0.004999999999998935 0.004999999999999448 0.004999999999999937 0.00500000000000047 0.005000000000001114 0.005000000000001927 0.005000000000002997 0.00500000000000443 0.005000000000006343 0.005000000000008841 0.005000000000012083 0.0050000000000162016 0.005000000000020154 0.0049999999999999845 0.0054170168815129635 0.005412530029974395 0.005413832087362698
0.005414428832142594 0.0054146537506575875 0.005414706168594637 0.005414700409641662 0.00541468699819506 0.005414680093797983 0.005414678901217104 0.0054146795823377565 0.005414679582338254 0.005414678901218671 0.005414680093800799 0.005414686998199456 0.005414700409648142 0.005414706168603887 0.005414653750670506 0.005414428832160345 0.005413832087386866 0.005412530030007479 0.0054170168815129436 0.005834288044506189
0.005824739101652948 0.005826933360147754 0.0058284676857613725 0.005829140673483464 0.005829356799085398 0.005829392003315366 0.005829385022540248 0.0058293828917760256 0.0058293899762359574 0.005829398903664432 0.005829402743918512 0.0058293989036654215 0.005829389976238056 0.005829382891779472 0.005829385022545452 0.005829392003322887 0.005829356799095988 0.00582914067349809 0.005828467685781236 0.005826933360174331
0.005824739101686059 0.005834288044506163 0.006251098758139684 0.006238210462865661 0.006241778430861815 0.006243302263875028 0.00624385136711892 0.006244011985001893 0.006244063663909142 0.00624410548172985 0.0062441520168279845 0.006244193381288419 0.006244217556059317 0.0062442175560597805 0.006244193381289862 0.00624415201683057 0.006244105481733898 0.006244063663915094 0.00624401198501037 0.006243851367130749
0.006243302263891318 0.006241778430884085 0.0062382104628964374 0.006251098758139651 0.006668702034896969 0.006650821650620083 0.006654639278927633 0.006657107294137367 0.006658099815081667 0.0066584738872756295 0.0066586629235230845 0.006658821068899835 0.0066589685838369965 0.006659091661348758 0.006659173295191548 0.006659201849147399 0.006659173295192421 0.006659091661350607 0.006658968583840026 0.006658821068904399
0.006658662923529663 0.006658473887284879 0.006658099815094458 0.0066571072941547975 0.006654639278951113 0.006650821650649679 0.006668702034896941 0.007085319828558094 0.00706551491780764 0.007070223619248903 0.0070719540227341705 0.007072657616984206 0.007073093230049304 0.007073481575843676 0.007073830562557327 0.007074116769484402 0.007074319261675184 0.007074424006016058 0.00707442400601645 0.0070743192616764
0.007074116769486581 0.007073830562560711 0.007073481575848636 0.007073093230056347 0.007072657616994018 0.007071954022747696 0.0070702236192675075 0.007065514917833724 0.007085319828558055 0.007503470274752721 0.007479115482534499 0.007483123554762628 0.007485400331779468 0.007486451677736236 0.007487251284105289 0.0074880305746678495 0.0074887275738933345 0.007489294645026202 0.007489709423555406 0.007489961606431829
0.00749004619308117 0.007489961606432529 0.007489709423556889 0.007489294645028621 0.00748872757389694 0.007488030574673023 0.007487251284112529 0.007486451677746209 0.007485400331793066 0.00748312355478113 0.007479115482558083 0.007503470274752693 0.007919796202403826 0.007894059275773028 0.007897992824239532 0.007899625069766453 0.007900992528469406 0.007902413357781841 0.007903668535599937 0.00790467367303091
0.007905416568280853 0.007905904937906313 0.007906146994925005 0.007906146994925301 0.00790590493790724 0.007905416568282498 0.00790467367303344 0.007903668535603604 0.007902413357787002 0.00790099252847654 0.007899625069776204 0.00789799282425293 0.007894059275792169 0.007919796202403788 0.008340461709842933 0.008307733919297743 0.008309664522382815 0.008311952791504035 0.008314192178346457 0.008316640773085476
0.008318740303794734 0.00832037174174574 0.008321565917681588 0.008322377677262313 0.008322848959317085 0.008323003543734409 0.008322848959317576 0.008322377677263357 0.00832156591768328 0.008320371741748225 0.008318740303798255 0.008316640773090354 0.008314192178353066 0.008311952791512827 0.008309664522394674 0.008307733919313238 0.008340461709842905 0.00875555825333715 0.008716425261154194 0.00872232478517989
0.008726602073602634 0.00873086986744937 0.008734225418302509 0.008736675150032248 0.00873840491728238 0.008739580469743139 0.008740312443998336 0.00874066427391573 0.008740664273915923 0.008740312443998921 0.008739580469744187 0.008738404917283967 0.008736675150034512 0.008734225418305666 0.008730869867453646 0.008726602073608297 0.00872232478518721 0.008716425261164302 0.008755558253337122 0.009170817469468769
0.00912227229153746 0.00913344841932867 0.009140344334804302 0.009146690161493288 0.009151261521902616 0.009154381275597633 0.009156482173518473 0.009157883030256461 0.009158779516493224 0.009159281371477012 0.009159443175722216 0.009159281371477281 0.009158779516493774 0.00915788303025736 0.009156482173519772 0.009154381275599456 0.00915126152190508 0.009146690161496511 0.009140344334808367 0.009133448419333359
0.009122272291542808 0.009170817469468748 0.009562045278411728 0.009569550135254302 0.009568695139093154 0.009570972965596797 0.009573446567869013 0.009575435629843023 0.009576890439168805 0.009577912773442368 0.009578602848647163 0.009579029680790746 0.009579233850153895 0.009579233850153971 0.009579029680790958 0.009578602848647531 0.009577912773442925 0.009576890439169565 0.009575435629844056 0.009573446567870342
0.009570972965598416 0.009568695139095024 0.009569550135256144 0.009562045278414984 0.009588772633253563 0.01 0.01 0.01 0.01 0.01 0.01 0.01 0.01 0.01 0.01 0.009999999999999998 0.01 0.010000000000000002 0.01 0.01
0.01 0.009999999999999998 0.01 0.01 0.01 0.01 0.009588772633253546
21 22 44
252 274 251
562 561 539
476 454 477
1 6 28
523 545 500
72 71 49
27 72 49
24 25 47
49 48 26
49 2 27
229 252 251
228 229 251
282 260 283
38 15 16
11 33 10
191 168 169
45 22 23
22 45 44
179 180 202
40 17 18
66 43 44
43 21 44
43 66 65
43 20 21
565 564 542
544 566 543
3 566 544
521 522 544
522 567 544
540 562 539
562 540 563
493 494 516
536 559 558
538 516 539
561 538 539
560 538 561
211 233 210
445 422 423
422 445 444
4 523 546
547 546 524
523 524 546
4 545 523
48 71 70
25 48 47
26 48 25
49 26 2
206 184 207
206 229 228
229 206 207
267 244 245
197 198 220
198 221 220
219 197 220
242 219 220
173 195 172
216 238 215
308 285 286
285 263 286
37 15 38
11 34 33
12 13 35
12 34 11
34 12 35
191 190 168
166 165 143
144 166 143
309 308 286
308 309 331
204 227 226
135 157 134
157 180 179
290 289 267
246 268 245
268 267 245
268 290 267
67 66 44
67 68 90
67 45 68
45 67 44
67 89 66
89 67 90
62 40 63
87 64 65
86 64 87
64 86 63
543 565 542
543 520 521
543 566 565
3 544 567
498 499 521
499 476 477
499 498 476
499 522 521
541 519 542
564 541 542
541 564 563
540 541 563
541 518 519
518 541 540
534 557 556
515 493 516
538 515 516
118 96 119
73 96 95
96 118 95
33 32 10
459 460 482
501 478 479
524 501 502
501 523 500
478 501 500
524 523 501
502 501 479
525 547 524
547 525 548
525 502 503
502 525 524
502 480 503
480 502 479
354 353 331
446 445 423
325 302 303
284 306 283
445 467 444
301 300 278
321 298 299
298 321 320
196 219 218
219 196 197
196 195 173
195 196 218
192 191 169
171 149 172
149 148 126
148 149 171
195 194 172
194 171 172
234 233 211
237 238 260
238 237 215
239 238 216
219 241 218
241 219 242
240 241 263
241 240 218
37 14 15
213 190 191
142 165 164
165 142 143
165 187 164
209 187 210
431 432 454
274 273 251
248 225 226
46 24 47
46 45 23
24 46 23
45 46 68
46 69 68
69 46 47
70 69 47
48 70 47
48 49 71
69 70 92
70 93 92
93 70 71
94 93 71
72 94 71
180 203 202
225 203 226
203 225 202
203 204 226
205 206 228
227 205 228
204 205 227
243 242 220
221 243 220
244 243 221
289 312 311
312 289 290
131 130 108
130 131 153
156 157 179
157 156 134
201 179 202
222 244 221
244 222 245
66 88 65
89 88 66
88 87 65
111 88 89
107 129 106
130 107 108
129 107 130
17 39 16
39 38 16
39 17 40
39 61 38
39 62 61
62 39 40
81 58 59
82 81 59
81 82 104
41 40 18
40 41 63
19 41 18
41 64 63
498 520 497
519 520 542
520 519 497
520 498 521
543 521 544
520 543 542
516 517 539
517 540 539
494 517 516
517 518 540
535 536 558
557 535 558
534 535 557
535 534 512
513 535 512
535 513 536
515 492 493
537 559 536
559 537 560
537 538 560
537 515 538
74 96 73
6 29 28
5 28 50
1 28 5
7 29 6
9 32 31
32 9 10
8 9 31
32 54 31
54 53 31
146 168 145
168 146 169
411 434 433
411 433 410
478 456 479
456 478 455
433 456 455
434 456 433
550 549 527
481 459 482
481 480 458
459 481 458
480 481 503
481 504 503
504 481 482
528 550 527
461 483 460
460 483 482
352 353 375
354 355 377
401 424 423
424 446 423
440 417 418
438 461 460
328 306 329
285 307 284
307 285 308
306 307 329
307 306 284
490 513 512
513 490 491
417 395 418
395 396 418
398 397 375
400 401 423
422 400 423
399 400 422
400 399 377
196 174 197
174 196 173
129 128 106
170 192 169
170 148 171
302 280 303
281 280 258
280 281 303
259 281 258
282 259 260
281 259 282
259 237 260
217 195 218
194 217 216
240 217 218
217 194 195
239 217 240
217 239 216
261 284 283
260 261 283
238 261 260
239 261 238
36 58 35
13 36 35
58 36 59
36 37 59
36 14 37
14 36 13
190 167 168
168 167 145
167 144 145
144 167 166
189 167 190
167 189 166
214 192 215
192 214 191
237 214 215
214 213 191
118 141 140
163 141 164
141 163 140
141 118 119
142 141 119
141 142 164
120 142 119
142 120 143
186 163 164
186 209 208
185 186 208
163 186 185
186 187 209
187 186 164
189 188 166
188 211 210
188 165 166
188 189 211
188 187 165
187 188 210
495 517 494
517 495 518
296 274 297
296 273 274
248 247 225
227 249 226
249 248 226
112 135 134
112 89 90
111 112 134
112 111 89
112 113 135
113 112 90
68 91 90
91 69 92
69 91 68
114 91 92
113 91 114
91 113 90
161 162 184
115 114 92
93 115 92
243 265 242
268 291 290
334 335 357
334 333 311
312 334 311
334 312 335
88 110 87
110 88 111
154 155 177
176 154 177
154 176 153
131 154 153
178 156 179
178 200 177
155 178 177
156 178 155
201 178 179
178 201 200
199 176 177
198 199 221
200 199 177
176 199 198
222 199 200
199 222 221
201 223 200
223 246 245
222 223 245
223 222 200
86 85 63
85 86 108
85 62 63
107 85 108
61 60 38
60 37 38
37 60 59
60 82 59
60 83 82
83 60 61
126 103 104
103 81 104
42 19 20
42 43 65
43 42 20
64 42 65
41 42 64
42 41 19
467 466 444
443 466 465
466 443 444
466 488 465
469 492 491
513 514 536
492 514 491
514 513 491
514 492 515
537 514 515
514 537 536
298 276 299
276 298 275
276 253 254
253 276 275
209 231 208
231 230 208
231 253 230
253 231 254
256 255 233
234 256 233
255 256 278
52 53 75
74 52 75
76 98 75
53 76 75
99 76 77
76 99 98
54 76 53
76 54 77
34 56 33
148 125 126
103 125 102
125 103 126
100 99 77
388 411 410
457 480 479
480 457 458
457 456 434
456 457 479
508 486 509
419 396 397
396 419 418
436 459 458
411 412 434
525 526 548
504 526 503
526 525 503
526 504 527
549 526 527
526 549 548
528 551 550
484 461 462
484 507 506
483 484 506
484 483 461
505 504 482
504 505 527
528 505 506
505 528 527
483 505 482
505 483 506
532 555 554
510 532 509
532 531 509
531 508 509
531 532 554
553 531 554
396 374 397
397 374 375
374 352 375
380 379 357
309 332 331
332 354 331
355 332 333
332 355 354
335 358 357
358 380 357
439 440 462
461 439 462
440 439 417
438 439 461
330 352 329
330 308 331
353 330 331
352 330 353
307 330 329
330 307 308
376 354 377
353 376 375
376 353 354
399 376 377
398 376 399
376 398 375
443 421 444
421 399 422
421 422 444
421 398 399
175 176 198
176 175 153
175 198 197
174 175 197
82 105 104
105 83 106
83 105 82
128 105 106
151 174 173
151 128 129
192 193 215
193 216 215
193 194 216
194 193 171
170 193 192
193 170 171
262 240 263
262 285 284
285 262 263
262 239 240
262 261 239
261 262 284
189 212 211
212 234 211
212 189 190
213 212 190
235 212 213
212 235 234
236 235 213
236 259 258
259 236 237
235 236 258
214 236 213
236 214 237
97 74 75
98 97 75
96 97 119
74 97 96
120 97 98
97 120 119
99 121 98
121 144 143
120 121 143
121 120 98
498 475 476
475 498 497
405 406 428
406 405 383
471 494 493
518 496 519
519 496 497
495 496 518
431 409 432
406 384 407
384 406 383
139 161 138
161 139 162
205 183 206
206 183 184
183 161 184
157 158 180
158 157 135
137 115 138
115 137 114
287 309 286
266 243 244
266 244 267
289 266 267
266 265 243
313 312 290
312 313 335
313 291 314
291 313 290
86 109 108
109 86 87
109 131 108
110 109 87
156 133 134
133 111 134
133 156 155
133 110 111
224 201 202
225 224 202
224 247 246
247 224 225
224 223 201
223 224 246
62 84 61
84 83 61
84 107 106
83 84 106
84 85 107
85 84 62
79 80 102
81 80 58
103 80 81
80 103 102
489 490 512
490 489 467
466 489 488
489 466 467
468 467 445
468 490 467
446 468 445
490 468 491
469 468 446
468 469 491
277 255 278
300 277 278
277 300 299
255 277 254
277 276 254
276 277 299
232 209 210
232 255 254
233 232 210
255 232 233
231 232 254
232 231 209
301 279 302
279 301 278
279 280 302
256 279 278
30 8 31
53 30 31
7 30 29
30 7 8
52 30 53
30 52 29
51 74 73
28 51 50
51 73 50
51 29 52
51 52 74
51 28 29
55 54 32
54 55 77
55 32 33
56 55 33
147 170 169
146 147 169
170 147 148
147 125 148
101 79 102
440 463 462
486 463 464
464 442 465
442 443 465
435 436 458
457 435 458
435 457 434
436 435 413
435 412 413
412 435 434
301 323 300
321 343 320
507 529 506
529 528 506
529 551 528
551 529 552
488 487 465
487 486 464
487 464 465
486 487 509
510 487 488
487 510 509
555 533 556
533 534 556
533 555 532
510 533 532
395 373 396
373 395 372
373 374 396
378 400 377
355 378 377
400 378 401
378 379 401
380 381 403
358 381 380
393 415 392
370 393 392
437 438 460
459 437 460
436 437 459
437 415 438
306 305 283
305 282 283
328 305 306
327 305 328
127 126 104
127 149 126
127 105 128
105 127 104
175 152 153
152 130 153
152 129 130
152 175 174
151 152 174
152 151 129
144 122 145
100 122 99
122 121 99
121 122 144
453 430 431
476 453 454
453 431 454
430 453 452
453 475 452
475 453 476
429 430 452
430 429 407
406 429 428
429 406 407
427 428 450
427 405 428
492 470 493
469 470 492
471 470 448
470 471 493
472 495 494
471 472 494
402 380 403
402 424 401
379 402 401
402 379 380
402 425 424
425 402 403
428 451 450
429 451 428
451 429 452
319 318 296
319 296 297
430 408 431
408 430 407
408 409 431
336 358 335
336 313 314
313 336 335
250 227 228
250 228 251
273 250 251
250 249 227
250 272 249
272 250 273
296 295 273
318 295 296
272 295 294
295 272 273
116 94 117
115 116 138
94 116 93
116 115 93
116 139 138
139 116 117
182 205 204
182 183 205
158 136 159
113 136 135
136 113 114
136 158 135
136 137 159
137 136 114
264 241 242
263 264 286
241 264 263
265 264 242
287 264 265
264 287 286
333 310 311
310 332 309
332 310 333
287 310 309
270 247 248
109 132 131
154 132 155
132 154 131
132 109 110
133 132 110
132 133 155
58 57 35
57 34 35
57 56 34
56 57 79
57 80 79
80 57 58
257 235 258
280 257 258
235 257 234
257 256 234
257 279 256
279 257 280
78 100 77
78 56 79
55 78 77
78 55 56
78 101 100
101 78 79
125 124 102
124 147 146
147 124 125
124 101 102
485 484 462
507 485 508
485 486 508
484 485 507
485 463 486
463 485 462
420 419 397
398 420 397
420 421 443
421 420 398
420 442 419
442 420 443
419 441 418
463 441 464
441 440 418
441 463 440
441 442 464
442 441 419
368 367 345
324 301 302
325 324 302
324 323 301
300 322 299
322 321 299
322 323 345
323 322 300
531 530 508
530 553 552
530 507 508
530 531 553
530 529 507
529 530 552
511 510 488
511 489 512
534 511 512
489 511 488
511 533 510
533 511 534
352 351 329
351 328 329
374 351 352
373 351 374
356 355 333
356 334 357
334 356 333
379 356 357
378 356 379
356 378 355
405 382 383
395 394 372
394 395 417
325 326 348
326 325 303
349 326 327
326 349 348
150 151 173
150 173 172
149 150 172
151 150 128
150 127 128
127 150 149
425 426 448
426 425 403
447 469 446
424 447 446
425 447 424
447 425 448
447 470 469
470 447 448
475 474 452
474 475 497
496 474 497
474 451 452
341 319 342
318 341 340
341 363 340
319 341 318
341 364 363
364 341 342
364 386 363
409 386 387
386 364 387
408 386 409
363 362 340
362 339 340
317 318 340
339 317 340
317 295 318
295 317 294
158 181 180
181 203 180
203 181 204
181 158 159
182 181 159
181 182 204
183 160 161
137 160 159
161 160 138
160 137 138
182 160 183
160 182 159
288 287 265
288 266 289
288 289 311
266 288 265
288 310 287
310 288 311
272 271 249
271 272 294
249 271 248
293 271 294
270 271 293
271 270 248
247 269 246
269 291 268
269 268 246
270 269 247
101 123 100
122 123 145
123 146 145
123 122 100
124 123 101
123 124 146
414 436 413
415 414 392
414 437 436
437 414 415
391 414 413
414 391 392
391 369 392
369 370 392
369 391 368
391 390 368
412 390 413
390 391 413
390 367 368
366 388 365
343 366 365
350 327 328
350 349 327
350 373 372
349 350 372
350 351 373
351 350 328
315 337 314
337 336 314
337 315 338
371 370 348
349 371 348
371 393 370
371 349 372
371 394 393
394 371 372
415 416 438
439 416 417
416 439 438
393 416 415
416 394 417
394 416 393
305 304 282
281 304 303
304 281 282
304 305 327
326 304 327
304 326 303
449 427 450
449 471 448
472 449 450
449 472 471
449 426 427
426 449 448
404 382 405
381 404 403
427 404 405
382 404 381
404 426 403
426 404 427
473 496 495
473 472 450
472 473 495
451 473 450
474 473 451
473 474 496
385 408 407
384 385 407
386 385 363
385 386 408
385 362 363
362 385 384
339 361 338
361 384 383
362 361 339
361 362 384
316 293 294
315 316 338
316 339 338
316 315 293
316 317 339
317 316 294
315 292 293
291 292 314
292 270 293
292 315 314
292 269 270
269 292 291
347 325 348
370 347 348
347 324 325
369 347 370
389 390 412
388 389 411
389 412 411
390 389 367
389 366 367
366 389 388
367 344 345
322 344 321
344 343 321
344 322 345
344 366 343
366 344 367
359 382 381
359 381 358
336 359 358
337 359 336
323 346 345
346 368 345
324 346 323
346 369 368
346 347 369
347 346 324
360 337 338
360 361 383
382 360 383
361 360 338
360 359 337
359 360 382
