0.00545773
0.00541156
0.00536636
0.00532212
0.00527881
0.00523639
0.00519486
0.00515417
0.00511431
0.00507525
0.00503697
0.00499946
0.00496268
0.00492663
0.00489128
0.00485661
0.00482261
0.00478926
0.00475653
0.00472443
0.00469292
0.00466207
0.00463178
0.00460206
0.00457287
0.00454422
0.00451608
0.00448845
0.00446132
0.00443466
0.00440848
0.00438276
0.00435749
0.00433266
0.00430826
0.00428427
0.0042607
0.00423754
0.00421476
0.00419237
0.00417036
0.00414872
0.00412743
0.0041065
0.00408592
0.00406568
0.00404582
0.00402629
0.00400708
0.00398817
0.00396958
0.00395128
0.00393328
0.00391556
0.00389813
0.00388097
0.00386409
0.00384747
0.00383111
0.00381501
0.00379916
0.00378356
0.00376819
0.00375307
0.00373818
0.00372352
0.00370908
0.00369487
0.00368087
0.00366708
0.00365351
0.00364019
0.00362707
0.00361416
0.00360143
0.0035889
0.00357656
0.0035644
0.00355243
0.00354063
0.00352901
0.00351756
0.00350628
0.00349517
0.00348422
0.00347344
0.00346282
0.00345235
0.00344203
0.00343187
0.00342186
0.00341199
0.00340227
0.0033927
0.00338326
0.00337396
0.0033648
0.00335577
0.00334687
0.0033381
0.00332946
