0.00550426
0.00545784
0.00541242
0.00536796
0.00532443
0.0052818
0.00524006
0.00519918
0.00515912
0.00511988
0.00508142
0.00504373
0.00500679
0.00497057
0.00493505
0.00490023
0.00486608
0.00483257
0.00479971
0.00476747
0.00473583
0.00470478
0.00467431
0.0046444
0.00461503
0.00458621
0.0045579
0.0045301
0.00450281
0.00447599
0.00444966
0.00442378
0.00439836
0.00437339
0.00434884
0.00432472
0.00430102
0.00427772
0.00425482
0.0042323
0.00421017
0.00418843
0.00416706
0.00414604
0.00412537
0.00410505
0.00408506
0.00406539
0.00404605
0.00402702
0.0040083
0.00398988
0.00397175
0.00395392
0.00393637
0.0039191
0.0039021
0.00388538
0.00386891
0.00385271
0.00383675
0.00382105
0.00380559
0.00379037
0.00377539
0.00376063
0.00374611
0.0037318
0.00371772
0.00370385
0.00369019
0.00367674
0.00366349
0.00365044
0.00363759
0.00362494
0.00361247
0.00360019
0.00358809
0.00357618
0.00356444
0.00355288
0.00354149
0.00353026
0.00351921
0.00350831
0.00349758
0.00348701
0.00347659
0.00346633
0.00345622
0.00344625
0.00343643
0.00342676
0.00341723
0.00340784
0.00339858
0.00338946
0.00338047
0.00337162
0.00336289
