0.00550426
0.00548092
0.00545784
0.00543501
0.00541242
0.00539007
0.00536796
0.00534608
0.00532443
0.005303
0.0052818
0.00526082
0.00524006
0.00521951
0.00519918
0.00517905
0.00515912
0.0051394
0.00511988
0.00510055
0.00508142
0.00506248
0.00504373
0.00502517
0.00500679
0.00498859
0.00497057
0.00495272
0.00493505
0.00491756
0.00490023
0.00488307
0.00486608
0.00484924
0.00483257
0.00481606
0.00479971
0.00478351
0.00476747
0.00475157
0.00473583
0.00472023
0.00470478
0.00468947
0.00467431
0.00465928
0.0046444
0.00462965
0.00461503
0.00460055
0.00458621
0.00457199
0.0045579
0.00454394
0.0045301
0.00451639
0.00450281
0.00448934
0.00447599
0.00446277
0.00444966
0.00443666
0.00442378
0.00441102
0.00439836
0.00438582
0.00437339
0.00436106
0.00434884
0.00433673
0.00432472
0.00431282
0.00430102
0.00428932
0.00427772
0.00426622
0.00425482
0.00424351
0.0042323
0.00422119
0.00421017
0.00419925
0.00418843
0.0041777
0.00416706
0.00415651
0.00414604
0.00413567
0.00412537
0.00411517
0.00410505
0.00409501
0.00408506
0.00407518
0.00406539
0.00405568
0.00404605
0.00403649
0.00402702
0.00401762
0.0040083
0.00399905
0.00398988
0.00398078
0.00397175
0.0039628
0.00395392
0.00394511
0.00393637
0.0039277
0.0039191
0.00391057
0.0039021
0.00389371
0.00388538
0.00387711
0.00386891
0.00386078
0.00385271
0.0038447
0.00383675
0.00382887
0.00382105
0.00381329
0.00380559
0.00379795
0.00379037
0.00378285
0.00377539
0.00376798
0.00376063
0.00375334
0.00374611
0.00373893
0.0037318
0.00372473
0.00371772
0.00371076
0.00370385
0.00369699
0.00369019
0.00368344
0.00367674
0.00367009
0.00366349
0.00365694
0.00365044
0.00364399
0.00363759
0.00363124
0.00362494
0.00361868
0.00361247
0.00360631
0.00360019
0.00359412
0.00358809
0.00358211
0.00357618
0.00357029
0.00356444
0.00355864
0.00355288
0.00354716
0.00354149
0.00353585
0.00353026
0.00352471
0.00351921
0.00351374
0.00350831
0.00350293
0.00349758
0.00349228
0.00348701
0.00348178
0.00347659
0.00347144
0.00346633
0.00346125
0.00345622
0.00345122
0.00344625
0.00344133
0.00343643
0.00343158
0.00342676
0.00342198
0.00341723
0.00341251
0.00340784
0.00340319
0.00339858
0.003394
0.00338946
0.00338495
0.00338047
0.00337603
0.00337162
0.00336724
0.00336289
