0.00512305
0.00510069
0.00507857
0.00505669
0.00503503
0.0050136
0.00499239
0.0049714
0.00495063
0.00493008
0.00490973
0.00488959
0.00486966
0.00484993
0.00483039
0.00481106
0.00479192
0.00477304
0.00475435
0.00473585
0.00471753
0.00469939
0.00468143
0.00466365
0.00464603
0.00462859
0.00461132
0.00459421
0.00457727
0.00456049
0.00454387
0.00452741
0.0045111
0.00449495
0.00447894
0.00446309
0.00444739
0.0044319
0.00441656
0.00440137
0.00438631
0.00437139
0.00435661
0.00434196
0.00432745
0.00431306
0.00429881
0.00428469
0.00427069
0.00425682
0.00424308
0.00422945
0.00421595
0.00420257
0.00418931
0.00417616
0.00416313
0.00415028
0.00413755
0.00412492
0.00411241
0.00410001
0.00408771
0.00407552
0.00406343
0.00405145
0.00403957
0.0040278
0.00401612
0.00400454
0.00399307
0.00398168
0.0039704
0.00395921
0.00394811
0.00393711
0.00392619
0.00391544
0.00390478
0.0038942
0.00388372
0.00387332
0.003863
0.00385277
0.00384263
0.00383257
0.00382259
0.00381269
0.00380287
0.00379313
0.00378348
0.0037739
0.00376439
0.00375497
0.00374562
0.00373634
0.00372714
0.00371808
0.00370909
0.00370017
0.00369133
0.00368255
0.00367384
0.00366521
0.00365664
0.00364814
0.0036397
0.00363134
0.00362303
0.0036148
0.00360663
0.00359852
0.00359047
0.00358249
0.00357457
0.00356671
0.00355891
0.00355123
0.00354362
0.00353606
0.00352857
0.00352113
0.00351374
0.00350642
0.00349915
0.00349194
0.00348478
0.00347767
0.00347062
0.00346363
0.00345668
0.00344979
0.00344296
0.00343617
0.00342944
0.00342275
0.00341612
0.0034096
0.00340312
0.0033967
0.00339033
0.003384
0.00337772
0.00337149
0.0033653
0.00335917
0.00335307
0.00334703
0.00334102
0.00333507
0.00332915
0.00332328
0.00331746
0.00331168
0.00330594
0.00330024
0.00329459
0.00328904
0.00328353
0.00327806
0.00327263
0.00326724
0.00326189
0.00325658
0.00325131
0.00324608
0.00324089
0.00323574
0.00323062
0.00322554
0.0032205
0.0032155
0.00321053
0.0032056
0.00320071
0.00319585
0.00319103
0.0031863
0.00318161
0.00317695
0.00317232
0.00316773
0.00316318
0.00315866
0.00315417
0.00314971
0.00314529
0.0031409
0.00313654
0.00313221
0.00312792
0.00312365
0.00311942
0.00311522
0.00311105
0.00310691
0.0031028
0.00309872
0.00309467
0.00309066
0.00308667
