0.00545773
0.00543452
0.00541156
0.00538884
0.00536636
0.00534412
0.00532212
0.00530035
0.00527881
0.00525749
0.00523639
0.00521552
0.00519486
0.00517441
0.00515417
0.00513414
0.00511431
0.00509468
0.00507525
0.00505602
0.00503697
0.00501812
0.00499946
0.00498098
0.00496268
0.00494457
0.00492663
0.00490887
0.00489128
0.00487386
0.00485661
0.00483953
0.00482261
0.00480585
0.00478926
0.00477282
0.00475653
0.00474041
0.00472443
0.0047086
0.00469292
0.00467742
0.00466207
0.00464686
0.00463178
0.00461685
0.00460206
0.0045874
0.00457287
0.00455848
0.00454422
0.00453009
0.00451608
0.00450221
0.00448845
0.00447482
0.00446132
0.00444793
0.00443466
0.00442151
0.00440848
0.00439556
0.00438276
0.00437007
0.00435749
0.00434502
0.00433266
0.0043204
0.00430826
0.00429621
0.00428427
0.00427244
0.0042607
0.00424907
0.00423754
0.0042261
0.00421476
0.00420352
0.00419237
0.00418132
0.00417036
0.00415949
0.00414872
0.00413803
0.00412743
0.00411693
0.0041065
0.00409617
0.00408592
0.00407576
0.00406568
0.00405571
0.00404582
0.00403601
0.00402629
0.00401664
0.00400708
0.00399759
0.00398817
0.00397884
0.00396958
0.00396039
0.00395128
0.00394224
0.00393328
0.00392438
0.00391556
0.00390681
0.00389813
0.00388952
0.00388097
0.0038725
0.00386409
0.00385575
0.00384747
0.00383926
0.00383111
0.00382303
0.00381501
0.00380705
0.00379916
0.00379133
0.00378356
0.00377585
0.00376819
0.0037606
0.00375307
0.0037456
0.00373818
0.00373082
0.00372352
0.00371627
0.00370908
0.00370195
0.00369487
0.00368784
0.00368087
0.00367395
0.00366708
0.00366027
0.00365351
0.00364682
0.00364019
0.00363361
0.00362707
0.00362059
0.00361416
0.00360777
0.00360143
0.00359514
0.0035889
0.00358271
0.00357656
0.00357046
0.0035644
0.00355839
0.00355243
0.0035465
0.00354063
0.0035348
0.00352901
0.00352326
0.00351756
0.0035119
0.00350628
0.0035007
0.00349517
0.00348968
0.00348422
0.00347881
0.00347344
0.00346811
0.00346282
0.00345756
0.00345235
0.00344717
0.00344203
0.00343693
0.00343187
0.00342685
0.00342186
0.00341691
0.00341199
0.00340712
0.00340227
0.00339747
0.0033927
0.00338796
0.00338326
0.00337859
0.00337396
0.00336936
0.0033648
0.00336027
0.00335577
0.0033513
0.00334687
0.00334247
0.0033381
0.00333377
0.00332946
