0.00512558
0.00503753
0.00495311
0.00487212
0.00479435
0.00471994
0.00464843
0.00457964
0.00451345
0.00444973
0.00438863
0.00432975
0.00427298
0.00421822
0.00416538
0.00411465
0.00406566
0.00401833
0.00397259
0.00392837
0.00388588
0.00384478
0.00380501
0.00376652
0.00372926
0.00369343
0.00365873
0.00362511
0.00359254
0.00356096
0.00353061
0.00350118
0.00347264
0.00344497
0.00341812
0.00339231
0.00336728
0.00334299
0.00331942
0.00329653
0.00327456
0.00325324
0.00323253
0.00321243
0.00319292
0.00317421
0.00315604
0.0031384
0.00312127
0.00310464
0.0030885
