0.00550426
0.00541242
0.00532443
0.00524006
0.00515912
0.00508142
0.00500679
0.00493505
0.00486608
0.00479971
0.00473583
0.00467431
0.00461503
0.0045579
0.00450281
0.00444966
0.00439836
0.00434884
0.00430102
0.00425482
0.00421017
0.00416706
0.00412537
0.00408506
0.00404605
0.0040083
0.00397175
0.00393637
0.0039021
0.00386891
0.00383675
0.00380559
0.00377539
0.00374611
0.00371772
0.00369019
0.00366349
0.00363759
0.00361247
0.00358809
0.00356444
0.00354149
0.00351921
0.00349758
0.00347659
0.00345622
0.00343643
0.00341723
0.00339858
0.00338047
0.00336289
