0.00546686
0.00537539
0.00528776
0.00520372
0.0051231
0.00504569
0.00497133
0.00489987
0.00483113
0.004765
0.00470144
0.00464023
0.00458125
0.0045244
0.00446957
0.00441668
0.00436563
0.00431634
0.00426874
0.00422275
0.0041783
0.00413533
0.00409378
0.00405367
0.00401487
0.00397732
0.00394097
0.00390577
0.00387168
0.00383866
0.00380666
0.00377565
0.0037456
0.00371646
0.00368821
0.00366081
0.00363432
0.00360863
0.00358371
0.00355953
0.00353606
0.00351329
0.00349119
0.00346974
0.00344891
0.0034287
0.00340907
0.00339002
0.00337152
0.00335356
0.00333612
