0.00550577
0.00541392
0.00532591
0.00524153
0.00516058
0.00508287
0.00500822
0.00493648
0.00486749
0.00480112
0.00473723
0.0046757
0.00461641
0.00455927
0.00450417
0.00445101
0.00439972
0.00435019
0.00430236
0.00425615
0.00421155
0.00416842
0.00412673
0.00408639
0.00404737
0.00400961
0.00397305
0.00393766
0.00390338
0.00387018
0.00383801
0.00380684
0.00377662
0.00374733
0.00371894
0.0036914
0.00366469
0.00363878
0.00361365
0.00358927
0.00356561
0.00354265
0.00352036
0.00349873
0.00347773
0.00345735
0.00343756
0.00341835
0.00339969
0.00338158
0.00336399
