0.00512447
0.00503645
0.00495206
0.00487109
0.00479335
0.00471897
0.00464747
0.00457871
0.00451254
0.00444883
0.00438775
0.00432889
0.00427214
0.0042174
0.00416457
0.00411385
0.00406488
0.00401756
0.00397184
0.00392763
0.00388515
0.00384406
0.0038043
0.00376582
0.00372857
0.00369275
0.00365806
0.00362445
0.00359189
0.00356032
0.00352997
0.00350055
0.00347202
0.00344435
0.00341751
0.00339171
0.00336669
0.0033424
0.00331883
0.00329596
0.00327399
0.00325267
0.00323197
0.00321188
0.00319237
0.00317366
0.0031555
0.00313786
0.00312074
0.00310411
0.00308797
