0.00546682
0.0054206
0.00537536
0.00533108
0.00528772
0.00524527
0.00520369
0.00516296
0.00512306
0.00508397
0.00504566
0.00500811
0.0049713
0.00493522
0.00489983
0.00486513
0.0048311
0.00479772
0.00476497
0.00473284
0.00470136
0.00467047
0.00464015
0.00461039
0.00458117
0.00455248
0.00452432
0.00449666
0.00446949
0.00444281
0.0044166
0.00439085
0.00436555
0.00434069
0.00431626
0.00429226
0.00426866
0.00424547
0.00422267
0.00420026
0.00417822
0.00415656
0.00413525
0.0041143
0.0040937
0.00407348
0.0040536
0.00403404
0.0040148
0.00399587
0.00397725
0.00395892
0.0039409
0.00392315
0.0039057
0.00388852
0.00387161
0.00385497
0.00383858
0.00382246
0.00380659
0.00379096
0.00377558
0.00376044
0.00374553
0.00373085
0.00371639
0.00370215
0.00368814
0.00367433
0.00366078
0.00364744
0.0036343
0.00362135
0.00360861
0.00359605
0.00358368
0.0035715
0.0035595
0.00354768
0.00353604
0.00352456
0.00351326
0.00350213
0.00349116
0.00348036
0.00346971
0.00345922
0.00344889
0.00343871
0.00342868
0.00341879
0.00340905
0.00339945
0.00339
0.00338068
0.0033715
0.00336245
0.00335354
0.00334475
0.00333609
