0.00550393
0.00545752
0.0054121
0.00536764
0.00532412
0.0052815
0.00523976
0.00519888
0.00515883
0.00511958
0.00508113
0.00504344
0.0050065
0.00497029
0.00493478
0.00489995
0.0048658
0.00483231
0.00479944
0.0047672
0.00473557
0.00470452
0.00467405
0.00464414
0.00461478
0.00458596
0.00455765
0.00452986
0.00450256
0.00447575
0.00444942
0.00442354
0.00439813
0.00437315
0.00434861
0.00432449
0.00430079
0.00427749
0.00425459
0.00423208
0.00420994
0.00418821
0.00416684
0.00414582
0.00412516
0.00410483
0.00408484
0.00406518
0.00404584
0.00402681
0.00400809
0.00398967
0.00397155
0.00395372
0.00393617
0.0039189
0.0039019
0.00388518
0.00386872
0.00385251
0.00383656
0.00382086
0.0038054
0.00379018
0.0037752
0.00376044
0.00374592
0.00373162
0.00371753
0.00370366
0.00369
0.00367655
0.00366331
0.00365026
0.00363741
0.00362476
0.00361229
0.00360001
0.00358791
0.003576
0.00356426
0.0035527
0.00354131
0.00353009
0.00351903
0.00350814
0.00349741
0.00348684
0.00347642
0.00346616
0.00345605
0.00344608
0.00343627
0.00342659
0.00341706
0.00340767
0.00339841
0.0033893
0.00338031
0.00337145
0.00336273
