0.00547089
0.00542465
0.00537939
0.00533509
0.00529172
0.00524925
0.00520766
0.00516691
0.005127
0.00508791
0.0050496
0.00501205
0.00497525
0.00493917
0.00490379
0.00486909
0.00483506
0.00480168
0.00476894
0.00473683
0.00470532
0.00467439
0.00464404
0.00461425
0.004585
0.00455629
0.00452809
0.0045004
0.00447321
0.00444652
0.00442029
0.00439453
0.00436922
0.00434435
0.00431991
0.0042959
0.00427229
0.00424909
0.00422628
0.00420387
0.00418184
0.00416018
0.00413888
0.00411794
0.00409734
0.00407708
0.00405716
0.00403756
0.00401827
0.00399932
0.00398067
0.00396232
0.00394427
0.00392651
0.00390902
0.00389182
0.00387489
0.00385822
0.00384182
0.00382568
0.0038098
0.00379417
0.00377878
0.00376362
0.0037487
0.00373402
0.00371955
0.00370531
0.00369128
0.00367749
0.0036639
0.00365052
0.00363734
0.00362436
0.00361157
0.00359898
0.00358658
0.00357436
0.00356232
0.00355048
0.00353881
0.00352732
0.003516
0.00350484
0.00349386
0.00348303
0.00347236
0.00346185
0.0034515
0.00344131
0.00343127
0.00342138
0.00341163
0.00340203
0.00339256
0.00338324
0.00337405
0.003365
0.00335607
0.00334728
0.00333862
