0.00551214
0.00548879
0.00546569
0.00544284
0.00542023
0.00539786
0.00537573
0.00535383
0.00533216
0.00531072
0.0052895
0.00526851
0.00524773
0.00522716
0.00520681
0.00518666
0.00516672
0.00514698
0.00512745
0.00510811
0.00508896
0.00507001
0.00505124
0.00503266
0.00501427
0.00499605
0.00497802
0.00496016
0.00494248
0.00492497
0.00490763
0.00489046
0.00487345
0.00485661
0.00483993
0.0048234
0.00480704
0.00479083
0.00477477
0.00475887
0.00474311
0.0047275
0.00471204
0.00469672
0.00468155
0.00466651
0.00465162
0.00463686
0.00462223
0.00460774
0.00459339
0.00457916
0.00456506
0.00455109
0.00453725
0.00452353
0.00450993
0.00449646
0.0044831
0.00446987
0.00445675
0.00444375
0.00443086
0.00441809
0.00440543
0.00439287
0.00438043
0.0043681
0.00435588
0.00434376
0.00433174
0.00431983
0.00430803
0.00429632
0.00428471
0.00427321
0.0042618
0.00425049
0.00423927
0.00422815
0.00421713
0.00420619
0.00419535
0.00418461
0.00417395
0.00416338
0.0041529
0.0041425
0.00413219
0.00412197
0.00411183
0.00410178
0.00409181
0.00408192
0.00407211
0.00406238
0.00405274
0.00404317
0.00403368
0.00402426
0.00401492
0.00400566
0.00399647
0.00398736
0.00397832
0.00396935
0.00396046
0.00395163
0.00394288
0.0039342
0.00392558
0.00391703
0.00390856
0.00390015
0.0038918
0.00388352
0.00387531
0.00386716
0.00385908
0.00385106
0.0038431
0.0038352
0.00382737
0.0038196
0.00381188
0.00380423
0.00379664
0.00378911
0.00378163
0.00377421
0.00376685
0.00375955
0.0037523
0.00374511
0.00373797
0.00373089
0.00372387
0.00371689
0.00370997
0.00370311
0.00369629
0.00368953
0.00368282
0.00367616
0.00366955
0.00366299
0.00365648
0.00365002
0.00364361
0.00363725
0.00363093
0.00362466
0.00361844
0.00361227
0.00360614
0.00360006
0.00359403
0.00358804
0.00358209
0.00357619
0.00357033
0.00356452
0.00355875
0.00355303
0.00354734
0.0035417
0.0035361
0.00353054
0.00352503
0.00351955
0.00351412
0.00350872
0.00350337
0.00349805
0.00349278
0.00348754
0.00348234
0.00347718
0.00347206
0.00346698
0.00346193
0.00345692
0.00345195
0.00344702
0.00344212
0.00343726
0.00343243
0.00342764
0.00342288
0.00341816
0.00341347
0.00340882
0.0034042
0.00339962
0.00339507
0.00339055
0.00338607
0.00338161
0.0033772
0.00337281
0.00336845
