0.00546682
0.00544359
0.0054206
0.00539786
0.00537536
0.0053531
0.00533108
0.00530929
0.00528772
0.00526638
0.00524527
0.00522437
0.00520369
0.00518322
0.00516296
0.00514291
0.00512306
0.00510342
0.00508397
0.00506472
0.00504566
0.00502679
0.00500811
0.00498961
0.0049713
0.00495317
0.00493522
0.00491744
0.00489983
0.0048824
0.00486513
0.00484804
0.0048311
0.00481433
0.00479772
0.00478127
0.00476497
0.00474883
0.00473284
0.00471703
0.00470136
0.00468584
0.00467047
0.00465524
0.00464015
0.0046252
0.00461039
0.00459571
0.00458117
0.00456676
0.00455248
0.00453834
0.00452432
0.00451042
0.00449666
0.00448301
0.00446949
0.00445609
0.00444281
0.00442964
0.0044166
0.00440366
0.00439085
0.00437814
0.00436555
0.00435306
0.00434069
0.00432842
0.00431626
0.00430421
0.00429226
0.00428041
0.00426866
0.00425701
0.00424547
0.00423402
0.00422267
0.00421142
0.00420026
0.00418919
0.00417822
0.00416735
0.00415656
0.00414586
0.00413525
0.00412473
0.0041143
0.00410396
0.0040937
0.00408355
0.00407348
0.0040635
0.0040536
0.00404378
0.00403404
0.00402438
0.0040148
0.00400529
0.00399587
0.00398652
0.00397725
0.00396805
0.00395892
0.00394987
0.0039409
0.00393199
0.00392315
0.00391439
0.0039057
0.00389707
0.00388852
0.00388003
0.00387161
0.00386325
0.00385497
0.00384674
0.00383858
0.00383049
0.00382246
0.00381449
0.00380659
0.00379875
0.00379096
0.00378324
0.00377558
0.00376798
0.00376044
0.00375295
0.00374553
0.00373816
0.00373085
0.00372359
0.00371639
0.00370924
0.00370215
0.00369512
0.00368814
0.00368121
0.00367433
0.00366753
0.00366078
0.00365409
0.00364744
0.00364084
0.0036343
0.0036278
0.00362135
0.00361496
0.00360861
0.0036023
0.00359605
0.00358984
0.00358368
0.00357757
0.0035715
0.00356548
0.0035595
0.00355357
0.00354768
0.00354184
0.00353604
0.00353028
0.00352456
0.00351889
0.00351326
0.00350768
0.00350213
0.00349663
0.00349116
0.00348574
0.00348036
0.00347502
0.00346971
0.00346445
0.00345922
0.00345404
0.00344889
0.00344378
0.00343871
0.00343367
0.00342868
0.00342371
0.00341879
0.0034139
0.00340905
0.00340423
0.00339945
0.00339471
0.00339
0.00338532
0.00338068
0.00337607
0.0033715
0.00336696
0.00336245
0.00335798
0.00335354
0.00334913
0.00334475
0.00334041
0.00333609
