0.00519583
0.00517329
0.00515098
0.00512892
0.00510708
0.00508547
0.00506409
0.00504294
0.005022
0.00500128
0.00498077
0.00496047
0.00494038
0.00492049
0.0049008
0.00488132
0.00486209
0.00484305
0.0048242
0.00480554
0.00478707
0.00476878
0.00475067
0.00473273
0.00471497
0.00469739
0.00467997
0.00466272
0.00464564
0.00462873
0.00461197
0.00459538
0.00457894
0.00456265
0.00454653
0.00453055
0.00451478
0.00449916
0.00448369
0.00446836
0.00445317
0.00443812
0.00442321
0.00440844
0.0043938
0.00437929
0.00436492
0.00435068
0.00433657
0.00432258
0.00430872
0.00429498
0.00428137
0.00426788
0.0042545
0.00424125
0.00422817
0.00421521
0.00420236
0.00418962
0.00417699
0.00416448
0.00415207
0.00413977
0.00412758
0.00411549
0.0041035
0.00409162
0.00407984
0.00406816
0.00405659
0.0040451
0.00403372
0.00402243
0.00401124
0.00400014
0.00398919
0.00397834
0.00396757
0.00395689
0.0039463
0.0039358
0.00392539
0.00391506
0.00390482
0.00389467
0.00388459
0.0038746
0.00386469
0.00385486
0.00384511
0.00383545
0.00382585
0.00381634
0.0038069
0.00379754
0.00378831
0.00377916
0.00377007
0.00376106
0.00375212
0.00374326
0.00373446
0.00372573
0.00371708
0.00370849
0.00369997
0.00369151
0.00368313
0.0036748
0.00366655
0.00365836
0.00365023
0.00364217
0.00363417
0.00362623
0.0036184
0.00361064
0.00360294
0.00359529
0.00358771
0.00358018
0.00357272
0.00356531
0.00355795
0.00355066
0.00354342
0.00353623
0.0035291
0.00352203
0.00351501
0.00350804
0.00350112
0.00349426
0.00348745
0.00348069
0.00347403
0.00346743
0.00346087
0.00345437
0.00344791
0.0034415
0.00343514
0.00342883
0.00342256
0.00341634
0.00341017
0.00340405
0.00339797
0.00339193
0.00338595
0.00338
0.0033741
0.00336825
0.00336244
0.00335667
0.00335099
0.00334536
0.00333976
0.00333421
0.0033287
0.00332323
0.00331781
0.00331242
0.00330707
0.00330176
0.00329649
0.00329127
0.00328607
0.00328092
0.00327581
0.00327073
0.00326569
0.00326069
0.00325572
0.00325079
0.00324595
0.00324114
0.00323636
0.00323163
0.00322692
0.00322225
0.00321762
0.00321302
0.00320845
0.00320392
0.00319942
0.00319495
0.00319052
0.00318612
0.00318175
0.00317741
0.00317311
0.00316884
0.00316459
0.00316038
0.0031562
0.00315205
0.00314794
0.00314385
0.00313979
