0.00550575
0.00549405
0.00548241
0.00547084
0.00545933
0.00544788
0.00543649
0.00542516
0.0054139
0.00540269
0.00539154
0.00538046
0.00536943
0.00535846
0.00534754
0.00533669
0.00532589
0.00531515
0.00530446
0.00529384
0.00528326
0.00527274
0.00526228
0.00525187
0.00524151
0.00523121
0.00522096
0.00521077
0.00520062
0.00519053
0.00518049
0.0051705
0.00516056
0.00515067
0.00514084
0.00513105
0.00512131
0.00511162
0.00510198
0.00509239
0.00508285
0.00507335
0.00506391
0.00505451
0.00504515
0.00503585
0.00502659
0.00501737
0.0050082
0.00499908
0.00499
0.00498097
0.00497198
0.00496303
0.00495413
0.00494527
0.00493646
0.00492769
0.00491896
0.00491027
0.00490163
0.00489303
0.00488447
0.00487595
0.00486747
0.00485904
0.00485064
0.00484228
0.00483397
0.00482569
0.00481745
0.00480926
0.0048011
0.00479298
0.0047849
0.00477686
0.00476885
0.00476088
0.00475296
0.00474506
0.00473721
0.00472939
0.00472161
0.00471387
0.00470616
0.00469848
0.00469085
0.00468325
0.00467568
0.00466815
0.00466065
0.00465319
0.00464577
0.00463837
0.00463101
0.00462369
0.0046164
0.00460914
0.00460192
0.00459473
0.00458757
0.00458044
0.00457335
0.00456629
0.00455926
0.00455226
0.00454529
0.00453836
0.00453146
0.00452459
0.00451774
0.00451093
0.00450416
0.00449741
0.00449069
0.004484
0.00447734
0.00447071
0.00446411
0.00445754
0.004451
0.00444449
0.004438
0.00443155
0.00442512
0.00441873
0.00441236
0.00440601
0.0043997
0.00439341
0.00438716
0.00438093
0.00437472
0.00436854
0.00436239
0.00435627
0.00435018
0.00434411
0.00433806
0.00433205
0.00432605
0.00432009
0.00431415
0.00430824
0.00430235
0.00429648
0.00429065
0.00428483
0.00427904
0.00427328
0.00426754
0.00426183
0.00425614
0.00425048
0.00424484
0.00423923
0.00423365
0.00422808
0.00422254
0.00421702
0.00421153
0.00420606
0.00420061
0.00419519
0.00418979
0.00418441
0.00417905
0.00417372
0.00416841
0.00416312
0.00415785
0.00415261
0.00414739
0.00414219
0.00413701
0.00413185
0.00412671
0.0041216
0.0041165
0.00411143
0.00410638
0.00410135
0.00409634
0.00409135
0.00408638
0.00408143
0.0040765
0.0040716
0.00406671
0.00406184
0.00405699
0.00405217
0.00404736
0.00404257
0.0040378
0.00403305
0.00402832
0.00402361
0.00401892
0.00401425
0.0040096
0.00400496
0.00400035
0.00399575
0.00399117
0.00398661
0.00398207
0.00397755
0.00397304
0.00396855
0.00396409
0.00395963
0.0039552
0.00395079
0.00394639
0.00394201
0.00393765
0.0039333
0.00392898
0.00392466
0.00392037
0.0039161
0.00391184
0.0039076
0.00390337
0.00389916
0.00389497
0.0038908
0.00388664
0.0038825
0.00387837
0.00387426
0.00387017
0.00386609
0.00386203
0.00385799
0.00385396
0.00384994
0.00384595
0.00384196
0.003838
0.00383405
0.00383011
0.00382619
0.00382229
0.0038184
0.00381453
0.00381067
0.00380683
0.003803
0.00379918
0.00379538
0.0037916
0.00378783
0.00378408
0.00378034
0.00377661
0.0037729
0.0037692
0.00376552
0.00376185
0.0037582
0.00375456
0.00375093
0.00374732
0.00374372
0.00374014
0.00373657
0.00373301
0.00372947
0.00372594
0.00372243
0.00371892
0.00371544
0.00371196
0.0037085
0.00370505
0.00370161
0.00369819
0.00369478
0.00369139
0.003688
0.00368463
0.00368128
0.00367793
0.0036746
0.00367128
0.00366797
0.00366468
0.0036614
0.00365813
0.00365487
0.00365163
0.0036484
0.00364518
0.00364197
0.00363877
0.00363559
0.00363242
0.00362926
0.00362611
0.00362298
0.00361985
0.00361674
0.00361364
0.00361055
0.00360748
0.00360441
0.00360136
0.00359831
0.00359528
0.00359226
0.00358926
0.00358626
0.00358327
0.0035803
0.00357734
0.00357439
0.00357144
0.00356851
0.0035656
0.00356269
0.00355979
0.0035569
0.00355403
0.00355116
0.00354831
0.00354547
0.00354263
0.00353981
0.003537
0.0035342
0.00353141
0.00352863
0.00352586
0.0035231
0.00352035
0.00351761
0.00351488
0.00351216
0.00350945
0.00350675
0.00350407
0.00350139
0.00349872
0.00349606
0.00349341
0.00349077
0.00348814
0.00348552
0.00348291
0.00348031
0.00347772
0.00347514
0.00347257
0.00347001
0.00346745
0.00346491
0.00346238
0.00345985
0.00345734
0.00345483
0.00345234
0.00344985
0.00344737
0.0034449
0.00344244
0.00343999
0.00343755
0.00343512
0.00343269
0.00343028
0.00342787
0.00342548
0.00342309
0.00342071
0.00341834
0.00341597
0.00341362
0.00341128
0.00340894
0.00340661
0.00340429
0.00340198
0.00339968
0.00339739
0.0033951
0.00339283
0.00339056
0.0033883
0.00338605
0.00338381
0.00338157
0.00337934
0.00337713
0.00337491
0.00337271
0.00337052
0.00336833
0.00336615
0.00336398
