0.0054668
0.00545515
0.00544357
0.00543204
0.00542058
0.00540918
0.00539784
0.00538656
0.00537534
0.00536418
0.00535308
0.00534204
0.00533106
0.00532013
0.00530927
0.00529846
0.0052877
0.00527701
0.00526636
0.00525578
0.00524525
0.00523477
0.00522435
0.00521398
0.00520367
0.00519341
0.0051832
0.00517305
0.00516294
0.00515289
0.00514289
0.00513294
0.00512305
0.0051132
0.0051034
0.00509365
0.00508395
0.0050743
0.0050647
0.00505515
0.00504564
0.00503618
0.00502677
0.00501741
0.00500809
0.00499882
0.0049896
0.00498042
0.00497129
0.0049622
0.00495315
0.00494415
0.0049352
0.00492629
0.00491742
0.0049086
0.00489982
0.00489108
0.00488238
0.00487373
0.00486512
0.00485655
0.00484802
0.00483953
0.00483109
0.00482268
0.00481431
0.00480599
0.0047977
0.00478946
0.00478125
0.00477308
0.00476495
0.00475686
0.00474881
0.0047408
0.00473282
0.0047249
0.00471701
0.00470916
0.00470134
0.00469357
0.00468583
0.00467812
0.00467045
0.00466282
0.00465522
0.00464766
0.00464013
0.00463264
0.00462518
0.00461776
0.00461037
0.00460302
0.0045957
0.00458841
0.00458115
0.00457393
0.00456675
0.00455959
0.00455247
0.00454538
0.00453832
0.0045313
0.0045243
0.00451734
0.00451041
0.00450351
0.00449664
0.0044898
0.004483
0.00447622
0.00446948
0.00446276
0.00445607
0.00444942
0.00444279
0.0044362
0.00442963
0.00442309
0.00441658
0.0044101
0.00440365
0.00439723
0.00439083
0.00438447
0.00437813
0.00437182
0.00436553
0.00435928
0.00435305
0.00434685
0.00434068
0.00433453
0.00432841
0.00432231
0.00431625
0.00431021
0.00430419
0.0042982
0.00429224
0.0042863
0.00428039
0.00427451
0.00426865
0.00426281
0.004257
0.00425122
0.00424545
0.00423972
0.00423401
0.00422832
0.00422266
0.00421702
0.0042114
0.00420581
0.00420025
0.0041947
0.00418918
0.00418368
0.00417821
0.00417276
0.00416733
0.00416193
0.00415654
0.00415118
0.00414585
0.00414053
0.00413524
0.00412997
0.00412472
0.00411949
0.00411429
0.00410911
0.00410395
0.00409881
0.00409369
0.0040886
0.00408354
0.00407849
0.00407347
0.00406847
0.00406349
0.00405853
0.00405358
0.00404866
0.00404376
0.00403889
0.00403403
0.00402919
0.00402437
0.00401957
0.00401478
0.00401002
0.00400528
0.00400056
0.00399586
0.00399117
0.00398651
0.00398186
0.00397723
0.00397263
0.00396804
0.00396346
0.00395891
0.00395438
0.00394986
0.00394536
0.00394088
0.00393642
0.00393198
0.00392755
0.00392314
0.00391875
0.00391438
0.00391002
0.00390568
0.00390136
0.00389706
0.00389277
0.0038885
0.00388425
0.00388002
0.0038758
0.0038716
0.00386741
0.00386324
0.00385909
0.00385495
0.00385083
0.00384673
0.00384264
0.00383857
0.00383452
0.00383048
0.00382646
0.00382245
0.00381846
0.00381448
0.00381052
0.00380658
0.00380265
0.00379873
0.00379484
0.00379095
0.00378708
0.00378323
0.00377939
0.00377557
0.00377176
0.00376797
0.00376419
0.00376043
0.00375668
0.00375294
0.00374922
0.00374551
0.00374182
0.00373815
0.00373448
0.00373083
0.0037272
0.00372358
0.00371997
0.00371638
0.0037128
0.00370923
0.00370568
0.00370214
0.00369862
0.00369511
0.00369161
0.00368813
0.00368466
0.0036812
0.00367775
0.00367432
0.00367092
0.00366752
0.00366414
0.00366077
0.00365742
0.00365408
0.00365075
0.00364743
0.00364412
0.00364083
0.00363755
0.00363429
0.00363103
0.00362779
0.00362456
0.00362134
0.00361814
0.00361494
0.00361176
0.0036086
0.00360544
0.00360229
0.00359916
0.00359604
0.00359293
0.00358983
0.00358675
0.00358367
0.00358061
0.00357756
0.00357452
0.00357149
0.00356847
0.00356547
0.00356247
0.00355949
0.00355652
0.00355356
0.00355061
0.00354767
0.00354474
0.00354183
0.00353892
0.00353602
0.00353314
0.00353027
0.00352741
0.00352455
0.00352171
0.00351888
0.00351606
0.00351325
0.00351045
0.00350767
0.00350489
0.00350212
0.00349936
0.00349662
0.00349388
0.00349115
0.00348844
0.00348573
0.00348303
0.00348035
0.00347767
0.003475
0.00347235
0.0034697
0.00346706
0.00346444
0.00346182
0.00345921
0.00345662
0.00345403
0.00345145
0.00344888
0.00344632
0.00344377
0.00344123
0.0034387
0.00343617
0.00343366
0.00343116
0.00342866
0.00342618
0.0034237
0.00342124
0.00341878
0.00341633
0.00341389
0.00341146
0.00340904
0.00340663
0.00340422
0.00340183
0.00339944
0.00339707
0.0033947
0.00339234
0.00338999
0.00338764
0.00338531
0.00338299
0.00338067
0.00337836
0.00337606
0.00337377
0.00337149
0.00336921
0.00336695
0.00336469
0.00336244
0.0033602
0.00335797
0.00335574
0.00335353
0.00335132
0.00334912
0.00334693
0.00334474
0.00334256
0.0033404
0.00333824
0.00333608
