0.010000
0.010050
0.010100
0.010150
0.010200
0.010250
0.010300
0.010350
0.010400
0.010450
0.010500
0.010550
0.010600
0.010650
0.010700
0.010750
0.010800
0.010850
0.010900
0.010950
0.011000
0.011050
0.011100
0.011150
0.011200
0.011250
0.011300
0.011350
0.011400
0.011450
0.011500
0.011550
0.011600
0.011650
0.011700
0.011750
0.011800
0.011850
0.011900
0.011950
0.012000
0.012050
0.012100
0.012150
0.012200
0.012250
0.012300
0.012350
0.012400
0.012450
0.012500
0.012550
0.012600
0.012650
0.012700
0.012750
0.012800
0.012850
0.012900
0.012950
0.013000
0.013050
0.013100
0.013150
0.013200
0.013250
0.013300
0.013350
0.013400
0.013450
0.013500
0.013550
0.013600
0.013650
0.013700
0.013750
0.013800
0.013850
0.013900
0.013950
0.014000
0.014050
0.014100
0.014150
0.014200
0.014250
0.014300
0.014350
0.014400
0.014450
0.014500
0.014550
0.014600
0.014650
0.014700
0.014750
0.014800
0.014850
0.014900
0.014950
0.015000
0.015050
0.015100
0.015150
0.015200
0.015250
0.015300
0.015350
0.015400
0.015450
0.015500
0.015550
0.015600
0.015650
0.015700
0.015750
0.015800
0.015850
0.015900
0.015950
0.016000
0.016050
0.016100
0.016150
0.016200
0.016250
0.016300
0.016350
0.016400
0.016450
0.016500
0.016550
0.016600
0.016650
0.016700
0.016750
0.016800
0.016850
0.016900
0.016950
0.017000
0.017050
0.017100
0.017150
0.017200
0.017250
0.017300
0.017350
0.017400
0.017450
0.017500
0.017550
0.017600
0.017650
0.017700
0.017750
0.017800
0.017850
0.017900
0.017950
0.018000
0.018050
0.018100
0.018150
0.018200
0.018250
0.018300
0.018350
0.018400
0.018450
0.018500
0.018550
0.018600
0.018650
0.018700
0.018750
0.018800
0.018850
0.018900
0.018950
0.019000
0.019050
0.019100
0.019150
0.019200
0.019250
0.019300
0.019350
0.019400
0.019450
0.019500
0.019550
0.019600
0.019650
0.019700
0.019750
0.019800
0.019850
0.019900
0.019950
0.020000