          24
  0.0000000E+00  0.0000000E+00
   1.500000      0.0000000E+00
   1.500000       1.200000    
  0.0000000E+00   1.200000    
  0.8000000      0.0000000E+00
   1.000000      0.0000000E+00
   1.000000       1.200000    
  0.8000000       1.200000    
  0.7500000      0.0000000E+00
   1.050000      0.0000000E+00
   1.050000       1.200000    
  0.7500000       1.200000    
   1.050000      5.0000001E-02
   1.400000      5.0000001E-02
   1.400000      0.3500000    
   1.050000      0.3500000    
   1.050000      0.4500000    
   1.400000      0.4500000    
   1.400000      0.7500000    
   1.050000      0.7500000    
   1.050000      0.8500000    
   1.400000      0.8500000    
   1.400000       1.150000    
   1.050000       1.150000    
           8
           1
           1
           1
           1
           1
           1
           1
           1
           4           1           9          12           4
           4           9           5           8          12
           4           5           6           7           8
          10          11           7           6          10          13
          16          17          20          21          24
           4          13          14          15          16
           4          17          18          19          20
           4          21          22          23          24
          16          10           2           3          11          24
          23          22          21          20          19          18
          17          16          15          14          13
0
0
1
1 2.
0