19 
2 0
2.19509032201613 0.0192147195967696
2.38268343236509 0.0761204674887132
2.5555702330196 0.168530387697455
2.70710678118655 0.292893218813452
2.83146961230255 0.444429766980398
2.92387953251129 0.61731656763491
2.98078528040323 0.804909677983872
3 1
2.98078528040323 1.19509032201613
2.92387953251129 1.38268343236509
2.83146961230255 1.5555702330196
2.70710678118655 1.70710678118655
2.5555702330196 1.83146961230255
2.38268343236509 1.92387953251129
2.19509032201613 1.98078528040323
2 2
0 2
0 0
1 1 
19 1 2 3 4 5 6 7 8 9 10 11 12 13 14 15 16 17 18 19