-13.121 -26.3252 0.855771 
-13.2114 -26.3455 0.330863 
-13.4216 -25.0753 0.454151 
-13.856 -32.5956 4.96006 
-12.9529 -26.3566 1.75767 
-19.9977 -32.2715 20.1506 
-13.7223 -24.9101 2.55819 
-8.53397 -27.4111 12.565 
-12.7133 -24.7753 -2.87361 
-13.9067 -23.9526 -1.78002 
-13.1823 -23.849 -3.80326 
-13.0025 -24.1447 -0.109416 
-13.3699 -25.9251 0.700206 
-12.3628 -25.7308 6.7748 
-13.2276 -23.8967 3.87373 
-13.0898 -25.5215 -3.47644 
-13.6282 -26.0369 -1.80181 
-8.55368 -27.4521 -12.5079 
-13.3048 -26.4006 0.029951 
-13.4673 -25.6871 0.137905 
-13.2939 -26.7302 0.117098 
-13.5327 -26.5874 -1.39397 
-14.9651 -29.775 -8.3475 
-13.4578 -25.3327 0.253826 
-13.5918 -25.5818 0.451615 
-13.4593 -25.2468 -0.00303105 
-13.1803 -26.6972 -0.312786 
-13.5645 -26.6726 1.88606 
-13.4595 -25.1634 0.172106 
-13.3286 -26.0743 0.549743 
-13.4284 -26.961 1.00772 
-13.5504 -25.8121 0.709585 
-13.5593 -25.5298 0.230008 
-14.0322 -29.3212 5.859 
-12.4258 -23.8798 8.37949 
-13.2712 -28.2086 1.18607 
-13.4618 -25.3261 0.462004 
-10.7604 -27.8499 6.8595 
-14.6634 -26.2749 5.57929 
-14.0082 -23.9711 1.80213 
-11.4533 -23.9389 0.203722 
-13.8179 -24.8415 0.421417 
-13.1512 -24.3848 1.38912 
-13.5644 -25.5244 -2.56047 
-13.6284 -24.9272 1.95024 
-12.3624 -27.7789 2.49398 
-13.5563 -24.5835 1.34683 
-13.9109 -24.9891 2.97492 
-13.8652 -25.0393 -2.14129 
-12.3455 -25.9677 4.88419 
-13.4189 -24.2327 -0.0355996 
-13.4608 -25.3296 -0.469771 
-13.4751 -25.5783 -0.018147 
-12.6523 -26.2398 -3.4764 
-13.1556 -23.7646 -2.00259 
-13.1383 -23.9398 0.261988 
-12.7874 -24.1483 -0.0321143 
-12.819 -24.2101 -0.55811 
-13.3266 -24.1005 -0.498401 
-13.1455 -23.8964 -0.937417 
-12.3956 -23.8571 -8.3147 
-13.4856 -24.5501 -1.28276 
-13.4249 -24.0889 0.322652 
-13.8195 -25.4468 -1.8971 
-13.628 -26.7267 -2.45169 
-13.1248 -25.8487 -1.62917 
-13.2965 -26.8207 -0.22977 
-12.9443 -26.3344 -1.77746 
-13.1669 -25.9267 -1.18861 
-13.6048 -25.3879 -0.61737 
-13.576 -25.4734 -0.00263171 
-13.3918 -25.2435 -1.038 
-13.3115 -25.6981 -0.91531 
-13.5295 -25.4871 0.0676997 
-13.4403 -25.8139 -0.357701 
-13.4654 -25.6887 -0.138287 
-13.416 -25.4356 -0.29681 
-13.1862 -26.3355 -0.551598 
-13.2103 -26.3443 -0.333466 
-13.4479 -25.6541 -0.176142 
-13.1181 -26.3205 -0.862785 
-13.3472 -26.6631 -0.189948 
-13.3078 -26.7079 0.041759 
-13.2295 -26.5762 0.0837758 
-13.3469 -26.6627 0.187894 
-13.4036 -26.6924 0.412372 
-13.1829 -26.5576 0.185772 
-13.3071 -25.6857 0.929825 
-13.1876 -26.3372 0.547977 
-13.5801 -26.1429 1.0874 
-13.4504 -26.4374 0.718078 
-13.3554 -26.1091 0.445751 
-13.2974 -26.2277 0.2018 
-13.2667 -26.6234 0.00156292 
-13.2649 -26.5235 0.139032 
-13.3787 -26.3754 0.245794 
-13.3655 -26.1077 0.0436874 
-13.4189 -25.9573 0.204087 
-13.5108 -25.5263 0.0728674 
-13.4857 -25.4045 -0.0011052 
-13.4689 -25.4463 0.0937173 
-13.4985 -25.4548 -0.0047858 
-13.4987 -25.4535 0.00477047 
-13.4755 -25.5751 0.0180498 
-13.4164 -25.4318 0.292859 
-13.3712 -25.4261 0.557013 
-13.3975 -25.7175 0.443886 
-13.3936 -25.9128 0.249745 
-13.5344 -25.7189 0.4871 
-13.4306 -25.793 0.0293376 
-13.5121 -25.6063 0.229868 
-13.4432 -25.8123 0.35792 
-13.4478 -25.6487 0.175193 
-13.5776 -25.6766 0.938002 
-13.476 -26.5145 1.0216 
-13.603 -25.3834 0.607172 
-13.3969 -25.4536 0.804117 
-13.6383 -24.959 0.87416 
-13.615 -25.4356 0.389282 
-13.4585 -25.1614 -0.178253 
-13.6126 -25.4603 0.162703 
-13.7027 -25.3738 0.204178 
-13.0293 -26.9669 0.690556 
-13.6253 -25.3858 -0.00213636 
-13.4538 -24.353 0.796027 
-13.6694 -25.6318 1.21374 
-13.3759 -24.8013 3.06321 
-13.3936 -25.2378 1.03149 
-13.6005 -26.0964 1.46012 
-13.4971 -24.8218 0.770992 
-13.821 -25.0325 1.29279 
-12.8931 -27.1859 1.0403 
-13.4108 -26.7951 0.6738 
-13.2785 -25.5655 1.27425 
-13.1228 -25.8557 1.64263 
-13.1869 -25.9834 0.85856 
-13.5353 -26.5966 1.40259 
-13.1671 -25.9313 1.19197 
-13.498 -26.1308 0.782611 
-13.2971 -26.8175 0.226487 
-13.0518 -26.3467 1.23998 
-13.1827 -26.6968 0.308415 
-13.2876 -26.9931 0.338592 
-13.2784 -27.2478 0.514307 
-13.4611 -27.1905 1.44711 
-13.1144 -26.7982 0.460572 
-13.2707 -27.6302 0.775186 
-13.514 -27.5056 2.04886 
-13.5927 -27.9315 2.88689 
-13.2591 -25.2727 2.1043 
-13.6543 -26.7867 3.18256 
-13.0839 -25.7767 2.15943 
-12.8113 -26.3289 2.46878 
-13.7484 -26.7263 3.97839 
-13.9409 -25.7093 3.46486 
-13.6311 -26.7511 2.47939 
-13.38 -24.157 1.17869 
-12.6916 -27.4696 1.58252 
-13.3227 -29.0971 1.85797 
-12.6265 -26.2557 3.44744 
-13.765 -28.498 4.08446 
-13.0027 -25.4872 3.53059 
-13.4646 -30.5079 3.0161 
-11.9168 -28.1359 3.97793 
-18.2821 -48.0578 15.6618 
-14.7139 -36.9396 8.61882 
-13.8705 -20.3926 6.80361 
-12.691 -24.7798 2.93955 
-14.9492 -29.8456 8.41782 
-17.9089 -31.9772 12.6974 
-14.1374 -25.5728 4.44671 
-13.3244 -24.1261 0.530076 
-13.5871 -25.9122 4.46748 
-13.1543 -25.2012 4.22236 
-13.2806 -24.159 3.28055 
-13.1803 -23.8269 2.013 
-13.6612 -24.6285 0.817366 
-13.3436 -24.0429 1.70696 
-11.8142 -24.1312 0.882874 
-12.854 -24.2256 0.594279 
-13.0431 -24.1644 0.0937719 
-11.408 -23.8355 -0.0216116 
-12.7923 -24.1508 -0.00849873 
-13.3807 -24.4056 0.41041 
-13.1624 -23.901 0.921425 
-12.7309 -24.1471 -0.0262453 
-11.3753 -23.8474 -0.020288 
-13.1347 -23.9446 -0.272175 
-13.3135 -23.9536 0.779262 
-13.7175 -25.3012 1.80636 
-13.7306 -25.2173 -0.000813441 
-13.8128 -25.1649 0.312759 
-13.4543 -24.4641 -0.323099 
-13.7691 -25.8885 2.96084 
-13.2144 -24.9442 2.60698 
-13.7151 -25.9876 2.3904 
-13.4419 -24.9312 1.62259 
-13.7705 -24.7989 1.90476 
-13.4553 -24.6145 1.83881 
-13.0176 -25.6155 2.81692 
-13.3906 -25.0656 1.35627 
-13.6517 -26.0692 1.88992 
-13.2546 -25.3982 1.64921 
-13.6382 -25.4395 1.5124 
-13.5277 -25.1482 0.636843 
-13.7686 -24.9643 0.828136 
-13.6332 -25.1898 0.746046 
-13.4764 -24.9291 0.199551 
-13.6441 -25.2056 -0.764338 
-13.471 -24.7136 0.00334597 
-13.4447 -24.4496 0.346175 
-13.4965 -24.8066 -0.780083 
-13.9921 -25.7314 -3.4263 
-13.681 -25.6637 -1.22862 
-13.4411 -24.9061 -1.63847 
-13.2936 -25.114 -2.39229 
-13.3767 -25.0593 -1.37118 
-13.781 -25.0197 -1.47738 
-13.8088 -25.353 -2.58734 
-13.3424 -24.4458 -2.61789 
-11.8726 -27.9755 -4.03954 
-13.7473 -24.87 -0.00569467 
-13.369 -24.5084 -1.93313 
-13.6691 -24.6188 -0.0825908 
-13.7486 -24.9503 -0.849727 
-13.453 -24.3474 -0.858029 
-13.6511 -25.0075 -0.884 
-13.8021 -24.834 -0.529381 
-13.3691 -24.4016 -0.375994 
-13.4238 -24.0997 -0.511154 
-13.3414 -24.1644 -1.47095 
-13.3328 -23.9652 -0.0138629 
-12.7303 -24.1451 0.0123796 
-11.3761 -23.8467 -0.000325271 
-11.3854 -23.8515 -0.00305622 
-11.4476 -23.9359 -0.180327 
-13.3397 -23.9826 -0.796587 
-13.7075 -24.6984 -0.991988 
-13.1338 -24.3887 -1.38045 
-13.3213 -24.001 -1.77319 
-13.9174 -24.9768 -2.9381 
-13.6953 -24.8353 -2.50432 
-14.736 -26.2973 -5.66308 
-13.7652 -26.5843 -3.88399 
-13.8515 -32.5152 -4.91832 
-13.6755 -26.023 -4.39798 
-11.7961 -24.161 -0.812896 
-10.7867 -27.8601 -6.81613 
-17.8857 -31.976 -12.6981 
-19.9909 -32.2614 -20.1139 
-13.8437 -20.3919 -6.79011 
-14.7563 -36.9731 -8.52909 
-18.2882 -48.0871 -15.5789 
-12.3819 -25.5507 -6.66582 
-13.6055 -27.9566 -2.90937 
-13.5065 -30.4742 -3.02518 
-14.1008 -25.4504 -4.39031 
-13.214 -24.1122 -3.08949 
-13.0274 -25.5953 -2.7969 
-13.1273 -25.0752 -4.07502 
-12.3497 -25.8133 -4.85214 
-14.1078 -29.2147 -5.7981 
-13.6431 -25.9211 -2.21565 
-13.2852 -25.5819 -1.24316 
-12.7969 -26.2986 -2.50165 
-13.6247 -26.7023 -3.11731 
-12.3549 -27.688 -2.53097 
-13.7892 -28.4141 -4.08811 
-12.6839 -27.437 -1.62097 
-13.4295 -26.9639 -1.01707 
-13.3457 -29.0867 -1.88411 
-12.8809 -27.1682 -1.06982 
-13.2865 -28.2331 -1.21567 
-13.1107 -26.7976 -0.468896 
-13.0229 -26.9614 -0.706625 
-13.4751 -26.5108 -1.02072 
-13.4491 -26.4363 -0.718873 
-13.411 -26.797 -0.679471 
-13.2877 -26.9994 -0.344712 
-13.0468 -26.3352 -1.25241 
-13.0801 -25.752 -2.14295 
-13.2786 -27.6489 -0.794077 
-13.5222 -27.51 -2.0618 
-13.2807 -27.259 -0.52562 
-13.4654 -27.1936 -1.45902 
-13.2763 -25.3346 -1.99765 
-13.6808 -25.5315 -1.56228 
-13.5654 -26.656 -1.86581 
-13.2666 -25.4338 -1.58771 
-13.8137 -25.1696 -0.325139 
-13.4748 -24.9267 -0.200325 
-13.5242 -25.1449 -0.647613 
-13.4864 -25.1163 -0.0015498 
-13.6161 -25.4381 -0.397991 
-13.7022 -25.3739 -0.207391 
-13.5803 -25.6938 -0.946644 
-13.4204 -25.0725 -0.461582 
-13.3941 -25.459 -0.810053 
-13.4597 -25.3521 0.0880719 
-13.5855 -26.0779 -1.41497 
-13.1869 -25.9829 -0.857688 
-13.5736 -26.1336 -1.06679 
-13.5495 -25.8201 -0.714532 
-13.3978 -25.7257 -0.443936 
-13.4568 -25.3339 -0.260611 
-13.4937 -26.1266 -0.774011 
-13.37 -25.4311 -0.562363 
-13.4592 -25.3529 -0.0925815 
-13.6135 -25.4619 -0.169569 
-13.533 -25.7229 -0.491685 
-13.5913 -25.5859 -0.45834 
-13.5158 -25.463 -0.000633225 
-13.5591 -25.5322 -0.235335 
-13.5101 -25.5279 -0.0741241 
-13.4686 -25.449 -0.0957246 
-13.5293 -25.4882 -0.0711605 
-13.5109 -25.6086 -0.23309 
-13.3655 -26.1081 -0.0435935 
-13.4302 -25.796 -0.0292191 
-13.3277 -26.0719 -0.548608 
-13.3937 -25.9161 -0.248603 
-13.2643 -26.5225 -0.14061 
-13.4176 -25.9576 -0.203575 
-13.3702 -25.9283 -0.694257 
-13.2972 -26.2267 -0.201814 
-13.3553 -26.109 -0.444585 
-13.2933 -26.7318 -0.118692 
-13.3785 -26.3743 -0.246131 
-13.1811 -26.5576 -0.188157 
-13.4034 -26.6932 -0.415395 
-13.2285 -26.576 -0.0848809 
-13.305 -26.3995 -0.0302915 
-13.2666 -26.6236 -0.00183752 
-13.3077 -26.7088 -0.0422469 
