-23.3055 -41.6268 5.17828 
-21.5156 -42.6792 0.0683061 
-21.591 -42.6709 0.57392 
-21.7559 -40.5305 1.33813 
-21.517 -42.6526 0.035096 
-21.8725 -41.4013 1.63663 
-21.7446 -43.0095 3.10303 
-21.5447 -41.7397 1.33392 
-21.7277 -41.6524 0.256738 
-21.5511 -42.4148 0.0201958 
-21.661 -41.728 0.368943 
-21.9041 -42.3199 3.64498 
-21.7249 -41.4607 0.102472 
-21.7101 -41.41 0.480956 
-21.5587 -42.5456 0.109074 
-21.6968 -41.7957 0.327451 
-21.5232 -42.0234 0.811439 
-21.7954 -41.4556 0.15266 
-21.5187 -43.1983 0.89884 
-21.4438 -43.1594 0.279604 
-21.6611 -40.9377 3.22932 
-21.1229 -42.6868 2.99734 
-21.3589 -43.1171 0.350558 
-21.3034 -41.8947 4.54839 
-21.6967 -40.3551 0.239061 
-21.8832 -41.3405 3.3595 
-21.9864 -41.1624 2.38271 
-21.5977 -41.5803 1.11871 
-21.3316 -42.217 2.39393 
-21.5449 -41.6809 -1.57484 
-21.7137 -41.4699 0.198918 
-21.9628 -40.8372 -0.772927 
-21.7684 -40.6108 0.12247 
-21.824 -41.6261 -1.09476 
-21.7294 -41.1631 0.399473 
-21.1913 -42.6669 -2.44394 
-21.1225 -42.6833 -2.99508 
-21.7339 -41.4156 0.0349553 
-20.3545 -43.517 -6.28742 
-21.5086 -43.6464 -1.43009 
-21.6815 -41.4196 -1.00302 
-21.7131 -41.6522 0.0751357 
-21.5744 -42.34 0.141151 
-21.631 -42.5201 -0.81946 
-21.7291 -41.249 0.0908553 
-21.4527 -42.6059 -0.405178 
-21.5152 -42.465 -0.0866223 
-21.6816 -41.7906 0.0931896 
-21.5126 -42.6216 8.95042e-05 
-21.6462 -42.5314 0.779577 
-21.5147 -42.4648 0.0887909 
-21.4839 -42.6558 0.0926372 
-21.6106 -42.1561 0.15258 
-21.7559 -41.5866 0.299844 
-21.6216 -42.1681 0.406595 
-21.4883 -42.5198 0.118932 
-21.7497 -41.4829 0.0265232 
-21.6383 -41.9438 0.148857 
-21.7538 -41.5477 0.178106 
-21.6629 -41.867 0.0168571 
-21.6744 -41.7773 0.12739 
-21.7679 -41.4831 -0.0899252 
-21.727 -41.4018 0.100913 
-21.7222 -41.3137 0.163612 
-21.7441 -41.1845 -0.938132 
-21.6302 -41.9237 0.41957 
-21.808 -41.4609 0.283036 
-21.6931 -41.585 0.288563 
-21.7076 -41.5506 0.16588 
-21.6841 -41.8446 0.771282 
-21.4487 -42.7685 0.166544 
-21.8145 -41.4149 0.0872212 
-21.7387 -41.0409 -1.04609 
-21.7288 -41.2535 -0.105137 
-21.8401 -41.3096 -1.00529 
-21.8335 -41.3956 -0.592901 
-21.9487 -40.8706 0.42125 
-21.7282 -41.6159 0.905603 
-21.7272 -41.2227 -0.244547 
-21.688 -41.5102 0.482312 
-21.8208 -41.3761 0.614567 
-21.5599 -41.7764 1.08872 
-21.8634 -41.4626 2.28265 
-21.7014 -42.3569 1.14978 
-21.5045 -42.7304 0.0942714 
-21.4437 -42.2247 1.11005 
-21.6504 -43.597 2.68493 
-21.3945 -42.7244 0.656092 
-21.4953 -42.7984 0.129592 
-21.5941 -42.8242 0.936268 
-21.3569 -42.8106 0.826698 
-21.476 -41.9602 1.53467 
-21.6788 -42.7867 1.81278 
-21.4616 -41.9234 1.8307 
-21.7965 -42.0511 1.99985 
-21.5574 -41.4557 2.43717 
-21.7658 -42.4404 2.3526 
-21.6947 -41.279 0.680441 
-21.5437 -41.544 2.13693 
-21.8268 -41.0483 0.396715 
-20.7573 -43.5186 3.55014 
-21.4287 -41.7021 2.95644 
-21.8127 -41.9954 2.29747 
-21.6264 -43.3952 2.18162 
-21.7983 -42.4317 2.74952 
-20.2613 -42.5263 11.3492 
-22.068 -40.8913 3.16248 
-22.2858 -43.2777 7.87979 
-20.3541 -43.5172 6.28818 
-21.6565 -40.4609 3.21817 
-20.9415 -42.4255 5.49889 
-21.448 -41.3354 3.83422 
-21.1547 -43.7732 0.757156 
-21.8385 -43.0382 4.26844 
-21.8449 -41.9096 2.61341 
-21.4505 -40.2376 -0.412387 
-21.8861 -40.6391 2.00989 
-21.8965 -40.6361 2.70003 
-22.7348 -42.6983 6.5437 
-21.1705 -40.1762 0.797234 
-21.6092 -40.119 -2.55618 
-20.9796 -40.0387 -0.0641419 
-21.0617 -40.1206 -0.435228 
-21.6482 -40.0804 -0.00812194 
-21.9425 -40.5971 0.260536 
-21.9919 -40.9437 -0.536805 
-22.0431 -41.2887 2.80427 
-21.7453 -40.2825 0.514904 
-21.5869 -40.0526 1.73237 
-21.983 -40.806 0.259868 
-21.8058 -41.4916 0.658465 
-21.7069 -41.0222 1.71269 
-21.8225 -41.6393 1.10338 
-21.7681 -40.6067 -0.300066 
-21.7065 -41.2719 0.856102 
-21.6734 -41.4094 1.00908 
-21.7481 -41.0391 -0.0523143 
-21.9595 -40.8605 -0.0572257 
-21.8464 -41.0219 0.381731 
-21.7589 -40.9113 -1.83602 
-21.8061 -41.7505 -1.6159 
-21.8674 -41.4632 -2.26713 
-21.7993 -42.4264 -2.74003 
-21.7838 -40.6806 -0.75092 
-21.6968 -40.3537 -0.24646 
-21.9559 -41.0195 -0.725741 
-21.9611 -40.6573 -0.845277 
-21.7415 -40.3348 -1.09654 
-22.1154 -41.3566 -4.02097 
-21.6498 -40.108 -1.00079 
-21.3336 -40.0102 -0.284733 
-20.4736 -40.0909 0.00752094 
-20.6159 -40.0499 -0.508829 
-20.5344 -40.0981 0.0137076 
-19.6328 -39.8942 0.0310952 
-21.7081 -40.6579 -2.00085 
-21.8961 -40.6353 -2.70066 
-21.1714 -40.1758 -0.797746 
-22.0416 -41.288 -2.80719 
-22.1447 -42.1025 -4.61167 
-21.2819 -42.1181 -3.35944 
-21.7159 -40.6411 -2.38844 
-22.7345 -42.6981 -6.54288 
-21.5145 -43.9628 -1.81887 
-22.2688 -47.1828 -7.32472 
-21.5716 -41.3025 -2.74861 
-22.2859 -43.2776 -7.8793 
-20.6695 -44.9523 -1.96363 
-21.9113 -42.931 -4.88582 
-20.9419 -42.4247 -5.49803 
-21.6566 -40.4616 -3.21822 
-21.8681 -44.2409 -4.98251 
-21.7072 -41.0285 -2.34227 
-21.8496 -41.9075 -2.59897 
-21.9055 -42.3178 -3.63746 
-21.8478 -41.5869 -2.05235 
-21.8316 -41.4653 -1.41746 
-20.7568 -43.5151 -3.55007 
-21.6976 -43.8093 -3.30067 
-21.6962 -42.861 -2.18251 
-21.6503 -43.5942 -2.68259 
-21.6097 -43.2111 -1.776 
-21.2446 -43.0252 -1.31012 
-21.4265 -42.8608 -0.215833 
-21.4415 -42.4206 -0.672317 
-21.3583 -43.1156 -0.352768 
-21.6883 -41.239 -1.33108 
-21.7207 -42.9408 -2.60812 
-21.6475 -41.6202 -0.895578 
-21.4641 -43.0081 -0.220098 
-21.3123 -42.5929 -1.62281 
-21.8166 -41.9872 -2.28258 
-21.7038 -40.9847 -1.67291 
-21.8419 -40.9579 -0.778694 
-21.7625 -41.6482 -0.949589 
-21.3909 -42.4962 -1.06883 
-21.7086 -41.7368 -0.83276 
-21.4642 -42.2224 -0.908436 
-21.6946 -41.4368 -0.688471 
-21.4211 -42.4596 -0.854855 
-21.5474 -41.7344 -1.33235 
-21.7054 -42.1262 -0.827585 
-21.7496 -41.4829 -0.0259896 
-21.5405 -42.4126 -0.210186 
-21.6864 -41.5151 -0.486646 
-21.7525 -41.5487 -0.177188 
-21.7136 -41.7153 -0.393115 
-21.6904 -41.8657 -0.75302 
-21.6796 -41.7917 -0.0936835 
-21.7237 -41.5249 -0.0702359 
-21.6754 -41.64 -0.436026 
-21.7203 -41.588 -0.01066 
-21.7031 -41.7225 -0.188452 
-21.5387 -42.6373 -0.0676238 
-21.6716 -41.986 -0.663581 
-21.6466 -41.9655 -0.373839 
-21.4707 -42.3784 -0.383612 
-21.6083 -42.0487 -0.515629 
-21.5175 -42.654 -0.036007 
-21.4814 -42.5285 -0.200562 
-21.5662 -42.3213 -0.11039 
-21.4994 -42.6054 0.0266895 
-21.5253 -42.5452 0.0106825 
-21.4696 -42.388 0.373824 
-21.4827 -42.5362 0.195522 
-21.5249 -42.6458 0.011781 
-21.5396 -42.636 0.0660369 
-21.51 -42.5864 0.0475367 
-21.482 -42.6001 0.0572738 
-21.4432 -42.5941 0.393394 
-21.4652 -42.6987 0.124086 
-21.4599 -42.5476 0.287493 
-21.5394 -42.815 0.43595 
-21.5459 -42.7403 0.326349 
-21.4228 -42.4657 0.848844 
-21.5579 -42.6476 0.146712 
-21.5482 -42.6814 0.230754 
-21.583 -42.616 0.433399 
-21.4397 -42.4221 0.666631 
-21.6245 -42.4745 0.427356 
-21.6992 -42.341 0.923002 
-21.4602 -42.4086 0.50619 
-21.5059 -42.2432 0.514863 
-21.6469 -42.5051 0.588666 
-21.7027 -42.1123 0.835394 
-21.4757 -42.2065 0.695901 
-21.5201 -42.0559 0.640126 
-21.5301 -42.311 0.381299 
-21.6566 -42.3205 0.554248 
-21.6744 -42.3115 0.726166 
-21.724 -41.711 0.399995 
-21.5687 -42.2288 0.247072 
-21.5594 -42.0743 0.464558 
-21.5749 -42.5603 0.31386 
-21.5336 -42.4057 0.213119 
-21.5846 -42.2564 0.296078 
-21.5473 -42.4407 0.261767 
-21.5881 -42.2374 0.01978 
-21.5668 -42.3224 0.114619 
-21.6307 -42.0568 0.25189 
-21.6008 -42.1378 0.117007 
-21.626 -42.0524 0.0198478 
-21.7195 -41.5864 0.0111976 
-21.6657 -41.8752 0.220731 
-21.6488 -41.9612 0.112284 
-21.7355 -41.5471 0.0515526 
-21.6942 -41.7117 0.0148273 
-21.7042 -41.7208 0.187534 
-21.7519 -41.513 0.0865203 
-21.732 -41.5978 0.139516 
-21.7016 -41.63 0.10272 
-21.7461 -41.4567 0.00262786 
-21.7618 -41.4697 0.0293616 
-21.7406 -41.4344 0.00053167 
-21.7312 -41.3784 1.14135e-05 
-21.728 -41.3455 0.0639155 
-21.7231 -41.5231 0.0710097 
-21.7371 -41.5006 0.00713944 
-21.7361 -41.4565 0.036609 
-21.7544 -41.461 0.000263531 
-21.6978 -41.7636 0.547101 
-21.6815 -41.6775 0.223016 
-21.705 -41.4878 0.319249 
-21.5997 -41.8488 0.719026 
-21.7686 -41.4827 0.0906254 
-21.7752 -41.5001 0.18294 
-21.7851 -41.4563 0.0615779 
-21.711 -41.4007 -0.333038 
-21.7768 -41.5203 0.302837 
-21.687 -41.5581 0.648334 
-21.7207 -41.3942 0.195208 
-21.717 -41.2846 0.29556 
-21.7478 -41.6273 0.443469 
-21.6828 -41.8486 0.750656 
-21.6645 -41.6937 0.603881 
-21.6434 -42.073 0.55525 
-21.6857 -41.6362 0.423693 
-21.632 -42.0547 0.53272 
-21.6504 -41.8474 0.265797 
-21.6954 -41.8751 0.491275 
-21.6047 -42.0158 0.303146 
-21.6502 -41.9625 0.367239 
-21.6542 -41.797 0.511213 
-21.661 -41.9493 0.649687 
-21.5618 -41.8355 0.907079 
-21.6963 -41.4378 0.688288 
-21.4947 -41.9853 1.26544 
-21.7689 -41.6554 0.954655 
-21.7671 -41.8907 1.044 
-21.7049 -41.7318 0.831657 
-21.8616 -41.3354 1.05079 
-21.7653 -41.8532 1.22452 
-21.6501 -41.6239 0.895086 
-21.7507 -41.6824 0.633504 
-21.7112 -41.3925 0.327736 
-21.7581 -41.5698 0.645362 
-21.8082 -41.4684 0.445506 
-21.7807 -41.5481 0.465082 
-21.6981 -41.2574 0.485005 
-21.7232 -41.1979 0.226102 
-21.8535 -41.3457 0.112731 
-21.8265 -41.399 0.210594 
-21.7273 -41.1794 -0.00988276 
-21.8163 -41.1093 0.36297 
-21.7704 -41.1581 0.650211 
-21.8308 -41.5224 0.804356 
-21.8644 -41.3137 0.280624 
-21.8464 -41.3922 0.387687 
-21.785 -41.2826 0.635347 
-21.7005 -41.1547 1.52512 
-21.7386 -41.0631 0.280114 
-21.8017 -41.0989 0.73248 
-21.7759 -41.0239 -0.639845 
-21.8438 -41.2135 0.358551 
-21.8938 -41.1463 0.0186496 
-21.8144 -40.7944 0.412377 
-21.8444 -41.2302 0.706703 
-21.8563 -41.2317 1.17595 
-21.8721 -41.1412 0.795424 
-21.8173 -40.824 0.891802 
-21.6802 -41.3518 1.18419 
-21.7488 -41.0864 1.10422 
-21.8148 -41.4081 0.930293 
-21.5432 -41.6275 1.84709 
-21.7329 -41.1813 0.961453 
-21.8119 -41.7646 1.63098 
-21.6085 -41.5206 1.29299 
-21.8251 -41.562 1.27747 
-21.6858 -41.2477 1.34635 
-21.8498 -41.4879 1.45184 
-21.835 -41.6949 1.85517 
-21.6275 -41.3741 1.72542 
-21.747 -42.4328 1.99778 
-21.6184 -41.4583 1.51067 
-21.1921 -42.6717 2.44376 
-21.4468 -41.8712 2.16741 
-21.696 -42.8669 2.18167 
-21.3645 -42.2358 1.99735 
-21.3964 -42.2445 1.65558 
-21.8015 -41.8241 1.41596 
-21.7259 -42.414 1.6816 
-21.7554 -42.1048 1.46326 
-21.7789 -42.0871 1.71903 
-21.5429 -41.6886 1.57481 
-21.6658 -42.7102 1.49596 
-21.7142 -42.3916 1.39872 
-21.4677 -42.2239 0.886172 
-21.7521 -42.1217 1.22198 
-21.4953 -41.9753 1.03667 
-21.7273 -42.0938 1.00739 
-21.6506 -42.5796 0.987414 
-21.4259 -42.2445 1.36215 
-21.6013 -43.0624 1.43951 
-21.3578 -42.5537 1.31379 
-21.3927 -42.5049 1.06129 
-21.6569 -42.6391 1.22432 
-21.597 -42.9323 1.16531 
-21.2568 -42.6399 1.98802 
-21.4656 -43.0077 0.219581 
-21.5346 -42.9136 0.562829 
-21.4205 -42.6479 0.513913 
-21.5948 -42.7386 0.741939 
-21.4257 -42.8574 0.215699 
-21.4818 -42.8896 0.170281 
-21.3977 -42.9743 0.275928 
-21.5258 -43.0385 0.71413 
-21.3085 -43.2936 0.44784 
-21.5117 -43.3983 1.13073 
-21.4179 -43.3526 0.356829 
-21.3081 -42.9126 1.03884 
-21.3119 -42.5981 1.61779 
-21.2421 -43.5096 0.577685 
-21.6099 -43.2161 1.77257 
-21.3875 -43.5997 0.458841 
-21.2444 -43.0273 1.30671 
-21.5094 -43.6491 1.42846 
-21.1623 -43.1531 1.65408 
-21.3538 -43.9183 0.598412 
-21.3199 -44.3351 0.795697 
-21.6953 -45.4978 4.01814 
-21.6968 -43.811 3.30367 
-21.2927 -44.8941 1.08406 
-21.5374 -44.3558 2.34013 
-21.0397 -44.0966 1.01264 
-21.059 -43.2859 2.11042 
-21.5153 -43.9644 1.81935 
-21.7206 -42.9458 2.61145 
-21.4364 -41.8044 2.53726 
-21.8004 -43.0445 3.65991 
-21.2985 -42.1762 2.85503 
-21.4597 -41.6084 3.37348 
-21.8151 -42.3882 3.17909 
-21.2557 -41.9847 3.94797 
-20.9255 -43.411 2.72204 
-20.9755 -42.5975 4.49914 
-21.8673 -44.2424 4.98376 
-21.2815 -42.1221 3.3643 
-21.0429 -42.6543 3.67958 
-21.9101 -42.9299 4.88719 
-20.8852 -44.4896 1.38728 
-21.5964 -41.2214 4.23919 
-21.3834 -41.7581 7.33975 
-21.9566 -42.218 4.13395 
-21.9108 -41.6058 3.18963 
-22.014 -41.1176 3.34808 
-22.4494 -41.5164 4.67617 
-22.1453 -42.1022 4.61311 
-22.2683 -47.1827 7.32567 
-21.4031 -41.6606 5.12827 
-22.1162 -41.3571 4.02141 
-21.934 -44.3005 6.02426 
-21.2897 -45.662 1.52215 
-21.8883 -46.355 5.40128 
-20.3678 -45.4663 2.87014 
-21.7555 -44.0373 4.05764 
-20.5285 -43.5478 4.71726 
-21.5869 -44.8566 3.04413 
-20.6696 -44.9533 1.96374 
-21.3373 -46.7466 2.2167 
-21.4945 -48.2594 3.33613 
-19.9296 -46.0059 4.34554 
-22.9569 -48.602 10.0948 
-21.8917 -50.6584 5.22715 
-21.845 -42.4074 5.36237 
-19.991 -42.9332 8.47988 
-22.2444 -44.1442 7.21599 
-24.696 -43.8095 9.64916 
-19.2847 -46.5378 6.80504 
-24.4781 -61.5678 14.3514 
-22.6767 -54.1119 8.37179 
-17.7483 -46.4309 11.3546 
-30.7537 -80.1178 26.0885 
-23.2654 -33.8889 11.2888 
-34.0591 -53.8325 33.4336 
-24.6981 -49.5641 14.2562 
-14.4035 -45.7681 20.7573 
-23.3008 -39.8478 2.95117 
-30.0487 -53.2736 21.3267 
-21.1478 -40.1573 0.0328398 
-21.7252 -39.7184 6.58815 
-21.8476 -41.3368 4.75707 
-20.2814 -40.3228 1.38094 
-22.2821 -40.1011 0.850818 
-21.6273 -39.5892 3.66634 
-19.7143 -39.9682 0.32543 
-21.5194 -39.9878 1.60525 
-21.6434 -40.1649 0.187498 
-21.6104 -39.9932 2.44561 
-22.4777 -41.3019 4.84532 
-23.2748 -42.3545 7.74419 
-20.5585 -39.7236 13.9002 
-21.5603 -40.1692 5.72747 
-22.0021 -40.7848 3.09257 
-21.1334 -42.3647 6.55578 
-21.5609 -40.2437 3.72234 
-22.2585 -42.0013 5.46361 
-21.6521 -40.004 3.76684 
-21.588 -40.7068 5.28602 
-21.5645 -40.7652 4.52449 
-21.6657 -40.5231 2.69077 
-22.0456 -40.9216 2.90396 
-21.9209 -40.6906 1.71145 
-20.8378 -40.1239 0.871749 
-21.6442 -40.1493 1.59961 
-21.0155 -40.0328 0.20641 
-21.8396 -40.5951 2.16712 
-21.0609 -40.1215 0.435191 
-21.608 -40.1177 2.55364 
-21.6327 -40.2241 2.3339 
-21.3569 -39.9429 1.17246 
-21.2025 -39.9921 0.693717 
-21.5016 -39.8274 2.04423 
-21.612 -40.4434 1.98766 
-19.6077 -39.8429 0.00826384 
-21.2254 -40.3031 1.51355 
-20.6471 -40.1109 -0.0147364 
-19.6011 -39.8604 -0.0405234 
-20.5335 -40.0977 -0.0132186 
-20.8426 -40.1312 -0.0107745 
-21.3529 -40.2824 1.28869 
-20.6153 -40.0498 0.50827 
-21.6439 -40.399 1.42579 
-20.4866 -40.0072 0.281226 
-19.6175 -39.8759 -0.0431489 
-19.6328 -39.8944 -0.0305085 
-19.6444 -39.9036 -0.0187245 
-20.4203 -39.9882 0.125937 
-20.4731 -40.0907 -0.00727571 
-21.0088 -40.0961 0.138246 
-19.6503 -39.9083 -0.00606196 
-20.3998 -39.9821 0.000732296 
-21.52 -40.2952 0.867194 
-21.4493 -40.2379 0.409228 
-21.4372 -39.996 1.02189 
-21.7906 -40.4886 1.31954 
-21.0909 -40.0201 0.397807 
-21.3712 -40.0038 0.606909 
-21.8797 -40.5597 1.07821 
-21.5391 -40.0283 0.620636 
-21.5591 -40.0347 1.11455 
-21.6497 -40.1097 0.99327 
-21.3192 -40.0117 -0.00152873 
-21.3325 -40.0097 0.281879 
-21.8484 -40.4691 -0.00741295 
-21.7061 -40.3492 1.98115 
-21.7221 -40.1698 0.239774 
-21.6469 -40.0872 0.473397 
-21.9787 -40.7262 -0.554597 
-21.9926 -40.8324 1.12254 
-21.9786 -40.9802 1.70497 
-21.8842 -41.0555 0.888554 
-21.8587 -40.4981 0.520556 
-21.7261 -40.3942 0.745304 
-21.7352 -40.4239 0.774115 
-21.7189 -40.1964 0.769782 
-21.7377 -40.3406 1.08115 
-21.9594 -40.6617 0.829681 
-21.9735 -40.7619 1.4252 
-21.9577 -40.8632 2.43998 
-21.7164 -40.6383 2.38868 
-21.715 -40.2529 1.33676 
-21.798 -41.1508 2.42141 
-21.6984 -40.4302 1.7046 
-21.6596 -41.2489 3.02599 
-21.7676 -40.9946 1.21063 
-22.0283 -40.9812 2.11799 
-21.7085 -40.653 2.00876 
-21.7125 -41.0399 2.35725 
-21.8424 -40.9108 1.35762 
-21.8272 -41.7482 2.91028 
-21.5732 -41.3141 2.76347 
-21.9617 -41.1958 1.98708 
-21.8336 -41.5903 2.07466 
-21.6755 -41.2018 2.15832 
-21.6395 -41.2793 1.95705 
-21.7677 -40.9465 1.85644 
-21.8751 -41.288 1.81786 
-21.965 -40.9441 1.30967 
-21.8818 -41.1314 1.29166 
-21.7868 -40.9233 0.823896 
-21.8736 -40.9931 0.421036 
-21.8792 -40.8636 0.456896 
-21.7923 -40.8534 1.31886 
-21.7712 -40.5924 1.00048 
-21.9644 -40.9929 0.990549 
-21.9746 -40.7272 0.532484 
-21.9634 -40.8662 0.758488 
-21.936 -41.0492 -0.0418607 
-21.7736 -40.7316 -0.0551403 
-21.7664 -40.4812 -0.0218174 
-21.79 -40.5361 0.436646 
-21.7919 -40.909 0.0490638 
-21.7657 -40.7295 -0.483014 
-21.9637 -40.9926 0.140798 
-21.9706 -40.9917 -0.255275 
-21.8753 -41.156 -0.706401 
-21.7846 -41.0013 -1.16889 
-21.8716 -40.9548 -1.34295 
-21.6973 -40.4321 -1.71351 
-21.8977 -41.1207 -1.25215 
-21.9761 -41.0288 -0.982681 
-21.709 -41.1502 -1.4772 
-21.8587 -41.2141 -1.12402 
-21.6383 -41.2527 -1.92524 
-21.8879 -41.3893 -1.5969 
-21.5446 -41.5306 -2.12253 
-21.5545 -41.4346 -2.4201 
-21.621 -41.4495 -1.50493 
-21.8348 -41.6793 -1.82864 
-21.6569 -41.2392 -3.01985 
-21.9139 -41.6095 -3.18553 
-21.8963 -41.2887 -1.79374 
-21.7725 -40.8098 -1.27861 
-21.6696 -41.1739 -2.14089 
-21.9683 -41.2028 -1.97824 
-21.7484 -40.5802 -0.96523 
-21.9397 -40.9071 -1.32337 
-21.9762 -40.7628 -1.43638 
-21.7555 -40.5309 -1.33607 
-21.6437 -40.1495 -1.60616 
-21.8086 -41.1632 -2.41561 
-22.0128 -41.116 -3.34753 
-21.6603 -40.938 -3.22725 
-21.9708 -40.9664 -1.7261 
-21.98 -41.154 -2.38591 
-21.9563 -40.8596 -2.44489 
-22.0255 -40.9726 -2.12895 
-21.945 -40.6008 -0.280688 
-21.6479 -40.0858 -0.486412 
-21.7667 -40.5044 -0.498136 
-21.7384 -40.404 -0.803291 
-21.7457 -40.2732 -0.545962 
-21.9945 -40.8224 -1.13587 
-21.7644 -40.3827 0.239205 
-21.976 -40.8008 -0.263138 
-21.9814 -40.7095 -0.00342351 
-21.8585 -40.4954 -0.532077 
-21.7509 -40.2624 -0.0145556 
-21.7531 -40.3688 -0.277492 
-21.7221 -40.1675 -0.264392 
-21.5276 -40.025 -0.205085 
-21.7219 -40.193 -0.78696 
-21.714 -40.2507 -1.34557 
-21.8813 -40.5594 -1.08462 
-21.7058 -40.3515 -1.98695 
-21.728 -40.3943 -0.75027 
-21.5881 -40.0543 -1.73641 
-21.4274 -40.2217 -0.00176961 
-21.5268 -40.0251 0.197174 
-21.5403 -40.0283 -0.625804 
-21.5216 -40.295 -0.869276 
-21.017 -40.0335 -0.207137 
-20.4545 -40.0884 -0.000105125 
-21.0091 -40.0959 -0.138259 
-20.9792 -40.0385 0.063509 
-20.4205 -39.9877 -0.124866 
-19.6501 -39.9081 0.00671615 
-20.4871 -40.0066 -0.28074 
-19.6444 -39.9033 0.0197131 
-21.3733 -40.0051 -0.609653 
-21.7926 -40.4906 -1.32214 
-21.0925 -40.0209 -0.398857 
-21.84 -40.5953 -2.16958 
-20.6478 -40.1113 0.0147734 
-21.612 -40.4428 -1.98947 
-19.6175 -39.8757 0.0431864 
-20.8436 -40.1317 0.0101338 
-21.1489 -40.1578 -0.0337913 
-21.3537 -40.2825 -1.29038 
-19.6011 -39.8601 0.0398078 
-21.2253 -40.3026 -1.51491 
-21.2038 -39.9927 -0.695358 
-19.6078 -39.8425 -0.00943767 
-21.6528 -40.0044 -3.76702 
-21.5614 -40.2445 -3.72225 
-20.8381 -40.1237 -0.873035 
-21.4393 -39.9976 -1.02507 
-21.5604 -40.0359 -1.1184 
-21.5211 -39.989 -1.60837 
-21.3584 -39.9437 -1.17448 
-21.645 -40.3998 -1.4281 
-21.9219 -40.6922 -1.71699 
-21.6648 -40.5243 -2.69172 
-21.8869 -40.6405 -2.013 
-22.0448 -40.919 -2.90609 
-21.6332 -40.2255 -2.33868 
-21.8829 -41.342 -3.35824 
-21.5642 -40.7655 -4.5236 
-22.2584 -42.002 -5.46338 
-22.0673 -40.8898 -3.1638 
-21.1336 -42.3644 -6.55567 
-22.0015 -40.7838 -3.09363 
-21.3837 -41.758 -7.33946 
-30.7539 -80.1179 -26.089 
-22.4487 -41.5162 -4.67571 
-21.612 -39.9943 -2.44762 
-21.5878 -40.7069 -5.28555 
-21.5028 -39.8281 -2.04582 
-21.5605 -40.1694 -5.72679 
-22.4772 -41.3014 -4.84513 
-21.6443 -40.1652 -0.18815 
-24.6962 -43.8097 -9.64887 
-19.7144 -39.9679 -0.326507 
-22.2828 -40.1011 -0.851061 
-23.3051 -41.6265 -5.17822 
-21.6279 -39.5894 -3.66667 
-20.2815 -40.3225 -1.38103 
-23.2748 -42.3545 -7.7435 
-21.7253 -39.7183 -6.58762 
-22.6768 -54.1119 -8.37181 
-23.3009 -39.8478 -2.95094 
-20.5586 -39.7236 -13.9002 
-21.8475 -41.3369 -4.75688 
-34.0591 -53.8324 -33.4333 
-14.4038 -45.7682 -20.7573 
-20.2615 -42.5263 -11.349 
-23.2658 -33.8888 -11.2888 
-30.0487 -53.2735 -21.3266 
-24.4783 -61.5678 -14.3514 
-17.7485 -46.431 -11.3546 
-24.6983 -49.5641 -14.2559 
-22.957 -48.6021 -10.0943 
-19.285 -46.5379 -6.80517 
-19.9912 -42.9332 -8.47965 
-22.2444 -44.1441 -7.21549 
-21.8446 -42.4069 -5.36217 
-19.9299 -46.0059 -4.34571 
-20.5291 -43.5469 -4.71619 
-21.892 -50.6584 -5.22717 
-21.4949 -48.2593 -3.33619 
-21.696 -45.4954 -4.01644 
-21.3378 -46.7466 -2.21664 
-21.5879 -44.8562 -3.04275 
-21.7566 -44.0345 -4.05534 
-20.3678 -45.4659 -2.87034 
-21.8893 -46.3557 -5.39908 
-20.9245 -43.4082 -2.72186 
-21.2898 -45.6613 -1.52191 
-21.4038 -41.6617 -5.12886 
-21.9345 -44.3003 -6.02322 
-21.4477 -41.3316 -3.82894 
-21.5964 -41.222 -4.23814 
-21.3038 -41.8933 -4.54681 
-20.9759 -42.5944 -4.49791 
-21.8341 -41.7489 -2.90086 
-21.8394 -43.0361 -4.26468 
-21.46 -41.6025 -3.36588 
-21.8188 -42.386 -3.16926 
-21.9586 -42.2195 -4.13045 
-21.2563 -41.9811 -3.94485 
-21.5378 -44.3552 -2.33861 
-21.043 -42.6507 -3.67804 
-21.4283 -41.6925 -2.94578 
-21.2978 -42.1692 -2.85142 
-21.8017 -43.0413 -3.65413 
-21.745 -43.0061 -3.09756 
-21.4474 -41.8623 -2.16521 
-21.4353 -41.7915 -2.5301 
-21.7672 -42.4335 -2.34712 
-21.3649 -42.229 -2.00091 
-21.3308 -42.2089 -2.39366 
-21.626 -43.3912 -2.18212 
-21.3197 -44.335 -0.795191 
-21.1538 -43.7729 -0.757087 
-21.1619 -43.1511 -1.65544 
-21.0575 -43.2828 -2.1103 
-21.0385 -44.0952 -1.01231 
-20.8842 -44.4876 -1.38717 
-21.2929 -44.8938 -1.08359 
-21.2417 -43.5102 -0.578852 
-21.353 -43.9182 -0.598451 
-21.4176 -43.3519 -0.358742 
-21.2564 -42.6347 -1.99064 
-21.5195 -43.1979 -0.903653 
-21.3088 -43.2943 -0.450473 
-21.3865 -43.5992 -0.459832 
-21.6788 -42.7798 -1.81842 
-21.7174 -42.3849 -1.40597 
-21.6016 -43.057 -1.44581 
-21.5112 -43.3956 -1.13477 
-21.3081 -42.9104 -1.04403 
-21.5263 -43.0395 -0.71794 
-21.443 -43.1591 -0.280915 
-21.5334 -42.9139 -0.565672 
-21.4798 -42.8904 -0.170974 
-21.3974 -42.9743 -0.276943 
-21.3931 -42.7217 -0.658635 
-21.5348 -42.8079 -0.444448 
-21.5953 -42.8239 -0.944531 
-21.4242 -42.6521 -0.51674 
-21.3582 -42.5473 -1.32073 
-21.3551 -42.8054 -0.831368 
-21.5986 -42.9298 -1.17336 
-21.4442 -42.2212 -1.12736 
-21.5013 -41.982 -1.05803 
-21.4774 -42.2203 -0.733129 
-21.5919 -42.7355 -0.752108 
-21.648 -42.5749 -1.01127 
-21.4985 -41.9815 -1.27729 
-21.7284 -42.0957 -1.0055 
-21.7555 -42.1187 -1.21803 
-21.6017 -41.5816 -1.1116 
-21.7035 -42.3551 -1.1614 
-21.7664 -41.8872 -1.03948 
-21.6573 -42.633 -1.23998 
-21.5451 -41.6198 -1.84023 
-21.3977 -42.2379 -1.66367 
-21.463 -41.916 -1.83422 
-21.6667 -42.7019 -1.50633 
-21.4273 -42.237 -1.37381 
-21.7477 -42.4262 -1.9975 
-21.7966 -42.0414 -1.98924 
-21.7684 -41.8468 -1.21671 
-21.4785 -41.9541 -1.54259 
-21.7596 -42.0998 -1.4609 
-21.7276 -42.4075 -1.68576 
-21.6876 -41.3498 -1.17394 
-21.6326 -41.3705 -1.70266 
-21.823 -41.543 -1.26194 
-21.6118 -41.5145 -1.28704 
-21.8042 -41.8142 -1.40804 
-21.7788 -42.079 -1.71488 
-21.7309 -41.3027 -0.820027 
-21.8024 -41.4736 -0.447957 
-21.8172 -41.2527 -0.568457 
-21.8241 -41.385 -0.900744 
-21.7339 -41.1956 -0.40438 
-21.8153 -41.507 -0.783304 
-21.7982 -40.943 -0.732349 
-21.768 -40.854 -0.328782 
-21.7652 -41.0039 0.106214 
-21.8223 -41.1874 -0.626116 
-21.9452 -41.0834 -0.45798 
-21.7577 -40.977 -0.232232 
-21.8876 -41.245 0.116447 
-21.7584 -41.0879 -0.324144 
-21.9044 -41.1535 -0.33607 
-21.8956 -41.2423 -0.208959 
-21.743 -41.1381 -0.152369 
-21.7554 -41.2348 -0.593059 
-21.8189 -41.4019 -0.229878 
-21.6928 -41.2793 -0.676415 
-21.8833 -41.2985 -0.0296856 
-21.7227 -41.0929 0.12831 
-21.8762 -41.3203 -0.316018 
-21.8517 -41.3492 -0.152209 
-21.7986 -41.4334 -0.00429111 
-21.8297 -41.3782 -0.0118267 
-21.8123 -41.4157 -0.100919 
-21.8375 -41.3996 -0.397628 
-21.8028 -41.4634 -0.292431 
-21.7099 -41.4182 -0.481995 
-21.6594 -41.6956 -0.610216 
-21.6978 -41.2737 -0.486681 
-21.7184 -41.2998 -0.303661 
-21.7794 -41.554 -0.468629 
-21.7618 -41.5769 -0.644254 
-21.8094 -41.5012 -0.651295 
-21.5639 -41.8403 -0.906214 
-21.5618 -41.7736 -1.08819 
-21.6838 -41.5568 -0.651333 
-21.73 -41.6186 -0.906227 
-21.7541 -41.6935 -0.637501 
-21.6782 -41.8377 -0.771464 
-21.7048 -41.7871 -0.561511 
-21.6694 -42.3205 -0.751625 
-21.6999 -41.4918 -0.327001 
-21.6777 -41.8817 -0.479572 
-21.6319 -41.8 -0.534804 
-21.619 -42.0505 -0.291977 
-21.726 -41.6546 -0.256084 
-21.6667 -41.7456 -0.359715 
-21.7184 -41.3975 -0.201585 
-21.7315 -41.5985 -0.139396 
-21.749 -41.6377 -0.451996 
-21.6948 -41.5937 -0.284074 
-21.7224 -41.3192 -0.171769 
-21.7716 -41.5011 -0.182717 
-21.7737 -41.4611 0.000290443 
-21.7281 -41.2966 -0.00487463 
-21.7275 -41.347 -0.070242 
-21.7935 -41.4574 -0.160695 
-21.7617 -41.4698 -0.0287046 
-21.7839 -41.4566 -0.0626778 
-21.7143 -41.4744 -0.196842 
-21.7271 -41.4039 -0.100407 
-21.7497 -41.5891 -0.297161 
-21.7748 -41.5252 -0.310043 
-21.709 -41.5548 -0.164244 
-21.6949 -41.715 -0.0146737 
-21.7463 -41.4569 -0.00195869 
-21.7517 -41.5133 -0.0859839 
-21.7256 -41.4626 -0.100915 
-21.7341 -41.4161 -0.0336081 
-21.7376 -41.5013 -0.00648571 
-21.7364 -41.4571 -0.0355915 
-21.7352 -41.5472 -0.0510657 
-21.7121 -41.6522 -0.0747304 
-21.7026 -41.6338 -0.102541 
-21.6757 -41.7841 -0.129036 
-21.6558 -41.8629 -0.266717 
-21.6944 -41.7986 -0.328267 
-21.6841 -41.6857 -0.221922 
-21.6626 -41.8764 -0.223493 
-21.6094 -42.1562 -0.147462 
-21.6631 -41.8735 -0.0175343 
-21.6427 -41.96 -0.146184 
-21.6421 -41.9588 -0.107404 
-21.6266 -42.0549 -0.0196173 
-21.5696 -42.2301 -0.230974 
-21.5999 -42.1375 -0.109711 
-21.5518 -42.4186 -0.020821 
-21.5892 -42.2376 -0.0192191 
-21.5153 -42.6786 -0.0698805 
-21.5768 -42.2839 -0.57599 
-21.5589 -42.2462 -0.513818 
-21.6203 -42.0521 -0.242315 
-21.5723 -42.3366 -0.139571 
-21.5378 -42.3271 -0.365914 
-21.5837 -42.255 -0.287389 
-21.6442 -41.9604 -0.404615 
-21.5909 -41.8513 -0.721227 
-21.6161 -42.0578 -0.573721 
-21.614 -42.1684 -0.415854 
-21.5618 -42.1396 -0.693568 
-21.705 -42.3456 -0.939515 
-21.5334 -42.037 -0.845583 
-21.6062 -42.1523 -0.39295 
-21.601 -42.4436 -0.394175 
-21.6156 -42.4497 -0.65765 
-21.593 -42.6035 -0.444373 
-21.5522 -42.7389 -0.338516 
-21.478 -42.4188 -0.512626 
-21.5061 -42.7295 -0.0975921 
-21.5871 -42.6571 -0.585425 
-21.4564 -42.527 -0.300133 
-21.4555 -42.7784 -0.172479 
-21.4983 -42.7971 -0.134933 
-21.5553 -42.6809 -0.238616 
-21.4649 -42.6921 -0.129066 
-21.4831 -42.6511 -0.0951501 
-21.581 -42.5695 -0.318705 
-21.4817 -42.5995 -0.0583806 
-21.5254 -42.5432 -0.0119096 
-21.5311 -42.4119 -0.257906 
-21.5554 -42.54 -0.105064 
-21.5578 -42.651 -0.150681 
-21.5084 -42.5852 -0.0503457 
-21.4863 -42.52 -0.122601 
-21.512 -42.6225 -0.000554299 
-21.4987 -42.6062 -0.02647 
-21.5239 -42.6473 -0.0122884 
