0
0
0
0
0
-0.000736364
0
-0.000737605
3.79397e-06
0
0
-0.000537727
0
-0.000124031
1.01205e-05
-0.000533273
-4.44182e-06
0
0
-0.000122585
0
-0.000533934
-1.10581e-05
-0.000535785
2.60353e-06
0
0
-0.000386924
0
-0.000249655
4.0507e-06
-0.000489342
-1.79407e-06
0
0
-0.000247219
0
-0.000381904
-3.95927e-06
-0.00048903
-8.10513e-06
-0.000284178
5.5545e-07
-9.45374e-05
-4.64429e-07
-0.000399763
7.90806e-06
-0.000292788
4.71636e-06
-8.93997e-05
-4.97197e-06
-0.000176821
1.1804e-05
-0.000426997
-1.40787e-05
-0.000397449
3.30433e-06
-0.000176713
6.66016e-06
-0.000334221
-4.09456e-06
-0.000194459
-6.18454e-06
-0.000314853
5.76596e-06
-0.000182711
1.51575e-05
-0.000388193
-4.72937e-06
-9.14978e-05
-1.16508e-05
-0.000424491
8.43676e-07
-0.000254929
-3.92536e-06
-8.20519e-05
-2.2208e-05
-0.000510189
3.63924e-06
-8.35541e-05
2.13999e-05
-0.000506799
9.15294e-06
-0.000269623
