0
0
0
0
0
-0.00296507
0
-0.00296575
4.72083e-06
0
0
-0.00255893
0
-0.000209027
3.54947e-05
-0.00254055
-4.72316e-06
0
0
-0.000209017
0
-0.00255798
-3.55119e-05
-0.00254054
7.83189e-06
0
0
-0.00224981
0
-0.000418376
3.4971e-05
-0.00241295
-7.82668e-06
0
0
-0.000418345
0
-0.00224873
-3.47293e-05
-0.00241245
8.71536e-06
0
0
-0.00198177
0
-0.000628641
2.81231e-05
-0.00233951
-8.71267e-06
0
0
-0.000628573
0
-0.00198152
-2.82332e-05
-0.00233943
7.20643e-06
0
0
-0.0017336
0
-0.000840835
1.88265e-05
-0.00229638
-7.22413e-06
0
0
-0.000840702
0
-0.00173393
-1.89808e-05
-0.00229626
4.04291e-06
0
0
-0.00149951
0
-0.0010558
9.33207e-06
-0.00227383
-4.08235e-06
0
0
-0.00105556
0
-0.00150007
-9.81128e-06
-0.00227395
-2.39956e-08
0
0
-0.00127449
0
-0.00127488
-2.33289e-07
-0.00226669
8.86328e-06
-0.00115318
-8.89578e-06
-0.00115151
1.15984e-05
-0.00137157
-1.16993e-05
-0.00136871
2.08537e-06
-0.000171195
1.59675e-06
-0.0021052
-1.50971e-06
-0.00210644
-2.14355e-06
-0.000171561
-6.99426e-06
-0.00093772
1.53153e-05
-0.00159421
6.97105e-06
-0.000937829
5.93434e-06
-0.000177368
5.76226e-06
-0.0021158
-1.56443e-05
-0.00159176
-5.97419e-06
-0.000177934
-5.19126e-06
-0.00212171
8.40643e-06
-0.000178529
1.19384e-05
-0.00214872
2.06557e-05
-0.00182146
5.67234e-06
-0.000725251
-2.08102e-05
-0.00181742
-5.68534e-06
-0.000725461
-1.12449e-05
-0.0021541
-8.41754e-06
-0.000179062
2.80106e-05
-0.00205628
2.33764e-05
-0.00220049
8.90269e-06
-0.000189192
4.94672e-06
-0.000510813
-2.85515e-05
-0.00204825
-4.95268e-06
-0.000511178
-8.89738e-06
-0.000189753
-2.29926e-05
-0.00220683
6.77619e-06
-0.000174774
3.3817e-05
-0.00230967
-4.25165e-06
-0.000317512
-3.83733e-05
-0.00227836
1.62902e-05
-0.0012361
-1.62872e-05
-0.00122991
-3.75256e-08
-0.000340359
-2.34221e-07
-0.00194597
-1.29217e-05
-0.00102247
2.08129e-05
-0.00144809
-2.08995e-05
-0.00144029
1.29223e-05
-0.00102491
4.2052e-06
-0.000342624
8.45757e-06
-0.00195119
-8.74037e-06
-0.00195486
-4.27263e-06
-0.000343621
-1.05383e-05
-0.000815074
2.64747e-05
-0.00165971
1.05254e-05
-0.000815021
-2.66041e-05
-0.00165335
1.84202e-05
-0.00196257
7.70402e-06
-0.000359735
-1.76556e-05
-0.00197798
-7.74654e-06
-0.000360729
9.22279e-06
-0.000360699
2.76236e-05
-0.0020095
-3.34982e-05
-0.00185935
3.37616e-05
-0.00187025
8.7207e-06
-0.00060725
-8.73159e-06
-0.000608149
-9.22563e-06
-0.000362031
-2.71226e-05
-0.00202574
3.90896e-05
-0.00207851
-8.09911e-06
-0.000382493
8.09509e-06
-0.000381732
-3.89e-05
-0.00207931
-6.77492e-06
-0.000175188
4.25176e-06
-0.000317175
3.85002e-05
-0.00228049
-3.41201e-05
-0.00231087
-1.60956e-05
-0.00109864
1.62125e-05
-0.00110467
1.99944e-05
-0.00131316
-1.98028e-05
-0.00130091
4.45641e-06
-0.00179005
2.32326e-06
-0.000507469
-2.40693e-06
-0.000507646
-6.1723e-06
-0.00179136
1.32362e-05
-0.000901788
2.49907e-05
-0.00151534
-1.3221e-05
-0.000899815
-2.46351e-05
-0.00149974
1.4841e-05
-0.0018043
6.55351e-06
-0.000510647
-1.64298e-05
-0.0018072
-6.62942e-06
-0.000511626
-1.13403e-05
-0.000701263
1.13298e-05
-0.000700113
9.87688e-06
-0.000556207
2.61381e-05
-0.0018001
3.02421e-05
-0.00171394
-2.93741e-05
-0.00170349
-2.64106e-05
-0.00183634
-9.91048e-06
-0.000557589
3.37188e-05
-0.00189291
9.85464e-06
-0.000520366
-3.35351e-05
-0.00189858
-9.87006e-06
-0.000521827
-3.31983e-06
-0.000145581
-4.76777e-05
-0.00250693
3.3174e-06
-0.000145504
4.76355e-05
-0.00250712
-1.59098e-05
-0.00117415
1.60665e-05
-0.00118588
-4.41889e-07
-0.00163703
-4.6773e-08
-0.000667178
-1.31054e-05
-0.00097437
1.02885e-05
-0.00163569
1.31187e-05
-0.000978111
1.95046e-05
-0.00139067
-1.92913e-05
-0.00136471
4.93699e-06
-0.000677621
-1.13704e-05
-0.00163537
-5.02827e-06
-0.00067755
-1.12048e-05
-0.000778217
1.11869e-05
-0.000777768
2.40342e-05
-0.00158918
-2.06665e-05
-0.00166335
-1.04268e-05
-0.00106987
-4.98867e-06
-0.00148606
-2.81885e-06
-0.000825898
1.04111e-05
-0.00107312
2.72776e-06
-0.000826348
4.84893e-06
-0.00148534
1.28031e-05
-0.00126456
-1.28718e-05
-0.00125651
-8.57791e-06
-0.000854786
8.49786e-06
-0.000855734
1.50101e-05
-0.00147593
-1.49614e-05
-0.00146621
8.67638e-06
-0.000672796
-8.74332e-06
-0.000673812
1.89213e-05
-0.00166093
-2.28316e-05
-0.00153859
-4.25014e-08
-0.000993365
-1.42174e-07
-0.00132088
4.55411e-06
-0.00115896
-4.65302e-06
-0.00115652
-5.68891e-06
-0.000977261
-7.93265e-06
-0.00133881
5.62713e-06
-0.000978329
7.71132e-06
-0.00134148
