0
0
0
0
0
-0.0035706
0
-0.00356977
3.75337e-06
0
0
-0.00316321
0
-0.000204102
3.77559e-05
-0.00314421
-3.76222e-06
0
0
-0.000204094
0
-0.00316433
-3.77569e-05
-0.00314426
6.70331e-06
0
0
-0.00285391
0
-0.000408366
3.89765e-05
-0.00301326
-6.72114e-06
0
0
-0.000408349
0
-0.00285507
-3.92045e-05
-0.00301366
8.37505e-06
0
0
-0.00258622
0
-0.000613064
3.42764e-05
-0.00293528
-8.39807e-06
0
0
-0.000613039
0
-0.00258653
-3.41775e-05
-0.00293522
8.46605e-06
0
0
-0.00233798
0
-0.000818667
2.68899e-05
-0.00288517
-8.48785e-06
0
0
-0.000818641
0
-0.00233772
-2.67039e-05
-0.00288515
7.17047e-06
0
0
-0.00210364
0
-0.00102548
1.94839e-05
-0.0028535
-7.18506e-06
0
0
-0.00102547
0
-0.00210311
-1.90395e-05
-0.00285331
4.74627e-06
0
0
-0.00187824
0
-0.00123401
1.16659e-05
-0.00283392
-4.75278e-06
0
0
-0.00123404
0
-0.00187786
-1.13329e-05
-0.00283393
1.66187e-06
0
0
-0.00165932
0
-0.00144491
3.97099e-06
-0.00282478
-1.6607e-06
0
0
-0.00144502
0
-0.0016591
-3.69576e-06
-0.00282478
8.30582e-06
-0.00154268
-8.24501e-06
-0.00154345
3.74168e-08
-0.00265919
-9.15805e-09
-0.000170181
3.28242e-06
-0.000170899
-3.30256e-06
-0.000170402
-6.24338e-07
-0.0026632
6.69845e-06
-0.0013316
6.51934e-07
-0.00266374
1.04299e-05
-0.00175673
-6.65316e-06
-0.00133165
-1.03642e-05
-0.00175796
1.91459e-06
-0.00267881
5.5174e-06
-0.00112265
-5.49853e-06
-0.00112225
1.34075e-05
-0.0019748
-1.32128e-05
-0.00197601
-2.09543e-06
-0.00267655
6.11619e-06
-0.000172399
-6.14062e-06
-0.000171921
-4.65537e-06
-0.00091482
4.6604e-06
-0.000915269
-5.59676e-06
-0.00269786
8.08779e-06
-0.000179041
4.64116e-06
-0.00270531
-1.69686e-05
-0.0021983
1.75451e-05
-0.00219684
-8.11308e-06
-0.000178873
4.0705e-06
-0.000709117
-4.07578e-06
-0.000708939
1.02636e-05
-0.00274652
-8.74939e-06
-0.000179436
8.72392e-06
-0.000179686
-1.13504e-05
-0.00273957
2.25114e-05
-0.00242224
-2.22198e-05
-0.0024253
3.74164e-06
-0.000500429
-3.75308e-06
-0.000500428
-7.8995e-06
-0.000188313
2.99199e-05
-0.00265251
2.21677e-05
-0.00280578
7.87683e-06
-0.000188412
-2.28076e-05
-0.00279866
-2.92519e-05
-0.00265994
-3.32097e-06
-0.000310851
-3.31313e-05
-0.00291211
3.88734e-05
-0.0028829
3.3121e-06
-0.000310829
-1.58827e-05
-0.00162982
-1.29249e-05
-0.00142044
1.5911e-05
-0.00162789
1.29786e-05
-0.00142014
-2.49764e-06
-0.00249741
-1.74255e-06
-0.000340685
2.88028e-06
-0.00249838
1.69105e-06
-0.000341318
-1.07062e-05
-0.00121196
1.07354e-05
-0.00121299
4.90394e-06
-0.000343296
-1.96053e-05
-0.00184037
8.46285e-06
-0.00250781
1.96643e-05
-0.0018364
-4.94975e-06
-0.000341815
-8.10275e-06
-0.0025059
-1.44424e-05
-0.00252496
-7.4375e-06
-0.000345838
7.3963e-06
-0.00034625
9.04381e-06
-0.00100754
2.46459e-05
-0.00204555
-9.03516e-06
-0.00100625
-2.43128e-05
-0.00205104
1.45525e-05
-0.00253028
-7.84208e-06
-0.000802049
7.83316e-06
-0.000803025
2.15815e-05
-0.00256519
8.86122e-06
-0.00036276
3.03974e-05
-0.00225759
-2.99178e-05
-0.0022611
-2.28214e-05
-0.00254717
-8.89087e-06
-0.000362156
-8.6988e-06
-0.000360599
-3.05056e-05
-0.0026034
6.85513e-06
-0.000599222
3.67498e-05
-0.00246183
2.95849e-05
-0.00262161
-3.67358e-05
-0.00247086
-6.87707e-06
-0.000598738
8.67268e-06
-0.000361027
6.65424e-06
-0.000377643
-4.09012e-05
-0.00267912
-6.67424e-06
-0.000377437
4.06644e-05
-0.00268117
-5.53359e-06
-0.000172548
5.51843e-06
-0.000172582
-3.89447e-05
-0.00288473
3.32979e-05
-0.00291379
-1.74928e-05
-0.00150262
1.75178e-05
-0.00150219
-5.50511e-08
-0.000511836
4.05769e-07
-0.00233472
-1.45755e-05
-0.00129654
1.4618e-05
-0.00129865
2.11088e-05
-0.00170411
-2.11912e-05
-0.00170871
8.2211e-06
-0.00234128
-7.32963e-06
-0.00233903
3.51407e-06
-0.000512731
-3.61329e-06
-0.0005109
1.23701e-05
-0.00109333
-1.23547e-05
-0.00109042
1.62752e-05
-0.00235519
2.53397e-05
-0.00190444
-2.55215e-05
-0.00191491
6.62296e-06
-0.000515512
-1.50715e-05
-0.00235254
-6.69666e-06
-0.000513606
1.0689e-05
-0.000894439
-1.06964e-05
-0.0008918
-2.2869e-05
-0.00237966
2.41917e-05
-0.00238612
-8.79705e-06
-0.000516073
-3.04721e-05
-0.00211446
8.74823e-06
-0.000517254
3.03135e-05
-0.00210288
9.5436e-06
-0.000696901
-9.56918e-06
-0.000695287
-3.53445e-05
-0.00230974
3.21004e-05
-0.00242775
-3.23035e-05
-0.00238891
3.50386e-05
-0.00230153
9.71812e-06
-0.000558578
-9.74765e-06
-0.00055712
-8.55512e-06
-0.000517484
8.52797e-06
-0.000518266
-3.76698e-05
-0.0024892
3.74732e-05
-0.00249677
2.62551e-06
-0.000142436
-2.63199e-06
-0.000142453
-4.7071e-05
-0.00311167
4.71502e-05
-0.00311148
-1.65681e-05
-0.00137907
1.6691e-05
-0.00138316
1.97256e-05
-0.00158134
-1.96566e-05
-0.00158149
-2.07621e-06
-0.000681247
-4.13924e-06
-0.00217304
4.68331e-06
-0.00217581
1.8807e-06
-0.000682981
1.41219e-05
-0.00118224
-1.40614e-05
-0.00117637
1.31901e-05
-0.00218739
-2.34832e-05
-0.00178357
2.33284e-05
-0.00177542
5.51969e-06
-0.000682809
-1.25202e-05
-0.00218333
-5.67142e-06
-0.000679285
-2.06173e-05
-0.00219908
1.21575e-05
-0.000975342
-8.60654e-06
-0.000686517
-1.2154e-05
-0.000969738
2.69892e-05
-0.00196448
2.16343e-05
-0.00220335
-2.7257e-05
-0.0019861
8.5203e-06
-0.000689397
-1.07123e-05
-0.000775968
1.06887e-05
-0.000779382
2.87408e-05
-0.00225008
-3.13068e-05
-0.00217898
-1.6437e-05
-0.00146058
1.67001e-05
-0.00146897
2.31096e-07
-0.00201881
-1.58565e-07
-0.000842474
1.42644e-05
-0.00127378
-1.41259e-05
-0.0012631
-1.92855e-05
-0.00165721
1.94774e-05
-0.00166192
9.00362e-06
-0.00201648
4.08161e-06
-0.0008571
-8.58247e-06
-0.0020098
-4.37245e-06
-0.00085098
-1.22765e-05
-0.00106652
1.22581e-05
-0.00107679
2.26945e-05
-0.00185121
-2.25877e-05
-0.00185281
1.67337e-05
-0.00203708
7.70544e-06
-0.000853743
-1.63449e-05
-0.00202934
-7.86979e-06
-0.000845862
1.05171e-05
-0.000864491
-1.05613e-05
-0.000858593
2.47234e-05
-0.00204807
-2.46469e-05
-0.00205263
-9.99736e-06
-0.000677893
9.95595e-06
-0.00068061
-2.73146e-05
-0.00223967
3.03384e-05
-0.00213358
-1.23269e-05
-0.00135089
1.25073e-05
-0.0013649
-1.43173e-05
-0.00153879
1.47493e-05
-0.00155213
-2.52577e-06
-0.000998533
-3.53079e-06
-0.00186301
2.06061e-06
-0.00100397
4.25486e-06
-0.00186895
1.08933e-05
-0.00117564
-1.10157e-05
-0.00115825
1.69406e-05
-0.00174121
-1.6499e-05
-0.001727
1.24267e-05
-0.00184847
6.91478e-06
-0.00104472
-1.17271e-05
-0.00183466
-7.21084e-06
-0.00103064
9.83955e-06
-0.00100311
-9.96236e-06
-0.000990811
1.92005e-05
-0.00190544
-1.8734e-05
-0.00189781
-8.57053e-06
-0.00143125
9.00613e-06
-0.00145212
5.12396e-07
-0.00170112
-4.95362e-07
-0.00116885
-8.27982e-06
-0.00123702
7.74388e-06
-0.00126152
-1.03953e-05
-0.00162185
1.12903e-05
-0.00164686
-3.72802e-06
-0.00131495
-2.88803e-06
-0.00151833
2.56714e-06
-0.00135414
4.56794e-06
-0.00155826
-5.85442e-06
-0.00171123
-4.70965e-06
-0.00114516
3.9968e-06
-0.00116197
6.88407e-06
-0.00172867
