0
0
0
0
0
-0.00553532
0
-0.00553603
2.23716e-06
0
0
-0.00513075
0
-0.000196557
4.1286e-05
-0.00510841
-2.23713e-06
0
0
-0.000196557
0
-0.00512971
-4.13275e-05
-0.00510841
4.31087e-06
0
0
-0.00482173
0
-0.00039315
4.60065e-05
-0.0049746
-4.31086e-06
0
0
-0.00039315
0
-0.00482061
-4.58454e-05
-0.00497415
6.07576e-06
0
0
-0.00455282
0
-0.000589829
4.40769e-05
-0.00489064
-6.07593e-06
0
0
-0.00058983
0
-0.0045525
-4.42124e-05
-0.00489067
7.38933e-06
0
0
-0.00430319
0
-0.000786687
3.97373e-05
-0.00483285
-7.38984e-06
0
0
-0.000786688
0
-0.00430345
-3.98709e-05
-0.00483276
8.19354e-06
0
0
-0.00406764
0
-0.000983767
3.51277e-05
-0.00479092
-8.19448e-06
0
0
-0.000983768
0
-0.00406816
-3.54104e-05
-0.00479101
8.44588e-06
0
0
-0.00384153
0
-0.00118114
3.03685e-05
-0.00475889
-8.44719e-06
0
0
-0.00118114
0
-0.00384191
-3.05174e-05
-0.00475885
8.1757e-06
0
0
-0.00362214
0
-0.00137889
2.5624e-05
-0.00473417
-8.17712e-06
0
0
-0.00137889
0
-0.00362238
-2.57211e-05
-0.00473419
7.4172e-06
0
0
-0.00340764
0
-0.0015771
2.08845e-05
-0.00471512
-7.41829e-06
0
0
-0.0015771
0
-0.00340779
-2.09783e-05
-0.00471518
6.23535e-06
0
0
-0.00319684
0
-0.00177586
1.61844e-05
-0.00470077
-6.23564e-06
0
0
-0.00177587
0
-0.00319692
-1.6289e-05
-0.00470084
4.70887e-06
0
0
-0.00298888
0
-0.00197531
1.15162e-05
-0.00469048
-4.70804e-06
0
0
-0.00197531
0
-0.00298893
-1.1621e-05
-0.00469053
2.92913e-06
0
0
-0.00278317
0
-0.00217557
6.87919e-06
-0.00468384
-2.92721e-06
0
0
-0.00217557
0
-0.00278319
-6.97877e-06
-0.00468387
9.94639e-07
0
0
-0.00257926
0
-0.00237682
2.2603e-06
-0.00468058
-9.92033e-07
0
0
-0.00237682
0
-0.00257927
-2.35492e-06
-0.00468059
1.3654e-09
-0.000164525
-5.13943e-06
-0.00247555
-3.50021e-08
-0.00451801
5.13203e-06
-0.00247546
-1.98147e-06
-0.000164578
1.70518e-06
-0.00451963
4.49672e-06
-0.00227414
-4.49917e-06
-0.00227419
-5.91302e-06
-0.00267818
-1.77711e-06
-0.00451968
5.90052e-06
-0.00267813
1.98382e-06
-0.00016458
-3.86067e-06
-0.000164767
-6.8474e-06
-0.00288227
3.35478e-06
-0.00452467
3.96605e-06
-0.00207392
-3.96563e-06
-0.00207392
6.83113e-06
-0.00288237
3.86206e-06
-0.000164766
-3.42312e-06
-0.00452458
-3.523e-06
-0.00187427
-4.85458e-06
-0.00453276
4.81306e-06
-0.00453325
-5.53392e-06
-0.000165099
3.52386e-06
-0.0018743
-7.98779e-06
-0.0030881
5.53413e-06
-0.0001651
7.96845e-06
-0.00308844
5.93204e-06
-0.00454551
3.15686e-06
-0.00167509
-9.38998e-06
-0.00329603
-6.90536e-06
-0.000165614
-3.15627e-06
-0.00167508
-5.91693e-06
-0.00454449
9.36347e-06
-0.00329676
6.90456e-06
-0.000165615
6.50013e-06
-0.00456201
-7.88819e-06
-0.000166383
-6.44529e-06
-0.00456099
-2.85736e-06
-0.00147612
7.88682e-06
-0.000166384
1.10961e-05
-0.00350784
2.85687e-06
-0.00147612
-1.11397e-05
-0.00350652
6.22277e-06
-0.00458358
-8.41078e-06
-0.000167636
2.61291e-06
-0.00127722
-2.61337e-06
-0.00127723
-6.12695e-06
-0.00458255
8.40932e-06
-0.000167636
1.3258e-05
-0.00372236
-1.33374e-05
-0.00372022
-8.41766e-06
-0.000169792
4.72826e-06
-0.00461216
-4.42323e-06
-0.00461021
-2.41186e-06
-0.00107941
2.41202e-06
-0.00107941
8.41649e-06
-0.000169792
-1.62124e-05
-0.00393811
1.60024e-05
-0.00394062
-7.88374e-06
-0.000175923
1.29454e-06
-0.00464963
2.24845e-06
-0.000881522
-2.24898e-06
-0.000881521
1.94638e-05
-0.00416345
7.88302e-06
-0.000175923
5.38101e-09
-0.00464275
-2.01314e-05
-0.00416145
-6.80346e-06
-0.000175511
-5.30622e-06
-0.00470004
2.12432e-06
-0.000683327
6.57118e-06
-0.00469343
-2.12423e-06
-0.000683327
-2.44972e-05
-0.00438798
2.41241e-05
-0.00439067
6.80315e-06
-0.000175511
-5.24002e-06
-0.000183395
-1.86444e-05
-0.00476651
-2.09936e-06
-0.000482406
1.9438e-05
-0.00475887
3.03156e-05
-0.00462582
2.09941e-06
-0.000482407
5.23998e-06
-0.000183395
-3.09999e-05
-0.00461885
-3.08495e-05
-0.00487814
1.92319e-06
-0.000299651
-1.92315e-06
-0.00029965
3.06852e-05
-0.00487621
-3.75969e-07
-0.00435745
-1.00958e-06
-0.000328878
9.13897e-06
-0.00236837
-9.14354e-06
-0.00236868
1.04119e-05
-0.00256902
-1.0426e-05
-0.00256937
1.01181e-06
-0.000328874
3.21249e-07
-0.00435763
2.98015e-06
-0.000329116
1.08107e-06
-0.00436098
-1.13993e-06
-0.00436077
-2.97822e-06
-0.000329127
-1.19539e-05
-0.00277107
-8.06637e-06
-0.00216893
1.19319e-05
-0.00277092
8.06958e-06
-0.00216884
-2.09615e-06
-0.00436777
1.37534e-05
-0.0029742
-4.79013e-06
-0.000329608
7.16603e-06
-0.00197006
-7.16163e-06
-0.00196999
-1.3775e-05
-0.00297386
4.79084e-06
-0.000329606
2.04586e-06
-0.00436753
-3.40076e-06
-0.00437845
-6.3443e-06
-0.000330399
6.3438e-06
-0.0003304
3.3856e-06
-0.00437732
-6.40586e-06
-0.00177117
-1.59504e-05
-0.00317782
6.40878e-06
-0.00177122
1.59341e-05
-0.00317899
1.85413e-05
-0.00338553
5.78067e-06
-0.00157226
-5.77942e-06
-0.00157225
-1.85504e-05
-0.00338302
5.30312e-06
-0.00439054
7.54564e-06
-0.000331547
-7.54696e-06
-0.000331545
-5.2637e-06
-0.00439273
-8.31597e-06
-0.000333249
-7.91876e-06
-0.00441156
7.91238e-06
-0.00440953
8.31436e-06
-0.00033325
-5.26759e-06
-0.00137317
5.26829e-06
-0.00137316
-2.16735e-05
-0.00358948
2.16634e-05
-0.00359391
2.53515e-05
-0.00380418
4.8519e-06
-0.00117375
-2.53915e-05
-0.00379745
-4.85153e-06
-0.00117376
8.58953e-06
-0.00033614
1.15319e-05
-0.00443398
-8.59097e-06
-0.00033614
-1.16049e-05
-0.00443608
-1.63402e-05
-0.00447005
-8.31666e-06
-0.000340918
1.65562e-05
-0.0044651
8.31566e-06
-0.000340918
-4.50111e-06
-0.000976207
2.96378e-05
-0.00401455
4.50139e-06
-0.000976203
-3.00326e-05
-0.0040069
-4.2163e-06
-0.000777695
4.21641e-06
-0.000777695
3.43915e-05
-0.00422467
2.4397e-05
-0.00449795
7.47724e-06
-0.000355548
-2.25201e-05
-0.00451515
-7.47772e-06
-0.000355549
-3.51271e-05
-0.00421986
-6.11225e-06
-0.000352668
-2.98163e-05
-0.0045801
6.11212e-06
-0.000352668
3.97751e-05
-0.00443469
3.12494e-05
-0.00456164
-3.99354e-05
-0.00442543
3.95219e-06
-0.000579955
-3.9521e-06
-0.000579955
-4.08486e-06
-0.000365877
4.08489e-06
-0.000365877
4.15509e-05
-0.00464288
-4.12143e-05
-0.00464512
-3.3767e-06
-0.000166933
3.37673e-06
-0.000166933
3.87919e-05
-0.0048509
-3.86898e-05
-0.00484937
1.34833e-05
-0.00245827
-1.3486e-05
-0.00245907
-1.60475e-08
-0.00419724
9.8588e-10
-0.00049279
-2.04875e-06
-0.00049294
-2.58518e-06
-0.00419864
-1.19407e-05
-0.00226049
2.05122e-06
-0.000492891
2.54772e-06
-0.00419926
-1.53035e-05
-0.00265834
1.19445e-05
-0.00226013
1.52898e-05
-0.00265749
-1.74284e-05
-0.00285826
-1.06244e-05
-0.00206255
1.06338e-05
-0.00206259
5.22678e-06
-0.0042045
1.74082e-05
-0.00285782
-3.99314e-06
-0.000493407
-5.27323e-06
-0.00420379
3.99392e-06
-0.000493373
-5.72698e-06
-0.000494286
-8.19637e-06
-0.00421289
9.51727e-06
-0.00186524
-9.51054e-06
-0.0018651
-1.98968e-05
-0.00305875
1.98857e-05
-0.00305923
5.72681e-06
-0.000494277
8.15774e-06
-0.00421264
-1.15148e-05
-0.00422569
-7.14947e-06
-0.000495547
8.57473e-06
-0.00166707
-8.57191e-06
-0.00166701
1.14824e-05
-0.00422396
-2.27539e-05
-0.00325958
7.14818e-06
-0.000495541
2.27657e-05
-0.00326173
-1.54356e-05
-0.00424142
-8.17123e-06
-0.000497229
-7.79569e-06
-0.00146792
8.16944e-06
-0.000497225
7.79721e-06
-0.00146792
1.53627e-05
-0.00423828
-2.60148e-05
-0.00346047
2.60774e-05
-0.00346545
-2.00162e-05
-0.00426261
-8.71538e-06
-0.000499465
-7.15961e-06
-0.00126908
8.71362e-06
-0.000499465
7.16034e-06
-0.00126907
1.96851e-05
-0.00426002
2.98612e-05
-0.00367022
-2.97036e-05
-0.00366092
-8.74089e-06
-0.000504671
-2.53886e-05
-0.00428991
6.64402e-06
-0.00106882
2.46464e-05
-0.00428716
-6.64368e-06
-0.00106883
-3.37273e-05
-0.00386079
3.38984e-05
-0.00387583
8.73957e-06
-0.000504665
-3.09554e-05
-0.00433149
-8.18974e-06
-0.000507297
-6.1881e-06
-0.0008732
6.18828e-06
-0.000873194
3.00431e-05
-0.00432534
3.79404e-05
-0.00407483
8.18899e-06
-0.000507295
-3.7882e-05
-0.00405983
-3.70244e-05
-0.00438243
3.81709e-05
-0.00434408
-4.14016e-05
-0.00425951
-5.85982e-06
-0.000679271
-7.06319e-06
-0.000547342
5.85987e-06
-0.000679271
7.06297e-06
-0.00054734
4.12084e-05
-0.00426997
-4.07186e-05
-0.00445709
5.47559e-06
-0.000504583
4.10824e-05
-0.0044501
-5.4756e-06
-0.000504583
1.56279e-06
-0.000137254
-4.58678e-05
-0.00507748
-1.56277e-06
-0.000137254
4.57902e-05
-0.00507745
-1.90173e-06
-0.00403819
-1.05955e-06
-0.0006563
-1.52544e-05
-0.00234891
-1.71427e-05
-0.00254584
1.52607e-05
-0.00234809
1.71401e-05
-0.00254427
1.06147e-06
-0.000656193
1.91289e-06
-0.00403872
3.1286e-06
-0.000656309
-5.7592e-06
-0.00404133
-3.12775e-06
-0.000656418
5.7695e-06
-0.00404273
-1.93217e-05
-0.00274322
1.36387e-05
-0.00215227
1.9307e-05
-0.00274157
-1.36272e-05
-0.00215241
-5.03459e-06
-0.000657116
2.17913e-05
-0.0029399
1.22438e-05
-0.00195668
-1.22335e-05
-0.00195651
-9.73218e-06
-0.00404837
-2.18119e-05
-0.00294093
9.75114e-06
-0.00405007
5.03445e-06
-0.000657061
-1.38985e-05
-0.0040595
-6.67823e-06
-0.000658351
6.67674e-06
-0.000658328
1.39561e-05
-0.00405981
-1.10427e-05
-0.00176059
1.10484e-05
-0.00176072
-2.46129e-05
-0.00313863
2.46098e-05
-0.00313911
-2.77338e-05
-0.00333588
2.77697e-05
-0.0033389
-1.00267e-05
-0.00156307
1.0029e-05
-0.0015631
7.95392e-06
-0.000659901
1.84702e-05
-0.00407242
-7.95626e-06
-0.000659912
-1.8374e-05
-0.00407443
-2.33343e-05
-0.00408976
-8.78845e-06
-0.000662083
2.34085e-05
-0.0040866
8.78618e-06
-0.00066206
9.1994e-06
-0.00136282
-9.19849e-06
-0.00136283
3.12042e-05
-0.00353934
-3.10934e-05
-0.00353184
3.4849e-05
-0.0037401
-3.46281e-05
-0.0037245
8.50231e-06
-0.00116525
-8.50206e-06
-0.00116528
2.82668e-05
-0.00411179
9.10411e-06
-0.000664656
-9.1059e-06
-0.000664663
-2.83588e-05
-0.00411439
-3.37375e-05
-0.00414235
-8.91698e-06
-0.000674393
3.33178e-05
-0.00413941
8.91589e-06
-0.00067439
7.95861e-06
-0.000961218
-3.78188e-05
-0.00391348
3.80533e-05
-0.00394163
-7.95864e-06
-0.00096123
-7.38849e-06
-0.000764754
7.38834e-06
-0.000764748
4.03865e-05
-0.00413424
-3.78223e-05
-0.00419972
-1.7774e-05
-0.00243466
-5.4611e-10
-0.000819418
2.65418e-08
-0.0038791
1.77761e-05
-0.00243329
-4.55958e-06
-0.00388038
-2.17996e-06
-0.000819143
1.98396e-05
-0.0026271
1.59613e-05
-0.00223969
4.61018e-06
-0.00388174
2.17916e-06
-0.000818916
-1.59512e-05
-0.00224018
-1.98555e-05
-0.00262977
-1.4372e-05
-0.0020458
-2.22052e-05
-0.00282531
1.43826e-05
-0.002046
4.2499e-06
-0.000818986
2.21696e-05
-0.00282242
9.24309e-06
-0.00388788
-4.25107e-06
-0.000819145
-9.18408e-06
-0.0038852
-1.3868e-05
-0.003894
-6.10474e-06
-0.000820068
1.30186e-05
-0.00185223
2.47768e-05
-0.0030184
-2.48247e-05
-0.00302085
6.10287e-06
-0.000819985
1.39464e-05
-0.00389755
-1.30115e-05
-0.00185198
-7.64004e-06
-0.000821792
-1.86192e-05
-0.00390686
7.63773e-06
-0.00082174
-2.76546e-05
-0.00321608
1.87579e-05
-0.00390903
-1.18438e-05
-0.00165801
2.76219e-05
-0.00321512
1.18468e-05
-0.00165813
-2.34942e-05
-0.0039242
-8.74213e-06
-0.000823852
1.08291e-05
-0.00146169
-1.08288e-05
-0.00146167
3.06717e-05
-0.00341137
2.36745e-05
-0.00392355
-3.06688e-05
-0.00340972
8.73936e-06
-0.000823796
-9.34711e-06
-0.000827255
-2.86723e-05
-0.00393374
2.88485e-05
-0.00393316
9.3447e-06
-0.000827215
1.00282e-05
-0.00125939
3.36914e-05
-0.00360768
-1.00287e-05
-0.00125942
-3.36511e-05
-0.00360115
-3.30237e-05
-0.00396643
3.31629e-05
-0.00396605
9.30257e-06
-0.0010662
-3.64682e-05
-0.00379047
-9.30336e-06
-0.00106622
-9.36836e-06
-0.000825973
3.64924e-05
-0.00380278
9.36681e-06
-0.000825965
3.77963e-05
-0.00400027
-3.76241e-05
-0.00399023
8.81344e-06
-0.00085048
-8.8141e-06
-0.000850488
-8.15867e-06
-0.000667632
3.71565e-05
-0.00418893
8.15815e-06
-0.00066763
-3.98104e-05
-0.00408548
-2.45042e-06
-0.00372051
-1.14231e-06
-0.000982317
1.93481e-05
-0.00251626
-1.74689e-05
-0.00232596
1.74706e-05
-0.00232519
-1.93618e-05
-0.00251826
1.13725e-06
-0.000982088
2.53018e-06
-0.00372136
-3.36584e-06
-0.000981524
7.51196e-06
-0.00372623
3.3619e-06
-0.000981275
-2.1493e-05
-0.00271182
-7.42804e-06
-0.00372372
1.58034e-05
-0.00213414
-1.57971e-05
-0.00213416
2.14502e-05
-0.00270763
2.37568e-05
-0.00290141
-2.38441e-05
-0.00290602
-5.43028e-06
-0.000981154
-1.24172e-05
-0.00372972
1.43522e-05
-0.00194196
-1.43457e-05
-0.00194155
1.24967e-05
-0.00373467
5.42723e-06
-0.00098095
-7.22147e-06
-0.000982209
-1.73414e-05
-0.00373995
7.21783e-06
-0.000982093
1.74296e-05
-0.00374673
2.62812e-05
-0.00309538
-2.64001e-05
-0.00310016
1.30931e-05
-0.0017505
-1.30894e-05
-0.00175017
-2.90021e-05
-0.00329437
2.88938e-05
-0.00329027
-1.20142e-05
-0.0015585
1.20146e-05
-0.00155864
8.64909e-06
-0.000986523
2.2301e-05
-0.00375921
-2.21726e-05
-0.00375477
-8.65259e-06
-0.000986638
-2.68395e-05
-0.0037754
-9.56119e-06
-0.000988756
9.55795e-06
-0.000988674
2.69563e-05
-0.00377784
1.10615e-05
-0.00136664
-1.10628e-05
-0.00136666
3.15507e-05
-0.00348169
-3.1593e-05
-0.00348206
-3.37786e-05
-0.00366669
3.37671e-05
-0.00367076
-1.03304e-05
-0.00115911
1.03287e-05
-0.00115909
9.95539e-06
-0.000993594
3.17124e-05
-0.00376776
-3.16968e-05
-0.00376685
-9.95759e-06
-0.000993617
-3.51545e-05
-0.00383586
3.51402e-05
-0.00384064
9.65801e-06
-0.00097996
-9.65932e-06
-0.000979978
1.80989e-05
-0.00240878
5.8195e-08
-0.00356175
-1.81145e-05
-0.00240991
-8.54779e-09
-0.00114524
-5.07168e-06
-0.00356299
-2.36706e-06
-0.00114505
-1.99745e-05
-0.00260066
2.35471e-06
-0.00114486
5.19207e-06
-0.00356485
1.99272e-05
-0.00259731
1.64492e-05
-0.00222032
-1.64512e-05
-0.00222047
-2.2033e-05
-0.00279287
2.19525e-05
-0.00278693
-1.49846e-05
-0.00203107
1.03046e-05
-0.00357221
4.61237e-06
-0.00114353
1.49864e-05
-0.00203167
-1.01701e-05
-0.00356818
-4.62056e-06
-0.00114379
-1.52709e-05
-0.00357291
-6.65954e-06
-0.00114287
2.40646e-05
-0.00298028
-2.42462e-05
-0.00298599
-1.36968e-05
-0.00183903
1.53483e-05
-0.00358322
1.37e-05
-0.00183972
6.65333e-06
-0.00114264
-2.00955e-05
-0.00358651
-8.35106e-06
-0.00114348
-2.65958e-05
-0.00317919
2.63477e-05
-0.00317201
1.25988e-05
-0.00165238
8.34636e-06
-0.00114332
2.01871e-05
-0.00359776
-1.25991e-05
-0.00165203
2.84966e-05
-0.0033689
-2.86673e-05
-0.00337415
9.64871e-06
-0.00115654
1.169e-05
-0.00146653
-2.46611e-05
-0.0036011
-1.1692e-05
-0.00146643
-9.65279e-06
-0.00115666
2.48053e-05
-0.00360835
-3.07238e-05
-0.00356031
1.02895e-05
-0.00115264
3.06884e-05
-0.00356064
-1.02925e-05
-0.00115266
-1.253e-06
-0.00130859
-2.4676e-06
-0.00340298
1.62952e-05
-0.00230503
1.78542e-05
-0.00249091
-1.63145e-05
-0.00230557
-1.79043e-05
-0.00249288
2.63105e-06
-0.0034041
1.22287e-06
-0.00130833
3.67854e-06
-0.00130769
7.72647e-06
-0.00340941
-7.52089e-06
-0.00340681
-1.96344e-05
-0.00268274
-1.49226e-05
-0.00211882
-3.69836e-06
-0.00130787
1.95407e-05
-0.00267685
1.49114e-05
-0.0021191
2.14079e-05
-0.00286578
-2.15277e-05
-0.00287317
-1.25389e-05
-0.00341469
-5.97094e-06
-0.00130578
-1.36781e-05
-0.00192994
1.36754e-05
-0.00193097
5.958e-06
-0.00130554
1.27419e-05
-0.00341986
-1.75286e-05
-0.00341364
-7.96569e-06
-0.00130505
7.95793e-06
-0.00130485
1.75732e-05
-0.00343343
-2.34733e-05
-0.00306378
1.25176e-05
-0.00173571
2.31113e-05
-0.00305962
-1.25198e-05
-0.00173501
-2.54732e-05
-0.00325359
2.5049e-05
-0.00324659
1.16055e-05
-0.00155044
9.52412e-06
-0.00130375
-1.16087e-05
-0.00155017
2.21299e-05
-0.00345403
-2.1968e-05
-0.00343504
-9.52893e-06
-0.00130392
1.07739e-05
-0.00134013
-1.07775e-05
-0.00134009
2.65752e-05
-0.0034529
-2.66268e-05
-0.00345072
1.09262e-05
-0.00129692
2.85025e-05
-0.00363391
-1.09287e-05
-0.00129691
-2.84496e-05
-0.00363081
1.53849e-05
-0.00238863
-2.08821e-08
-0.00147327
9.92965e-08
-0.00324325
-1.54298e-05
-0.00239004
-4.81347e-06
-0.0032458
-2.61628e-06
-0.00147117
-1.41453e-05
-0.00220566
-1.68917e-05
-0.00257551
1.67969e-05
-0.0025717
2.57435e-06
-0.00147086
5.04188e-06
-0.0032476
1.41145e-05
-0.00220555
-1.84188e-05
-0.00276586
1.82825e-05
-0.00275539
5.12999e-06
-0.00147062
1.00321e-05
-0.00325479
1.30331e-05
-0.00202156
-1.30524e-05
-0.00202081
-5.15975e-06
-0.00147076
-9.64875e-06
-0.00325271
-7.41429e-06
-0.00146746
-1.43461e-05
-0.00326384
1.99087e-05
-0.00294046
7.39682e-06
-0.00146725
-1.20512e-05
-0.00183501
-2.01e-05
-0.00295285
1.47736e-05
-0.00326875
1.20411e-05
-0.00183602
-2.16587e-05
-0.0031369
9.3129e-06
-0.00146812
1.92165e-05
-0.00328369
-9.32127e-06
-0.00146826
-2.31142e-05
-0.00330305
2.29217e-05
-0.00331313
1.05369e-05
-0.00146014
-1.05418e-05
-0.00146014
-1.42419e-06
-0.00163807
-2.30436e-06
-0.00308283
1.37729e-05
-0.00247157
1.26489e-05
-0.00229015
-1.38288e-05
-0.00247454
-1.26908e-05
-0.00229063
1.35173e-06
-0.00163784
2.44014e-06
-0.00308289
7.18404e-06
-0.00309422
4.06332e-06
-0.00163108
-1.51868e-05
-0.00265994
1.50619e-05
-0.00265095
-1.17762e-05
-0.00210994
-4.12648e-06
-0.00163105
-6.95179e-06
-0.00309209
1.17408e-05
-0.00211068
1.625e-05
-0.0028291
-1.63862e-05
-0.00285326
1.09442e-05
-0.00193118
-6.76063e-06
-0.00163635
6.71399e-06
-0.00163603
1.20054e-05
-0.00309827
-1.09714e-05
-0.00193007
-1.14642e-05
-0.00309891
1.63766e-05
-0.00312172
8.9209e-06
-0.00162602
-8.93937e-06
-0.00162608
-1.79365e-05
-0.0030394
-1.90384e-05
-0.00324389
1.08705e-05
-0.00163388
-1.08791e-05
-0.00163354
2.08846e-05
-0.00313645
1.05307e-05
-0.00237505
1.78932e-08
-0.00291614
-5.37692e-08
-0.00180755
-1.05541e-05
-0.00237409
-9.84047e-06
-0.00218973
-1.16302e-05
-0.0025602
1.15756e-05
-0.00255823
-3.02939e-06
-0.00180011
4.55101e-06
-0.00292578
-4.50146e-06
-0.0029244
2.93032e-06
-0.00180047
9.79834e-06
-0.00219154
-1.29117e-05
-0.00274467
5.73225e-06
-0.00178668
1.28654e-05
-0.00273672
8.99434e-06
-0.00294602
9.30102e-06
-0.00201233
-9.35761e-06
-0.00201046
-5.80232e-06
-0.00178604
-8.86357e-06
-0.00294599
1.35645e-05
-0.00293386
8.55355e-06
-0.00181079
-8.59399e-06
-0.00181025
-1.34991e-05
-0.00294344
1.75209e-05
-0.00299176
1.03444e-05
-0.00176739
-1.53608e-05
-0.00311766
-1.03611e-05
-0.00176681
7.86472e-06
-0.00246907
7.24084e-06
-0.00227302
-1.77074e-06
-0.00197643
-7.87299e-06
-0.00246618
-2.29859e-06
-0.00274934
-7.27685e-06
-0.00226884
2.35135e-06
-0.0027505
1.60538e-06
-0.0019771
4.66566e-06
-0.00196083
6.49988e-06
-0.00277234
-8.99148e-06
-0.00264732
-7.02563e-06
-0.00209037
4.5898e-06
-0.00236939
-4.60995e-06
-0.00236253
-1.2515e-07
-0.00213228
2.67216e-08
-0.0025954
3.69675e-06
-0.00215764
4.7021e-06
-0.0025794
-3.89408e-06
-0.0021511
-4.61295e-06
-0.00257307
8.98754e-06
-0.00264724
6.92385e-06
-0.00209343
-6.43713e-06
-0.00277048
-4.78416e-06
-0.00195865
1.26056e-06
-0.00229743
1.92747e-06
-0.0024567
-1.42545e-06
-0.00243154
-1.79629e-06
-0.00227245
1.02807e-05
-0.00280825
7.12507e-06
-0.00193135
-1.02211e-05
-0.00281159
-7.20119e-06
-0.00192954
