2405
1 587 1 0
587 588 803 0
588 589 807 0
589 2 8 0
2789 2790 10554 0
2 2788 10542 0
2788 2789 10551 0
2790 395 10546 0
2786 2787 11162 0
2784 2785 11157 0
2785 2786 11159 0
2782 2783 11152 0
2783 2784 11154 0
2780 2781 11147 0
2781 2782 11149 0
2778 2779 11142 0
2779 2780 11144 0
2776 2777 11137 0
2777 2778 11139 0
2774 2775 11132 0
2775 2776 11134 0
2772 2773 11127 0
2773 2774 11129 0
2770 2771 11122 0
2771 2772 11124 0
2768 2769 11117 0
2769 2770 11119 0
2766 2767 11112 0
2767 2768 11114 0
2764 2765 11107 0
2765 2766 11109 0
2762 2763 11102 0
2763 2764 11104 0
2760 2761 11097 0
2761 2762 11099 0
2758 2759 11092 0
2759 2760 11094 0
2756 2757 11087 0
2757 2758 11089 0
2754 2755 11082 0
2755 2756 11084 0
2752 2753 11077 0
2753 2754 11079 0
2750 2751 11072 0
2751 2752 11074 0
2748 2749 11067 0
2749 2750 11069 0
2746 2747 11062 0
2747 2748 11064 0
2744 2745 11057 0
2745 2746 11059 0
2742 2743 11052 0
2743 2744 11054 0
2740 2741 11047 0
2741 2742 11049 0
2738 2739 11042 0
2739 2740 11044 0
2736 2737 11037 0
2737 2738 11039 0
2734 2735 11032 0
2735 2736 11034 0
2732 2733 11027 0
2733 2734 11029 0
2730 2731 11022 0
2731 2732 11024 0
2728 2729 11017 0
2729 2730 11019 0
2726 2727 11012 0
2727 2728 11014 0
2724 2725 11007 0
2725 2726 11009 0
2722 2723 11002 0
2723 2724 11004 0
2720 2721 10997 0
2721 2722 10999 0
2718 2719 10992 0
2719 2720 10994 0
2716 2717 10987 0
2717 2718 10989 0
2714 2715 10982 0
2715 2716 10984 0
2712 2713 10977 0
2713 2714 10979 0
2710 2711 10972 0
2711 2712 10974 0
2708 2709 10967 0
2709 2710 10969 0
2706 2707 10962 0
2707 2708 10964 0
2704 2705 10957 0
2705 2706 10959 0
2702 2703 10952 0
2703 2704 10954 0
2700 2701 10947 0
2701 2702 10949 0
2698 2699 10943 0
2699 2700 10945 0
2696 2697 10938 0
2697 2698 10940 0
2694 2695 10933 0
2695 2696 10935 0
2692 2693 10928 0
2693 2694 10930 0
2690 2691 10924 0
2691 2692 10926 0
2688 2689 10919 0
2689 2690 10921 0
2686 2687 10914 0
2687 2688 10916 0
2684 2685 10909 0
2685 2686 10911 0
2682 2683 10905 0
2683 2684 10907 0
2680 2681 10900 0
2681 2682 10902 0
2678 2679 10895 0
2679 2680 10897 0
2676 2677 10890 0
2677 2678 10892 0
2674 2675 10886 0
2675 2676 10888 0
2672 2673 10881 0
2673 2674 10883 0
2670 2671 10876 0
2671 2672 10878 0
2668 2669 10871 0
2669 2670 10873 0
2666 2667 10867 0
2667 2668 10869 0
2664 2665 10862 0
2665 2666 10864 0
2662 2663 10857 0
2663 2664 10859 0
2660 2661 10852 0
2661 2662 10854 0
2658 2659 10848 0
2659 2660 10850 0
2656 2657 10843 0
2657 2658 10845 0
2654 2655 10838 0
2655 2656 10840 0
2652 2653 10833 0
2653 2654 10835 0
2650 2651 10829 0
2651 2652 10831 0
2648 2649 10824 0
2649 2650 10826 0
2646 2647 10819 0
2647 2648 10821 0
2644 2645 10814 0
2645 2646 10816 0
2642 2643 10810 0
2643 2644 10812 0
2640 2641 10806 0
2641 2642 10808 0
2638 2639 10801 0
2639 2640 10803 0
2636 2637 10796 0
2637 2638 10798 0
2634 2635 10792 0
2635 2636 10794 0
2632 2633 10788 0
2633 2634 10790 0
2630 2631 10783 0
2631 2632 10785 0
2628 2629 10778 0
2629 2630 10780 0
2626 2627 10774 0
2627 2628 10776 0
2624 2625 10769 0
2625 2626 10771 0
2622 2623 10764 0
2623 2624 10766 0
2620 2621 10759 0
2621 2622 10761 0
2618 2619 10754 0
2619 2620 10756 0
2616 2617 10749 0
2617 2618 10751 0
2614 2615 10744 0
2615 2616 10746 0
2612 2613 10739 0
2613 2614 10741 0
2610 2611 10734 0
2611 2612 10736 0
2608 2609 10729 0
2609 2610 10731 0
2606 2607 10724 0
2607 2608 10726 0
2604 2605 10719 0
2605 2606 10721 0
2602 2603 10714 0
2603 2604 10716 0
2600 2601 10709 0
2601 2602 10711 0
2598 2599 10704 0
2599 2600 10706 0
2596 2597 10699 0
2597 2598 10701 0
2594 2595 10694 0
2595 2596 10696 0
2592 2593 10689 0
2593 2594 10691 0
2590 2591 10684 0
2591 2592 10686 0
2588 2589 10679 0
2589 2590 10681 0
2586 2587 10674 0
2587 2588 10676 0
2584 2585 10669 0
2585 2586 10671 0
2582 2583 10664 0
2583 2584 10666 0
2580 2581 10659 0
2581 2582 10661 0
2578 2579 10654 0
2579 2580 10656 0
2576 2577 10649 0
2577 2578 10651 0
2574 2575 10639 0
2575 2576 10647 0
2572 2573 10623 0
2573 2574 10632 0
2570 2571 10614 0
2571 2572 10621 0
2568 2569 10597 0
2569 2570 10599 0
2566 2567 10588 0
2567 2568 10591 0
2564 2565 10568 0
2565 2566 10574 0
2562 2563 10549 0
2563 2564 10560 0
2561 586 10541 0
586 2562 10541 0
2559 2560 10557 0
2560 2561 10550 0
2558 585 10564 0
585 2559 10562 0
2556 2557 10581 0
2557 2558 10573 0
2554 2555 10594 0
2555 2556 10584 0
2552 2553 10609 0
2553 2554 10603 0
2550 2551 16149 0
2551 2552 10617 0
2548 2549 10635 0
2549 2550 16151 0
2546 2547 11178 0
2547 2548 10643 0
2544 2545 11187 0
2545 2546 11184 0
2542 2543 11197 0
2543 2544 11193 0
2540 2541 11207 0
2541 2542 11204 0
2538 2539 16153 0
2539 2540 11214 0
2536 2537 16155 0
2537 2538 11223 0
2534 2535 16157 0
2535 2536 11232 0
2532 2533 16159 0
2533 2534 11241 0
2530 2531 16161 0
2531 2532 11250 0
2528 2529 16163 0
2529 2530 11259 0
2526 2527 16165 0
2527 2528 11268 0
2524 2525 16167 0
2525 2526 11277 0
2522 2523 16169 0
2523 2524 11286 0
2520 2521 16171 0
2521 2522 11295 0
2518 2519 16173 0
2519 2520 11304 0
2516 2517 16175 0
2517 2518 11313 0
2514 2515 16177 0
2515 2516 11322 0
2512 2513 16179 0
2513 2514 11331 0
2510 2511 16181 0
2511 2512 11340 0
2508 2509 16183 0
2509 2510 11349 0
2506 2507 16185 0
2507 2508 11358 0
2504 2505 16187 0
2505 2506 11367 0
2502 2503 16189 0
2503 2504 11376 0
2500 2501 16191 0
2501 2502 11385 0
2498 2499 16193 0
2499 2500 11394 0
2496 2497 11406 0
2497 2498 11403 0
2494 2495 11416 0
2495 2496 11412 0
2492 2493 11424 0
2493 2494 11421 0
2490 2491 16195 0
2491 2492 11431 0
2488 2489 16198 0
2489 2490 16196 0
2486 2487 11448 0
2487 2488 11445 0
2484 2485 11457 0
2485 2486 11454 0
2482 2483 16200 0
2483 2484 11464 0
2480 2481 16203 0
2481 2482 16201 0
2478 2479 11481 0
2479 2480 11478 0
2476 2477 11490 0
2477 2478 11487 0
2474 2475 11501 0
2475 2476 11497 0
2472 2473 11515 0
2473 2474 11508 0
2470 2471 11525 0
2471 2472 11521 0
2468 2469 11533 0
2469 2470 11530 0
2466 2467 11544 0
2467 2468 11540 0
2464 2465 11558 0
2465 2466 11551 0
2462 2463 11568 0
2463 2464 11564 0
2460 2461 11576 0
2461 2462 11573 0
2458 2459 11587 0
2459 2460 11583 0
2456 2457 11601 0
2457 2458 11594 0
2454 2455 11611 0
2455 2456 11607 0
2452 2453 11619 0
2453 2454 11616 0
2450 2451 11631 0
2451 2452 11626 0
2448 2449 11644 0
2449 2450 11637 0
2446 2447 11654 0
2447 2448 11650 0
2444 2445 11662 0
2445 2446 11659 0
2442 2443 11674 0
2443 2444 11669 0
2440 2441 11687 0
2441 2442 11680 0
2438 2439 11697 0
2439 2440 11693 0
2436 2437 11705 0
2437 2438 11702 0
2434 2435 11717 0
2435 2436 11712 0
2432 2433 11730 0
2433 2434 11723 0
2430 2431 11740 0
2431 2432 11736 0
2428 2429 11748 0
2429 2430 11745 0
2426 2427 11760 0
2427 2428 11755 0
2424 2425 11773 0
2425 2426 11766 0
2422 2423 11783 0
2423 2424 11779 0
2420 2421 11795 0
2421 2422 11788 0
2418 2419 11808 0
2419 2420 11801 0
2416 2417 11821 0
2417 2418 11814 0
2414 2415 11834 0
2415 2416 11827 0
2412 2413 11847 0
2413 2414 11840 0
2410 2411 11860 0
2411 2412 11853 0
2408 2409 11873 0
2409 2410 11866 0
2787 195 11164 0
195 783 3772 0
783 784 5331 0
784 785 5333 0
785 786 5335 0
786 787 5337 0
787 788 5340 0
788 789 5342 0
789 790 5345 0
790 791 5347 0
791 792 5349 0
792 793 5351 0
793 794 5354 0
794 795 5356 0
795 796 5359 0
796 797 5361 0
797 798 5363 0
798 799 5365 0
799 800 5368 0
800 801 5370 0
801 802 5373 0
802 803 5375 0
803 804 5377 0
804 805 5379 0
805 806 5382 0
806 807 5384 0
807 808 5387 0
808 809 5389 0
809 810 5391 0
810 811 5393 0
811 812 5396 0
812 813 5398 0
813 814 5401 0
814 815 5403 0
815 816 5406 0
816 817 5408 0
817 818 5411 0
818 819 5413 0
819 820 5415 0
820 821 5417 0
821 822 5420 0
822 823 5422 0
823 824 5425 0
824 825 5427 0
825 826 5430 0
826 827 5432 0
827 828 5435 0
828 829 5437 0
829 830 5439 0
830 831 5441 0
831 832 5444 0
832 833 5446 0
833 834 5449 0
834 835 5451 0
835 836 5454 0
836 837 5456 0
837 838 5459 0
838 839 5461 0
839 840 5463 0
840 841 5465 0
841 842 5468 0
842 843 5470 0
843 844 5473 0
844 845 5475 0
845 846 5478 0
846 847 5480 0
847 848 5483 0
848 849 5485 0
849 850 5487 0
850 851 5489 0
851 852 5492 0
852 853 5494 0
853 854 5497 0
854 855 5499 0
855 856 5502 0
856 857 5504 0
857 858 5507 0
858 859 5509 0
859 860 5511 0
860 861 5513 0
861 862 5516 0
862 863 5518 0
863 864 5521 0
864 865 5523 0
865 866 5525 0
866 867 5527 0
867 868 5529 0
868 869 5531 0
869 870 5534 0
870 871 5536 0
871 872 5539 0
872 873 5541 0
873 874 5543 0
874 875 5545 0
875 876 5547 0
876 877 5549 0
877 878 5552 0
878 879 5554 0
879 880 5557 0
880 881 5559 0
881 882 5561 0
882 883 5563 0
883 884 5565 0
884 885 5567 0
885 886 5570 0
886 887 5572 0
887 888 5575 0
888 889 5577 0
889 890 5579 0
890 891 5581 0
891 892 5583 0
892 893 5585 0
893 894 5588 0
894 895 5590 0
895 896 5593 0
896 897 5595 0
897 898 5597 0
898 899 5599 0
899 900 5601 0
900 901 5603 0
901 902 5606 0
902 903 5608 0
903 904 5611 0
904 905 5613 0
905 906 5615 0
906 907 5617 0
907 908 5619 0
908 909 5621 0
909 910 5624 0
910 911 5626 0
911 912 5629 0
912 913 5631 0
913 914 5633 0
914 915 5635 0
915 916 5637 0
916 917 5639 0
917 918 5642 0
918 919 5644 0
919 920 5647 0
920 921 5649 0
921 922 5651 0
922 923 5653 0
923 924 5655 0
924 925 5657 0
925 926 5660 0
926 927 5662 0
927 928 5665 0
928 929 5667 0
929 930 5669 0
930 931 5671 0
931 932 5673 0
932 933 5675 0
933 934 5678 0
934 935 5680 0
935 936 5683 0
936 937 5685 0
937 938 5687 0
938 939 5689 0
939 940 5691 0
940 941 5693 0
941 942 5696 0
942 943 5698 0
943 944 5701 0
944 945 5703 0
945 946 5705 0
946 947 5707 0
947 948 5709 0
948 949 5711 0
949 950 5714 0
950 951 5716 0
951 952 5719 0
952 953 5721 0
953 954 5723 0
954 955 5725 0
955 956 5727 0
956 957 5729 0
957 958 5732 0
958 959 5734 0
959 960 5737 0
960 961 5739 0
961 962 5741 0
962 963 5743 0
963 964 5745 0
964 965 5747 0
965 966 5750 0
966 967 5752 0
967 968 5754 0
968 969 5756 0
969 970 5759 0
970 971 5761 0
971 972 5764 0
972 973 5766 0
973 974 5768 0
974 975 5770 0
975 976 5772 0
976 977 5774 0
977 978 5777 0
978 979 5779 0
979 980 5781 0
980 981 5783 0
981 982 5786 0
982 983 5788 0
983 984 5791 0
984 985 5793 0
985 986 5795 0
986 987 5797 0
987 988 5799 0
988 989 5801 0
989 990 5804 0
990 991 5806 0
991 992 5808 0
992 993 5810 0
993 994 5813 0
994 995 5815 0
995 996 5817 0
996 997 5819 0
997 998 5822 0
998 999 5824 0
999 1000 5826 0
1000 1001 5828 0
1001 1002 5831 0
1002 1003 5833 0
1003 1004 5835 0
1004 1005 5837 0
1005 1006 5840 0
1006 1007 5842 0
1007 1008 5844 0
1008 1009 5846 0
1009 1010 5849 0
1010 1011 5851 0
1011 1012 5853 0
1012 1013 5855 0
1013 1014 5858 0
1014 1015 5860 0
1015 1016 5862 0
1016 1017 5864 0
1017 1018 5867 0
1018 1019 5869 0
1019 1020 5871 0
1020 1021 5873 0
1021 1022 5876 0
1022 1023 5878 0
1023 1024 5880 0
1024 1025 5882 0
1025 1026 5885 0
1026 1027 5887 0
1027 1028 5889 0
1028 1029 5891 0
1029 1030 5894 0
1030 1031 5896 0
1031 1032 5898 0
1032 1033 5900 0
1033 1034 5903 0
1034 1035 5905 0
1035 1036 5907 0
1036 1037 5909 0
1037 1038 5912 0
1038 1039 5914 0
1039 1040 5916 0
1040 1041 5918 0
1041 1042 5921 0
1042 1043 5923 0
1043 1044 5925 0
1044 1045 5927 0
1045 1046 5930 0
1046 1047 5932 0
1047 1048 5934 0
1048 1049 5936 0
1049 1050 5939 0
1050 1051 5941 0
1051 1052 5943 0
1052 1053 5945 0
1053 1054 5948 0
1054 1055 5950 0
1055 1056 5952 0
1056 1057 5954 0
1057 1058 5957 0
1058 1059 5959 0
1059 1060 5961 0
1060 1061 5963 0
1061 1062 5966 0
1062 1063 5968 0
1063 1064 5970 0
1064 1065 5972 0
1065 1066 5975 0
1066 1067 5977 0
1067 1068 5979 0
1068 1069 5981 0
1069 1070 5984 0
1070 1071 5986 0
1071 1072 5988 0
1072 1073 5990 0
1073 1074 5993 0
1074 1075 5995 0
1075 1076 5997 0
1076 1077 5999 0
1077 1078 6002 0
1078 1079 6004 0
1079 1080 6006 0
1080 1081 6008 0
1081 1082 6011 0
1082 1083 6013 0
1083 1084 6015 0
1084 1085 6017 0
1085 1086 6020 0
1086 1087 6022 0
1087 1088 6024 0
1088 1089 6026 0
1089 1090 6029 0
1090 1091 6031 0
1091 1092 6033 0
1092 1093 6035 0
1093 1094 6038 0
1094 1095 6040 0
1095 1096 6042 0
1096 1097 6044 0
1097 1098 6047 0
1098 1099 6049 0
1099 1100 6051 0
1100 1101 6053 0
1101 1102 6056 0
1102 1103 6058 0
1103 1104 6060 0
1104 1105 6062 0
1105 1106 6065 0
1106 1107 6067 0
1107 1108 6069 0
1108 1109 6071 0
1109 1110 6074 0
1110 1111 6076 0
1111 1112 6078 0
1112 1113 6080 0
1113 1114 6083 0
1114 1115 6085 0
1115 1116 6087 0
1116 1117 6089 0
1117 1118 6092 0
1118 1119 6094 0
1119 1120 6096 0
1120 1121 6098 0
1121 1122 6101 0
1122 1123 6103 0
1123 1124 6105 0
1124 1125 6107 0
1125 1126 6110 0
1126 1127 6112 0
1127 1128 6114 0
1128 1129 6116 0
1129 1130 6119 0
1130 1131 6121 0
1131 1132 6123 0
1132 1133 6125 0
1133 1134 6128 0
1134 1135 6130 0
1135 1136 6132 0
1136 1137 6134 0
1137 1138 6137 0
1138 1139 6139 0
1139 1140 6142 0
1140 1141 6144 0
1141 1142 6147 0
1142 1143 6149 0
1143 1144 6152 0
1144 1145 6154 0
1145 1146 6157 0
1146 1147 6159 0
1147 1148 6162 0
1148 1149 6164 0
1149 1150 6167 0
1150 1151 6169 0
1151 1152 6172 0
1152 1153 6174 0
1153 1154 6177 0
1154 1155 6179 0
1155 1156 6182 0
1156 1157 6184 0
1157 1158 6187 0
1158 1159 6189 0
1159 1160 6192 0
1160 1161 6194 0
1161 1162 6197 0
1162 1163 6199 0
1163 1164 6202 0
1164 1165 6204 0
1165 1166 6207 0
1166 1167 6209 0
1167 1168 6212 0
1168 1169 6214 0
1169 1170 6217 0
1170 1171 6219 0
1171 1172 6222 0
1172 1173 6224 0
1173 1174 6227 0
1174 1175 6229 0
1175 1176 6232 0
1176 1177 6234 0
1177 1178 6236 0
1178 1179 6238 0
1179 1180 6240 0
1180 1181 6242 0
1181 1182 6244 0
1182 1183 6246 0
1183 1184 6248 0
1184 1185 6250 0
1185 1186 6252 0
1186 1187 6254 0
1187 1188 6256 0
1188 1189 6258 0
1189 1190 6260 0
1190 1191 6262 0
1191 1192 6264 0
1192 1193 6266 0
1193 1194 6268 0
1194 1195 6270 0
1195 1196 6272 0
1196 1197 6274 0
1197 1198 6276 0
1198 1199 6278 0
1199 1200 6280 0
1200 1201 6282 0
1201 1202 6284 0
1202 1203 6286 0
1203 1204 6288 0
1204 1205 6290 0
1205 1206 6292 0
1206 1207 6294 0
1207 1208 6296 0
1208 1209 6298 0
1209 1210 6300 0
1210 1211 6302 0
1211 1212 6304 0
1212 1213 6306 0
1213 1214 6308 0
1214 1215 6310 0
1215 1216 6312 0
1216 1217 6314 0
1217 1218 6316 0
1218 1219 6318 0
1219 1220 6320 0
1220 1221 6322 0
1221 1222 6324 0
1222 1223 6326 0
1223 1224 6328 0
1224 1225 6330 0
1225 1226 6332 0
1226 1227 6334 0
1227 1228 6336 0
1228 1229 6338 0
1229 1230 6340 0
1230 1231 6342 0
1231 1232 6344 0
1232 1233 6346 0
1233 1234 6348 0
1234 1235 6350 0
1235 1236 6352 0
1236 1237 6354 0
1237 1238 6356 0
1238 1239 6358 0
1239 1240 6360 0
1240 1241 6362 0
1241 1242 6364 0
1242 1243 6366 0
1243 1244 6368 0
1244 1245 6370 0
1245 1246 6372 0
1246 1247 6374 0
1247 1248 6376 0
1248 1249 6378 0
1249 1250 6380 0
1250 1251 6382 0
1251 1252 6384 0
1252 1253 6386 0
1253 1254 6388 0
1254 1255 6390 0
1255 1256 6392 0
1256 1257 6394 0
1257 1258 6396 0
1258 1259 6398 0
1259 1260 6400 0
1260 1261 6402 0
1261 1262 6404 0
1262 1263 6406 0
1263 1264 6408 0
1264 1265 6410 0
1265 1266 6412 0
1266 1267 6414 0
1267 1268 6416 0
1268 1269 6418 0
1269 1270 6420 0
1270 1271 6422 0
1271 1272 6424 0
1272 1273 6426 0
1273 1274 6428 0
1274 1275 6430 0
1275 1276 6432 0
1276 1277 6434 0
1277 1278 6436 0
1278 1279 6438 0
1279 1280 6440 0
1280 1281 6442 0
1281 1282 6444 0
1282 1283 6446 0
1283 1284 6448 0
1284 1285 6450 0
1285 1286 6452 0
1286 1287 6454 0
1287 1288 6456 0
1288 1289 6458 0
1289 1290 6460 0
1290 1291 6462 0
1291 1292 6464 0
1292 1293 6466 0
1293 1294 6468 0
1294 1295 6470 0
1295 1296 6472 0
1296 1297 6474 0
1297 1298 6476 0
1298 1299 6478 0
1299 1300 6480 0
1300 1301 6482 0
1301 1302 6484 0
1302 1303 6486 0
1303 1304 6488 0
1304 1305 6490 0
1305 1306 6492 0
1306 1307 6494 0
1307 1308 6496 0
1308 1309 6498 0
1309 1310 6500 0
1310 1311 6502 0
1311 1312 6504 0
1312 1313 6506 0
1313 1314 6508 0
1314 1315 6510 0
1315 1316 6512 0
1316 1317 6514 0
1317 1318 6516 0
1318 1319 6518 0
1319 1320 6520 0
1320 1321 6522 0
1321 1322 6524 0
1322 1323 6526 0
1323 1324 6528 0
1324 1325 6530 0
1325 1326 6532 0
1326 1327 6534 0
1327 1328 6536 0
1328 1329 6538 0
1329 1330 6540 0
1330 1331 6542 0
1331 1332 6544 0
1332 1333 6546 0
1333 1334 6548 0
1334 1335 6550 0
1335 1336 6552 0
1336 1337 6554 0
1337 1338 6556 0
1338 1339 6558 0
1339 1340 6560 0
1340 1341 6562 0
1341 1342 6564 0
1342 1343 6566 0
1343 1344 6568 0
1344 1345 6570 0
1345 1346 6572 0
1346 1347 6574 0
1347 1348 6576 0
1348 1349 6578 0
1349 1350 6580 0
1350 1351 6582 0
1351 1352 6584 0
1352 1353 6586 0
1353 1354 6588 0
1354 1355 6590 0
1355 1356 6592 0
1356 1357 6594 0
1357 1358 6596 0
1358 1359 6598 0
1359 1360 6600 0
1360 1361 6602 0
1361 1362 6604 0
1362 1363 6606 0
1363 1364 831 0
1364 1365 818 0
1365 196 6 0
196 1366 5 0
1366 1367 798 0
1367 1368 801 0
1368 197 4 0
197 1369 3 0
1369 1370 809 0
1370 1371 821 0
1371 1372 832 0
1372 1373 834 0
1373 1374 836 0
1374 1375 838 0
1375 1376 841 0
1376 1377 843 0
1377 1378 846 0
1378 1379 848 0
1379 1380 851 0
1380 1381 853 0
1381 1382 856 0
1382 1383 858 0
1383 1384 861 0
1384 1385 863 0
1385 1386 866 0
1386 1387 868 0
1387 1388 871 0
1388 1389 873 0
1389 1390 876 0
1390 1391 878 0
1391 1392 881 0
1392 1393 883 0
1393 1394 886 0
1394 1395 888 0
1395 1396 891 0
1396 1397 893 0
1397 1398 896 0
1398 1399 898 0
1399 1400 901 0
1400 1401 903 0
1401 1402 906 0
1402 1403 908 0
1403 1404 911 0
1404 1405 913 0
1405 1406 916 0
1406 1407 918 0
1407 1408 921 0
1408 1409 923 0
1409 1410 926 0
1410 1411 928 0
1411 1412 931 0
1412 1413 933 0
1413 1414 936 0
1414 1415 938 0
1415 1416 941 0
1416 1417 943 0
1417 1418 946 0
1418 1419 948 0
1419 1420 951 0
1420 1421 953 0
1421 1422 956 0
1422 1423 958 0
1423 1424 961 0
1424 1425 963 0
1425 1426 966 0
1426 1427 968 0
1427 1428 971 0
1428 1429 973 0
1429 1430 976 0
1430 1431 978 0
1431 1432 981 0
1432 1433 983 0
1433 1434 986 0
1434 1435 988 0
1435 1436 991 0
1436 1437 993 0
1437 1438 996 0
1438 1439 998 0
1439 1440 1001 0
1440 1441 1003 0
1441 1442 1006 0
1442 1443 1008 0
1443 1444 1011 0
1444 1445 1013 0
1445 1446 1016 0
1446 1447 1018 0
1447 1448 1021 0
1448 1449 1023 0
1449 1450 1026 0
1450 1451 1028 0
1451 1452 1031 0
1452 1453 1033 0
1453 1454 1036 0
1454 1455 1038 0
1455 1456 1041 0
1456 1457 1043 0
1457 1458 1046 0
1458 1459 1048 0
1459 1460 1051 0
1460 1461 1053 0
1461 1462 1056 0
1462 1463 1058 0
1463 1464 1061 0
1464 1465 1063 0
1465 1466 1066 0
1466 1467 1068 0
1467 1468 1071 0
1468 1469 1073 0
1469 1470 1076 0
1470 1471 1078 0
1471 1472 1081 0
1472 1473 1083 0
1473 1474 1086 0
1474 1475 1088 0
1475 1476 1091 0
1476 1477 1093 0
1477 1478 1096 0
1478 1479 1098 0
1479 1480 1101 0
1480 1481 1103 0
1481 1482 1106 0
1482 1483 1108 0
1483 1484 1111 0
1484 1485 1113 0
1485 1486 1116 0
1486 1487 1118 0
1487 1488 1121 0
1488 1489 1123 0
1489 1490 1126 0
1490 1491 1128 0
1491 1492 1131 0
1492 1493 1133 0
1493 1494 1136 0
1494 1495 1138 0
1495 1496 1141 0
1496 1497 1143 0
1497 1498 1146 0
1498 1499 1148 0
1499 1500 1151 0
1500 1501 1153 0
1501 1502 1156 0
1502 1503 1158 0
1503 1504 1161 0
1504 1505 1163 0
1505 1506 1166 0
1506 1507 1168 0
1507 1508 1171 0
1508 1509 1173 0
1509 1510 1176 0
1510 1511 1178 0
1511 1512 1181 0
1512 1513 1183 0
1513 1514 1186 0
1514 1515 1188 0
1515 1516 1191 0
1516 1517 1193 0
1517 1518 1196 0
1518 1519 1198 0
1519 1520 1201 0
1520 1521 1203 0
1521 1522 1206 0
1522 1523 1208 0
1523 1524 1211 0
1524 1525 1213 0
1525 1526 1216 0
1526 1527 1218 0
1527 1528 1221 0
1528 1529 1223 0
1529 1530 1226 0
1530 1531 1228 0
1531 1532 1231 0
1532 1533 1233 0
1533 1534 1236 0
1534 1535 1238 0
1535 1536 1241 0
1536 1537 1243 0
1537 1538 1246 0
1538 1539 1248 0
1539 1540 1251 0
1540 1541 1253 0
1541 1542 1256 0
1542 1543 1258 0
1543 1544 1261 0
1544 1545 1263 0
1545 1546 1266 0
1546 1547 1268 0
1547 1548 1271 0
1548 1549 1273 0
1549 1550 1276 0
1550 1551 1278 0
1551 1552 1281 0
1552 1553 1283 0
1553 1554 1286 0
1554 1555 1288 0
1555 1556 1291 0
1556 1557 1293 0
1557 1558 1296 0
1558 1559 1298 0
1559 1560 1301 0
1560 1561 1303 0
1561 1562 1306 0
1562 1563 1308 0
1563 1564 1311 0
1564 1565 1313 0
1565 1566 1316 0
1566 1567 1318 0
1567 1568 1321 0
1568 1569 1323 0
1569 1570 1326 0
1570 1571 1328 0
1571 1572 1331 0
1572 1573 1333 0
1573 1574 1336 0
1574 1575 1338 0
1575 1576 1341 0
1576 1577 1343 0
1577 1578 1346 0
1578 1579 1348 0
1579 1580 1351 0
1580 1581 1353 0
1581 1582 1356 0
1582 1583 1358 0
1583 1584 1361 0
1584 1585 1363 0
1585 1586 1366 0
1586 1587 1368 0
1587 1588 1371 0
1588 1589 1373 0
1589 1590 1376 0
1590 1591 1378 0
1591 1592 1381 0
1592 1593 1383 0
1593 1594 1386 0
1594 1595 1388 0
1595 1596 1391 0
1596 1597 1393 0
1597 1598 1396 0
1598 1599 1398 0
1599 1600 1400 0
1600 1601 1402 0
1601 1602 1405 0
1602 1603 1407 0
1603 1604 1409 0
1604 1605 1411 0
1605 1606 1414 0
1606 1607 1416 0
1607 1608 1418 0
1608 1609 1420 0
1609 1610 1423 0
1610 1611 1425 0
1611 1612 1427 0
1612 1613 1429 0
1613 1614 1432 0
1614 1615 1434 0
1615 1616 1436 0
1616 1617 1438 0
1617 1618 1441 0
1618 1619 1443 0
1619 1620 1445 0
1620 1621 1447 0
1621 1622 1450 0
1622 1623 1452 0
1623 1624 1454 0
1624 1625 1456 0
1625 1626 1459 0
1626 1627 1461 0
1627 1628 1463 0
1628 1629 1465 0
1629 1630 1468 0
1630 1631 1470 0
1631 1632 1472 0
1632 1633 1474 0
1633 1634 1477 0
1634 1635 1479 0
1635 1636 1481 0
1636 1637 1483 0
1637 1638 1486 0
1638 1639 1488 0
1639 1640 1490 0
1640 1641 1492 0
1641 1642 1495 0
1642 1643 1497 0
1643 1644 1499 0
1644 1645 1501 0
1645 1646 1504 0
1646 1647 1506 0
1647 1648 1508 0
1648 1649 1510 0
1649 1650 1513 0
1650 1651 1515 0
1651 1652 1517 0
1652 1653 1519 0
1653 1654 1522 0
1654 1655 1524 0
1655 1656 1526 0
1656 1657 1528 0
1657 1658 1531 0
1658 1659 1533 0
1659 1660 1535 0
1660 1661 1537 0
1661 1662 1540 0
1662 1663 1542 0
1663 1664 1544 0
1664 1665 1546 0
1665 1666 1549 0
1666 1667 1551 0
1667 1668 1553 0
1668 1669 1555 0
1669 1670 1558 0
1670 1671 1560 0
1671 1672 1562 0
1672 1673 1564 0
1673 1674 1567 0
1674 1675 1569 0
1675 1676 1571 0
1676 1677 1573 0
1677 1678 1576 0
1678 1679 1578 0
1679 1680 1580 0
1680 1681 1582 0
1681 1682 1585 0
1682 1683 1587 0
1683 1684 1589 0
1684 1685 1591 0
1685 1686 1594 0
1686 1687 1596 0
1687 1688 1598 0
1688 1689 1600 0
1689 1690 1603 0
1690 1691 1605 0
1691 1692 1607 0
1692 1693 1609 0
1693 1694 1612 0
1694 1695 1614 0
1695 1696 1616 0
1696 1697 1618 0
1697 1698 1621 0
1698 1699 1623 0
1699 1700 1625 0
1700 1701 1627 0
1701 1702 1630 0
1702 1703 1632 0
1703 1704 1634 0
1704 1705 1636 0
1705 1706 1639 0
1706 1707 1641 0
1707 1708 1643 0
1708 1709 1645 0
1709 1710 1648 0
1710 1711 1650 0
1711 1712 1652 0
1712 1713 1654 0
1713 1714 1657 0
1714 1715 1659 0
1715 1716 1661 0
1716 1717 1663 0
1717 1718 1666 0
1718 1719 1668 0
1719 1720 1670 0
1720 1721 1672 0
1721 1722 1675 0
1722 1723 1677 0
1723 1724 1679 0
1724 1725 1681 0
1725 1726 1684 0
1726 1727 1686 0
1727 1728 1688 0
1728 1729 1690 0
1729 1730 1693 0
1730 1731 1695 0
1731 1732 1697 0
1732 1733 1699 0
1733 1734 1702 0
1734 1735 1704 0
1735 1736 1706 0
1736 1737 1708 0
1737 1738 1711 0
1738 1739 1713 0
1739 1740 1715 0
1740 1741 1717 0
1741 1742 1720 0
1742 1743 1722 0
1743 1744 1724 0
1744 1745 1726 0
1745 1746 1729 0
1746 1747 1731 0
1747 1748 1733 0
1748 1749 1735 0
1749 1750 1738 0
1750 1751 1740 0
1751 1752 1743 0
1752 1753 1745 0
1753 1754 1748 0
1754 1755 1750 0
1755 1756 1752 0
1756 1757 1754 0
1757 1758 1757 0
1758 1759 1759 0
1759 1760 1761 0
1760 1761 1763 0
1761 1762 1766 0
1762 1763 1768 0
1763 1764 1771 0
1764 1765 1773 0
1765 1766 1776 0
1766 1767 1778 0
1767 1768 1780 0
1768 1769 1782 0
1769 1770 1785 0
1770 1771 1787 0
1771 1772 1789 0
1772 1773 1791 0
1773 1774 1794 0
1774 1775 1796 0
1775 1776 1799 0
1776 1777 1801 0
1777 1778 1804 0
1778 1779 1806 0
1779 1780 1808 0
1780 1781 1810 0
1781 1782 1813 0
1782 1783 1815 0
1783 1784 1818 0
1784 1785 1820 0
1785 1786 1823 0
1786 1787 1825 0
1787 1788 1827 0
1788 1789 1829 0
1789 1790 1832 0
1790 1791 1834 0
1791 1792 1837 0
1792 1793 1839 0
1793 1794 1842 0
1794 1795 1844 0
1795 1796 1846 0
1796 1797 1848 0
1797 1798 1851 0
1798 1799 1853 0
1799 1800 1856 0
1800 1801 1858 0
1801 1802 1861 0
1802 1803 1863 0
1803 1804 1865 0
1804 1805 1867 0
1805 1806 1870 0
1806 1807 1872 0
1807 1808 1875 0
1808 1809 1877 0
1809 1810 1880 0
1810 1811 1882 0
1811 1812 1884 0
1812 1813 1886 0
1813 1814 1889 0
1814 1815 1891 0
1815 1816 1894 0
1816 1817 1896 0
1817 1818 1899 0
1818 1819 1901 0
1819 1820 1903 0
1820 1821 1905 0
1821 1822 1908 0
1822 1823 1910 0
1823 1824 1913 0
1824 1825 1915 0
1825 1826 1918 0
1826 1827 1920 0
1827 1828 1922 0
1828 1829 1924 0
1829 1830 1927 0
1830 1831 1929 0
1831 1832 1932 0
1832 1833 1934 0
1833 1834 1937 0
1834 1835 1939 0
1835 1836 1941 0
1836 1837 1943 0
1837 1838 1946 0
1838 1839 1948 0
1839 1840 1951 0
1840 1841 1953 0
1841 1842 1956 0
1842 1843 1958 0
1843 1844 1960 0
1844 1845 1962 0
1845 1846 1965 0
1846 1847 1967 0
1847 1848 1970 0
1848 1849 1972 0
1849 1850 1975 0
1850 1851 1977 0
1851 1852 1979 0
1852 1853 1981 0
1853 1854 1984 0
1854 1855 1986 0
1855 1856 1989 0
1856 1857 1991 0
1857 1858 1994 0
1858 1859 1996 0
1859 1860 1998 0
1860 1861 2000 0
1861 1862 2003 0
1862 1863 2005 0
1863 1864 2008 0
1864 1865 2010 0
1865 1866 2013 0
1866 1867 2015 0
1867 1868 2017 0
1868 1869 2019 0
1869 1870 2022 0
1870 1871 2024 0
1871 1872 2027 0
1872 1873 2029 0
1873 1874 2032 0
1874 1875 2034 0
1875 1876 2036 0
1876 1877 2038 0
1877 1878 2041 0
1878 1879 2043 0
1879 1880 2046 0
1880 1881 2048 0
1881 1882 2050 0
1882 1883 2052 0
1883 1884 2055 0
1884 1885 2057 0
1885 1886 2059 0
1886 1887 2061 0
1887 1888 2064 0
1888 1889 2066 0
1889 1890 2069 0
1890 1891 2071 0
1891 1892 2073 0
1892 1893 2075 0
1893 1894 2078 0
1894 1895 2080 0
1895 1896 2082 0
1896 1897 2084 0
1897 1898 2087 0
1898 1899 2089 0
1899 1900 2092 0
1900 1901 2094 0
1901 1902 2096 0
1902 1903 2098 0
1903 1904 2101 0
1904 1905 2103 0
1905 1906 2105 0
1906 1907 2107 0
1907 1908 2110 0
1908 1909 2112 0
1909 1910 2115 0
1910 1911 2117 0
1911 1912 2119 0
1912 1913 2121 0
1913 1914 2124 0
1914 1915 2126 0
1915 1916 2128 0
1916 1917 2130 0
1917 1918 2133 0
1918 1919 2135 0
1919 1920 2138 0
1920 1921 2140 0
1921 1922 2142 0
1922 1923 2144 0
1923 1924 2147 0
1924 1925 2149 0
1925 1926 2151 0
1926 1927 2153 0
1927 1928 2156 0
1928 1929 2158 0
1929 1930 2161 0
1930 1931 2163 0
1931 1932 2165 0
1932 1933 2167 0
1933 1934 2170 0
1934 1935 2172 0
1935 1936 2175 0
1936 1937 2177 0
1937 1938 2179 0
1938 1939 2181 0
1939 1940 2184 0
1940 1941 2186 0
1941 1942 2189 0
1942 1943 2191 0
1943 1944 2193 0
1944 1945 2195 0
1945 1946 2198 0
1946 1947 2200 0
1947 1948 2203 0
1948 1949 2205 0
1949 1950 2208 0
1950 1951 820 0
1951 198 797 0
198 1952 795 0
1952 199 793 0
199 1953 791 0
1953 200 789 0
200 1954 787 0
1954 201 785 0
201 1955 783 0
1955 202 781 0
202 1956 779 0
1956 203 777 0
203 1957 775 0
1957 204 773 0
204 1958 771 0
1958 205 769 0
205 1959 767 0
1959 206 765 0
206 1960 763 0
1960 207 761 0
207 1961 759 0
1961 208 757 0
208 1962 755 0
1962 209 753 0
209 1963 751 0
1963 210 749 0
210 1964 747 0
1964 211 745 0
211 1965 743 0
1965 212 741 0
212 1966 739 0
1966 213 737 0
213 1967 735 0
1967 214 733 0
214 1968 731 0
1968 215 729 0
215 1969 727 0
1969 216 725 0
216 1970 723 0
1970 217 721 0
217 1971 719 0
1971 218 717 0
218 1972 715 0
1972 219 713 0
219 1973 711 0
1973 220 709 0
220 1974 707 0
1974 221 705 0
221 1975 703 0
1975 222 701 0
222 1976 699 0
1976 223 697 0
223 1977 695 0
1977 224 693 0
224 1978 691 0
1978 225 689 0
225 1979 687 0
1979 226 685 0
226 1980 683 0
1980 227 681 0
227 1981 679 0
1981 228 677 0
228 1982 675 0
1982 229 673 0
229 1983 671 0
1983 230 669 0
230 1984 667 0
1984 231 665 0
231 1985 663 0
1985 232 661 0
232 1986 659 0
1986 233 657 0
233 1987 655 0
1987 234 653 0
234 1988 651 0
1988 235 649 0
235 1989 647 0
1989 236 645 0
236 1990 643 0
1990 237 641 0
237 1991 639 0
1991 238 637 0
238 1992 635 0
1992 239 633 0
239 1993 631 0
1993 240 629 0
240 1994 627 0
1994 241 625 0
241 1995 623 0
1995 242 621 0
242 1996 619 0
1996 243 617 0
243 1997 615 0
1997 244 613 0
244 1998 611 0
1998 245 609 0
245 1999 607 0
1999 246 605 0
246 2000 603 0
2000 247 601 0
247 2001 599 0
2001 248 597 0
248 2002 595 0
2002 249 593 0
249 2003 591 0
2003 250 589 0
250 2004 587 0
2004 251 585 0
251 2005 583 0
2005 252 581 0
252 2006 579 0
2006 253 577 0
253 2007 575 0
2007 254 573 0
254 2008 571 0
2008 255 569 0
255 2009 567 0
2009 256 565 0
256 2010 563 0
2010 257 561 0
257 2011 559 0
2011 258 557 0
258 2012 555 0
2012 259 553 0
259 2013 551 0
2013 260 549 0
260 2014 547 0
2014 261 545 0
261 2015 543 0
2015 262 541 0
262 2016 539 0
2016 263 537 0
263 2017 535 0
2017 264 533 0
264 2018 531 0
2018 265 529 0
265 2019 527 0
2019 266 525 0
266 2020 523 0
2020 267 521 0
267 2021 519 0
2021 268 517 0
268 2022 515 0
2022 269 513 0
269 2023 511 0
2023 270 509 0
270 2024 507 0
2024 271 505 0
271 2025 503 0
2025 272 501 0
272 2026 499 0
2026 273 497 0
273 2027 495 0
2027 274 493 0
274 2028 491 0
2028 275 489 0
275 2029 487 0
2029 276 485 0
276 2030 483 0
2030 277 481 0
277 2031 479 0
2031 278 477 0
278 2032 475 0
2032 279 473 0
279 2033 471 0
2033 280 469 0
280 2034 467 0
2034 281 465 0
281 2035 463 0
2035 282 461 0
282 2036 459 0
2036 283 457 0
283 2037 455 0
2037 284 453 0
284 2038 451 0
2038 285 449 0
285 2039 447 0
2039 286 445 0
286 2040 443 0
2040 287 441 0
287 2041 439 0
2041 288 437 0
288 2042 435 0
2042 289 433 0
289 2043 431 0
2043 290 429 0
290 2044 427 0
2044 291 425 0
291 2045 423 0
2045 292 421 0
292 2046 419 0
2046 293 417 0
293 2047 415 0
2047 294 413 0
294 2048 411 0
2048 295 409 0
295 2049 407 0
2049 296 405 0
296 2050 403 0
2050 297 401 0
297 2051 399 0
2051 298 397 0
298 2052 395 0
2052 299 393 0
299 2053 391 0
2053 300 389 0
300 2054 387 0
2054 301 385 0
301 2055 383 0
2055 302 381 0
302 2056 379 0
2056 303 377 0
303 2057 375 0
2057 304 373 0
304 2058 371 0
2058 305 369 0
305 2059 367 0
2059 306 365 0
306 2060 363 0
2060 307 361 0
307 2061 359 0
2061 308 357 0
308 2062 355 0
2062 309 353 0
309 2063 351 0
2063 310 349 0
310 2064 347 0
2064 311 345 0
311 2065 343 0
2065 312 341 0
312 2066 339 0
2066 313 337 0
313 2067 335 0
2067 314 333 0
314 2068 331 0
2068 315 329 0
315 2069 327 0
2069 316 325 0
316 2070 323 0
2070 317 321 0
317 2071 319 0
2071 318 317 0
318 2072 315 0
2072 319 313 0
319 2073 311 0
2073 320 309 0
320 2074 307 0
2074 321 305 0
321 2075 303 0
2075 322 301 0
322 2076 299 0
2076 323 297 0
323 2077 295 0
2077 324 293 0
324 2078 291 0
2078 325 289 0
325 2079 287 0
2079 326 285 0
326 2080 283 0
2080 327 281 0
327 2081 279 0
2081 328 277 0
328 2082 275 0
2082 329 273 0
329 2083 271 0
2083 330 269 0
330 2084 267 0
2084 331 265 0
331 2085 263 0
2085 332 261 0
332 2086 259 0
2086 333 257 0
333 2087 255 0
2087 334 253 0
334 2088 251 0
2088 335 249 0
335 2089 247 0
2089 336 245 0
336 2090 243 0
2090 337 241 0
337 2091 239 0
2091 338 237 0
338 2092 235 0
2092 339 233 0
339 2093 231 0
2093 340 229 0
340 2094 227 0
2094 341 225 0
341 2095 223 0
2095 342 221 0
342 2096 219 0
2096 343 217 0
343 2097 215 0
2097 344 213 0
344 2098 211 0
2098 345 209 0
345 2099 207 0
2099 346 205 0
346 2100 203 0
2100 347 201 0
347 2101 199 0
2101 348 197 0
348 2102 195 0
2102 349 193 0
349 2103 191 0
2103 350 189 0
350 2104 187 0
2104 351 185 0
351 2105 183 0
2105 352 181 0
352 2106 179 0
2106 353 177 0
353 2107 175 0
2107 354 173 0
354 2108 171 0
2108 355 169 0
355 2109 167 0
2109 356 165 0
356 2110 163 0
2110 357 161 0
357 2111 159 0
2111 358 157 0
358 2112 155 0
2112 359 153 0
359 2113 151 0
2113 360 149 0
360 2114 147 0
2114 361 145 0
361 2115 143 0
2115 362 141 0
362 2116 139 0
2116 363 137 0
363 2117 135 0
2117 364 133 0
364 2118 131 0
2118 365 129 0
365 2119 127 0
2119 366 125 0
366 2120 123 0
2120 367 121 0
367 2121 119 0
2121 368 117 0
368 2122 115 0
2122 369 113 0
369 2123 111 0
2123 370 109 0
370 2124 107 0
2124 371 105 0
371 2125 103 0
2125 372 101 0
372 2126 99 0
2126 373 97 0
373 2127 95 0
2127 374 93 0
374 2128 91 0
2128 375 89 0
375 2129 87 0
2129 376 85 0
376 2130 83 0
2130 377 81 0
377 2131 79 0
2131 378 77 0
378 2132 75 0
2132 379 73 0
379 2133 71 0
2133 380 69 0
380 2134 67 0
2134 381 65 0
381 2135 63 0
2135 382 61 0
382 2136 59 0
2136 383 57 0
383 2137 55 0
2137 384 53 0
384 2138 51 0
2138 385 49 0
385 2139 47 0
2139 386 45 0
386 2140 43 0
2140 387 41 0
387 2141 39 0
2141 388 37 0
388 2142 35 0
2142 389 33 0
389 2143 31 0
2143 390 29 0
390 2144 27 0
2144 391 25 0
391 2145 23 0
2145 392 21 0
392 2146 19 0
2146 393 17 0
393 2147 15 0
2147 394 13 0
394 2148 11 0
2148 1 2 0
395 2149 10545 0
2149 396 10547 0
396 2150 13869 0
2150 397 13867 0
397 2151 13865 0
2151 398 13863 0
398 2152 13861 0
2152 399 13859 0
399 2153 13857 0
2153 400 13855 0
400 2154 13853 0
2154 401 13851 0
401 2155 13849 0
2155 402 13847 0
402 2156 13845 0
2156 403 13843 0
403 2157 13841 0
2157 404 13839 0
404 2158 13837 0
2158 405 13835 0
405 2159 13833 0
2159 406 13831 0
406 2160 13829 0
2160 407 13827 0
407 2161 13825 0
2161 408 13823 0
408 2162 13821 0
2162 409 13819 0
409 2163 13817 0
2163 410 13815 0
410 2164 13813 0
2164 411 13811 0
411 2165 13809 0
2165 412 13807 0
412 2166 13805 0
2166 413 13803 0
413 2167 13801 0
2167 414 13799 0
414 2168 13797 0
2168 415 13795 0
415 2169 13793 0
2169 416 13791 0
416 2170 13789 0
2170 417 13787 0
417 2171 13785 0
2171 418 13783 0
418 2172 13781 0
2172 419 13779 0
419 2173 13777 0
2173 420 13775 0
420 2174 13773 0
2174 421 13771 0
421 2175 13769 0
2175 422 13767 0
422 2176 13765 0
2176 423 13763 0
423 2177 13761 0
2177 424 13759 0
424 2178 13757 0
2178 425 13755 0
425 2179 13753 0
2179 426 13751 0
426 2180 13749 0
2180 427 13747 0
427 2181 13745 0
2181 428 13743 0
428 2182 13741 0
2182 429 13739 0
429 2183 13737 0
2183 430 13735 0
430 2184 13733 0
2184 431 13731 0
431 2185 13729 0
2185 432 13727 0
432 2186 13725 0
2186 433 13723 0
433 2187 13721 0
2187 434 13719 0
434 2188 13717 0
2188 435 13715 0
435 2189 13713 0
2189 436 13711 0
436 2190 13709 0
2190 437 13707 0
437 2191 13705 0
2191 438 13703 0
438 2192 13701 0
2192 439 13699 0
439 2193 13697 0
2193 440 13695 0
440 2194 13693 0
2194 441 13691 0
441 2195 13689 0
2195 442 13687 0
442 2196 13685 0
2196 443 13683 0
443 2197 13681 0
2197 444 13679 0
444 2198 13677 0
2198 445 13675 0
445 2199 13673 0
2199 446 13671 0
446 2200 13669 0
2200 447 13667 0
447 2201 13665 0
2201 448 13663 0
448 2202 13661 0
2202 449 13659 0
449 2203 13657 0
2203 450 13655 0
450 2204 13653 0
2204 451 13651 0
451 2205 13649 0
2205 452 13647 0
452 2206 13645 0
2206 453 13643 0
453 2207 13641 0
2207 454 13639 0
454 2208 13637 0
2208 455 13635 0
455 2209 13633 0
2209 456 13631 0
456 2210 13629 0
2210 457 13627 0
457 2211 13625 0
2211 458 13623 0
458 2212 13621 0
2212 459 13619 0
459 2213 13617 0
2213 460 13615 0
460 2214 13613 0
2214 461 13611 0
461 2215 13609 0
2215 462 13607 0
462 2216 13605 0
2216 463 13603 0
463 2217 13601 0
2217 464 13599 0
464 2218 13597 0
2218 465 13595 0
465 2219 13593 0
2219 466 13591 0
466 2220 13589 0
2220 467 13587 0
467 2221 13585 0
2221 468 13583 0
468 2222 13581 0
2222 469 13579 0
469 2223 13577 0
2223 470 13575 0
470 2224 13573 0
2224 471 13571 0
471 2225 13569 0
2225 472 13567 0
472 2226 13565 0
2226 473 13563 0
473 2227 13561 0
2227 474 13559 0
474 2228 13557 0
2228 475 13555 0
475 2229 13553 0
2229 476 13551 0
476 2230 13549 0
2230 477 13547 0
477 2231 13545 0
2231 478 13543 0
478 2232 13541 0
2232 479 13539 0
479 2233 13537 0
2233 480 13535 0
480 2234 13533 0
2234 481 13531 0
481 2235 13529 0
2235 482 13527 0
482 2236 13525 0
2236 483 13523 0
483 2237 13521 0
2237 484 13519 0
484 2238 13517 0
2238 485 13515 0
485 2239 13513 0
2239 486 13511 0
486 2240 13509 0
2240 487 13507 0
487 2241 13505 0
2241 488 13503 0
488 2242 13501 0
2242 489 13499 0
489 2243 13497 0
2243 490 13495 0
490 2244 13493 0
2244 491 13491 0
491 2245 13489 0
2245 492 13487 0
492 2246 13485 0
2246 493 13483 0
493 2247 13481 0
2247 494 13479 0
494 2248 13477 0
2248 495 13475 0
495 2249 13473 0
2249 496 13471 0
496 2250 13469 0
2250 497 13467 0
497 2251 13465 0
2251 498 13463 0
498 2252 13461 0
2252 499 13459 0
499 2253 13457 0
2253 500 13455 0
500 2254 13453 0
2254 501 13451 0
501 2255 13449 0
2255 502 13447 0
502 2256 13445 0
2256 503 13443 0
503 2257 13441 0
2257 504 13439 0
504 2258 13437 0
2258 505 13435 0
505 2259 13433 0
2259 506 13431 0
506 2260 13429 0
2260 507 13427 0
507 2261 13425 0
2261 508 13423 0
508 2262 13421 0
2262 509 13419 0
509 2263 13417 0
2263 510 13415 0
510 2264 13413 0
2264 511 13411 0
511 2265 13409 0
2265 512 13407 0
512 2266 13405 0
2266 513 13403 0
513 2267 13401 0
2267 514 13399 0
514 2268 13397 0
2268 515 13395 0
515 2269 13393 0
2269 516 13391 0
516 2270 13389 0
2270 517 13387 0
517 2271 13385 0
2271 518 13383 0
518 2272 13381 0
2272 519 13379 0
519 2273 13377 0
2273 520 13375 0
520 2274 13373 0
2274 521 13371 0
521 2275 13369 0
2275 522 13367 0
522 2276 13365 0
2276 523 13363 0
523 2277 13361 0
2277 524 13359 0
524 2278 13357 0
2278 525 13355 0
525 2279 13353 0
2279 526 13351 0
526 2280 13349 0
2280 527 13347 0
527 2281 13345 0
2281 528 13343 0
528 2282 13341 0
2282 529 13339 0
529 2283 13337 0
2283 530 13335 0
530 2284 13333 0
2284 531 13331 0
531 2285 13329 0
2285 532 13327 0
532 2286 13325 0
2286 533 13323 0
533 2287 13321 0
2287 534 13319 0
534 2288 13317 0
2288 535 13315 0
535 2289 13313 0
2289 536 13311 0
536 2290 13309 0
2290 537 13307 0
537 2291 13305 0
2291 538 13303 0
538 2292 13301 0
2292 539 13299 0
539 2293 13297 0
2293 540 13295 0
540 2294 13293 0
2294 541 13291 0
541 2295 13289 0
2295 542 13287 0
542 2296 13285 0
2296 543 13283 0
543 2297 13281 0
2297 544 13279 0
544 2298 13277 0
2298 545 13275 0
545 2299 13273 0
2299 546 13271 0
546 2300 13269 0
2300 547 13267 0
547 2301 13265 0
2301 548 13263 0
548 2302 13261 0
2302 549 13259 0
549 2303 13257 0
2303 550 13255 0
550 2304 13253 0
2304 551 13251 0
551 2305 13249 0
2305 552 13247 0
552 2306 13245 0
2306 553 13243 0
553 2307 13241 0
2307 554 13239 0
554 2308 13237 0
2308 555 13235 0
555 2309 13233 0
2309 556 13231 0
556 2310 13229 0
2310 557 13227 0
557 2311 13225 0
2311 558 13223 0
558 2312 13221 0
2312 559 13219 0
559 2313 13217 0
2313 560 13215 0
560 2314 13213 0
2314 561 13211 0
561 2315 13209 0
2315 562 13207 0
562 2316 13205 0
2316 563 13203 0
563 2317 13201 0
2317 564 13199 0
564 2318 13197 0
2318 565 13195 0
565 2319 13193 0
2319 566 13191 0
566 2320 13189 0
2320 567 13187 0
567 2321 13185 0
2321 568 13183 0
568 2322 13181 0
2322 569 13179 0
569 2323 13177 0
2323 570 13175 0
570 2324 13173 0
2324 571 13171 0
571 2325 13169 0
2325 572 13167 0
572 2326 13165 0
2326 573 13163 0
573 2327 13161 0
2327 574 13159 0
574 2328 13157 0
2328 575 13155 0
575 2329 13153 0
2329 576 13151 0
576 2330 13149 0
2330 577 13147 0
577 2331 13145 0
2331 578 13143 0
578 2332 13141 0
2332 579 13139 0
579 2333 13137 0
2333 580 13135 0
580 2334 13133 0
2334 581 13131 0
581 2335 13129 0
2335 582 13127 0
582 2336 13125 0
2336 583 13119 0
583 2337 13118 0
2337 584 12341 0
584 2338 12334 0
2338 2339 12328 0
2339 2340 12321 0
2340 2341 12315 0
2341 2342 12308 0
2342 2343 12302 0
2343 2344 12295 0
2344 2345 12289 0
2345 2346 12282 0
2346 2347 12276 0
2347 2348 12269 0
2348 2349 12263 0
2349 2350 12256 0
2350 2351 12250 0
2351 2352 12243 0
2352 2353 12237 0
2353 2354 12230 0
2354 2355 12224 0
2355 2356 12217 0
2356 2357 12211 0
2357 2358 12204 0
2358 2359 12198 0
2359 2360 12191 0
2360 2361 12185 0
2361 2362 12178 0
2362 2363 12172 0
2363 2364 12165 0
2364 2365 12159 0
2365 2366 12152 0
2366 2367 12146 0
2367 2368 12139 0
2368 2369 12133 0
2369 2370 12126 0
2370 2371 12120 0
2371 2372 12113 0
2372 2373 12107 0
2373 2374 12100 0
2374 2375 12094 0
2375 2376 12087 0
2376 2377 12081 0
2377 2378 12074 0
2378 2379 12068 0
2379 2380 12061 0
2380 2381 12055 0
2381 2382 12048 0
2382 2383 12042 0
2383 2384 12035 0
2384 2385 12029 0
2385 2386 12022 0
2386 2387 12016 0
2387 2388 12009 0
2388 2389 12003 0
2389 2390 11996 0
2390 2391 11990 0
2391 2392 11983 0
2392 2393 11977 0
2393 2394 11970 0
2394 2395 11964 0
2395 2396 11957 0
2396 2397 11951 0
2397 2398 11944 0
2398 2399 11938 0
2399 2400 11931 0
2400 2401 11925 0
2401 2402 11918 0
2402 2403 11912 0
2403 2404 11905 0
2404 2405 11899 0
2405 2406 11892 0
2406 2407 11886 0
2407 2408 11879 0
386
2 590 11059 7 0
590 3 11060 9 0
3 591 13826 3072 0
591 4 13824 3075 0
4 592 13822 3077 0
5 592 3079 13820 0
6 593 3083 13816 0
7 594 3087 13812 0
8 595 3091 13808 0
9 596 3095 13804 0
10 597 3099 13800 0
11 598 3103 13796 0
12 599 3107 13792 0
13 600 3111 13788 0
14 601 3115 13784 0
15 602 3119 13780 0
16 603 3123 13776 0
17 604 3127 13772 0
18 605 3131 13768 0
19 606 3135 13764 0
20 607 3139 13760 0
21 608 3143 13756 0
22 609 3147 13752 0
23 610 3151 13748 0
24 611 3155 13744 0
25 612 3159 13740 0
26 613 3163 13736 0
27 614 3167 13732 0
28 615 3171 13728 0
29 616 3175 13724 0
30 617 3179 13720 0
31 618 3183 13716 0
32 619 3187 13712 0
33 620 3191 13708 0
34 621 3195 13704 0
35 622 3199 13700 0
36 623 3203 13696 0
37 624 3207 13692 0
38 625 3211 13688 0
39 626 3215 13684 0
40 627 3219 13680 0
41 628 3223 13676 0
42 629 3227 13672 0
43 630 3231 13668 0
44 631 3235 13664 0
45 632 3239 13660 0
46 633 3243 13656 0
47 634 3247 13652 0
48 635 3251 13648 0
49 636 3255 13644 0
50 637 3259 13640 0
51 638 3263 13636 0
52 639 3267 13632 0
53 640 3271 13628 0
54 641 3275 13624 0
55 642 3279 13620 0
56 643 3283 13616 0
57 644 3287 13612 0
58 645 3291 13608 0
59 646 3295 13604 0
60 647 3299 13600 0
61 648 3303 13596 0
62 649 3307 13592 0
63 650 3311 13588 0
64 651 3315 13584 0
65 652 3319 13580 0
66 653 3323 13576 0
67 654 3327 13572 0
68 655 3331 13568 0
69 656 3335 13564 0
70 657 3339 13560 0
71 658 3343 13556 0
72 659 3347 13552 0
73 660 3351 13548 0
74 661 3355 13544 0
75 662 3359 13540 0
76 663 3363 13536 0
77 664 3367 13532 0
78 665 3371 13528 0
79 666 3375 13524 0
80 667 3379 13520 0
81 668 3383 13516 0
82 669 3387 13512 0
83 670 3391 13508 0
84 671 3395 13504 0
85 672 3399 13500 0
86 673 3403 13496 0
87 674 3407 13492 0
88 675 3411 13488 0
89 676 3415 13484 0
90 677 3419 13480 0
91 678 3423 13476 0
92 679 3427 13472 0
93 680 3431 13468 0
94 681 3435 13464 0
95 682 3439 13460 0
96 683 3443 13456 0
97 684 3447 13452 0
98 685 3451 13448 0
99 686 3455 13444 0
100 687 3459 13440 0
101 688 3463 13436 0
102 689 3467 13432 0
103 690 3471 13428 0
104 691 3475 13424 0
105 692 3479 13420 0
106 693 3483 13416 0
107 694 3487 13412 0
108 695 3491 13408 0
109 696 3495 13404 0
110 697 3499 13400 0
111 698 3503 13396 0
112 699 3507 13392 0
113 700 3511 13388 0
114 701 3515 13384 0
115 702 3519 13380 0
116 703 3523 13376 0
117 704 3527 13372 0
118 705 3531 13368 0
119 706 3535 13364 0
120 707 3539 13360 0
121 708 3543 13356 0
122 709 3547 13352 0
123 710 3551 13348 0
124 711 3555 13344 0
125 712 3559 13340 0
126 713 3563 13336 0
127 714 3567 13332 0
128 715 3571 13328 0
129 716 3575 13324 0
130 717 3579 13320 0
131 718 3583 13316 0
132 719 3587 13312 0
133 720 3591 13308 0
134 721 3595 13304 0
135 722 3599 13300 0
136 723 3603 13296 0
137 724 3607 13292 0
138 725 3611 13288 0
139 726 3615 13284 0
140 727 3619 13280 0
141 728 3623 13276 0
142 729 3627 13272 0
143 730 3631 13268 0
144 731 3635 13264 0
145 732 3639 13260 0
146 733 3643 13256 0
147 734 3647 13252 0
148 735 3651 13248 0
149 736 3655 13244 0
150 737 3659 13240 0
151 738 3663 13236 0
152 739 3667 13232 0
153 740 3671 13228 0
154 741 3675 13224 0
155 742 3679 13220 0
156 743 3683 13216 0
157 744 3687 13212 0
158 745 3691 13208 0
159 746 3695 13204 0
160 747 3699 13200 0
161 748 3703 13196 0
162 749 3707 13192 0
163 750 3711 13188 0
164 751 3715 13184 0
165 752 3719 13180 0
166 753 3723 13176 0
167 754 3727 13172 0
168 755 3731 13168 0
169 756 3735 13164 0
170 757 3739 13160 0
171 758 3743 13156 0
172 759 3747 13152 0
173 760 3751 13148 0
174 761 3755 13144 0
175 762 3759 13140 0
176 763 3763 13136 0
177 764 3767 13132 0
178 765 3771 13128 0
179 766 3775 13124 0
180 767 3779 13120 0
181 768 3783 13116 0
182 769 3787 13112 0
183 770 3791 13108 0
184 771 3795 13104 0
185 772 3799 13100 0
186 773 3803 13096 0
187 774 3807 13092 0
188 775 3811 13088 0
189 776 3815 13084 0
190 777 3819 13080 0
191 778 3823 13076 0
192 779 3827 13072 0
193 780 3831 13068 0
194 781 3835 11712 0
195 782 3839 11705 0
593 5 3081 13818 0
594 6 3085 13814 0
595 7 3089 13810 0
596 8 3093 13806 0
597 9 3097 13802 0
598 10 3101 13798 0
599 11 3105 13794 0
600 12 3109 13790 0
601 13 3113 13786 0
602 14 3117 13782 0
603 15 3121 13778 0
604 16 3125 13774 0
605 17 3129 13770 0
606 18 3133 13766 0
607 19 3137 13762 0
608 20 3141 13758 0
609 21 3145 13754 0
610 22 3149 13750 0
611 23 3153 13746 0
612 24 3157 13742 0
613 25 3161 13738 0
614 26 3165 13734 0
615 27 3169 13730 0
616 28 3173 13726 0
617 29 3177 13722 0
618 30 3181 13718 0
619 31 3185 13714 0
620 32 3189 13710 0
621 33 3193 13706 0
622 34 3197 13702 0
623 35 3201 13698 0
624 36 3205 13694 0
625 37 3209 13690 0
626 38 3213 13686 0
627 39 3217 13682 0
628 40 3221 13678 0
629 41 3225 13674 0
630 42 3229 13670 0
631 43 3233 13666 0
632 44 3237 13662 0
633 45 3241 13658 0
634 46 3245 13654 0
635 47 3249 13650 0
636 48 3253 13646 0
637 49 3257 13642 0
638 50 3261 13638 0
639 51 3265 13634 0
640 52 3269 13630 0
641 53 3273 13626 0
642 54 3277 13622 0
643 55 3281 13618 0
644 56 3285 13614 0
645 57 3289 13610 0
646 58 3293 13606 0
647 59 3297 13602 0
648 60 3301 13598 0
649 61 3305 13594 0
650 62 3309 13590 0
651 63 3313 13586 0
652 64 3317 13582 0
653 65 3321 13578 0
654 66 3325 13574 0
655 67 3329 13570 0
656 68 3333 13566 0
657 69 3337 13562 0
658 70 3341 13558 0
659 71 3345 13554 0
660 72 3349 13550 0
661 73 3353 13546 0
662 74 3357 13542 0
663 75 3361 13538 0
664 76 3365 13534 0
665 77 3369 13530 0
666 78 3373 13526 0
667 79 3377 13522 0
668 80 3381 13518 0
669 81 3385 13514 0
670 82 3389 13510 0
671 83 3393 13506 0
672 84 3397 13502 0
673 85 3401 13498 0
674 86 3405 13494 0
675 87 3409 13490 0
676 88 3413 13486 0
677 89 3417 13482 0
678 90 3421 13478 0
679 91 3425 13474 0
680 92 3429 13470 0
681 93 3433 13466 0
682 94 3437 13462 0
683 95 3441 13458 0
684 96 3445 13454 0
685 97 3449 13450 0
686 98 3453 13446 0
687 99 3457 13442 0
688 100 3461 13438 0
689 101 3465 13434 0
690 102 3469 13430 0
691 103 3473 13426 0
692 104 3477 13422 0
693 105 3481 13418 0
694 106 3485 13414 0
695 107 3489 13410 0
696 108 3493 13406 0
697 109 3497 13402 0
698 110 3501 13398 0
699 111 3505 13394 0
700 112 3509 13390 0
701 113 3513 13386 0
702 114 3517 13382 0
703 115 3521 13378 0
704 116 3525 13374 0
705 117 3529 13370 0
706 118 3533 13366 0
707 119 3537 13362 0
708 120 3541 13358 0
709 121 3545 13354 0
710 122 3549 13350 0
711 123 3553 13346 0
712 124 3557 13342 0
713 125 3561 13338 0
714 126 3565 13334 0
715 127 3569 13330 0
716 128 3573 13326 0
717 129 3577 13322 0
718 130 3581 13318 0
719 131 3585 13314 0
720 132 3589 13310 0
721 133 3593 13306 0
722 134 3597 13302 0
723 135 3601 13298 0
724 136 3605 13294 0
725 137 3609 13290 0
726 138 3613 13286 0
727 139 3617 13282 0
728 140 3621 13278 0
729 141 3625 13274 0
730 142 3629 13270 0
731 143 3633 13266 0
732 144 3637 13262 0
733 145 3641 13258 0
734 146 3645 13254 0
735 147 3649 13250 0
736 148 3653 13246 0
737 149 3657 13242 0
738 150 3661 13238 0
739 151 3665 13234 0
740 152 3669 13230 0
741 153 3673 13226 0
742 154 3677 13222 0
743 155 3681 13218 0
744 156 3685 13214 0
745 157 3689 13210 0
746 158 3693 13206 0
747 159 3697 13202 0
748 160 3701 13198 0
749 161 3705 13194 0
750 162 3709 13190 0
751 163 3713 13186 0
752 164 3717 13182 0
753 165 3721 13178 0
754 166 3725 13174 0
755 167 3729 13170 0
756 168 3733 13166 0
757 169 3737 13162 0
758 170 3741 13158 0
759 171 3745 13154 0
760 172 3749 13150 0
761 173 3753 13146 0
762 174 3757 13142 0
763 175 3761 13138 0
764 176 3765 13134 0
765 177 3769 13130 0
766 178 3773 13126 0
767 179 3777 13122 0
768 180 3781 13118 0
769 181 3785 13114 0
770 182 3789 13110 0
771 183 3793 13106 0
772 184 3797 13102 0
773 185 3801 13098 0
774 186 3805 13094 0
775 187 3809 13090 0
776 188 3813 13086 0
777 189 3817 13082 0
778 190 3821 13078 0
779 191 3825 13074 0
780 192 3829 13070 0
781 193 3833 13067 0
782 194 3837 11708 0
