2145
1 7 377 2146 15 2522 1
6 265 264 2409 12 2408 1
3 89 378 2230 19 4 1
3 378 88 3 9 2229 1
2 86 379 2226 8 6 1
2 379 85 5 26 2225 1
86 87 380 2227 11 8 1
86 380 379 7 24 5 1
88 378 381 4 21 10 1
88 381 87 9 11 2228 1
87 381 380 10 23 7 1
264 265 382 2 13 14 1
265 266 382 2410 30 12 1
264 382 263 12 28 2407 1
377 7 383 1 16 17 1
7 8 383 2147 64 15 1
377 383 376 15 62 2521 1
89 90 384 2231 364 19 1
89 384 378 18 20 3 1
378 384 385 19 366 21 1
378 385 381 20 22 9 1
381 385 386 21 367 23 1
381 386 380 22 24 11 1
380 386 379 23 25 8 1
379 386 387 24 369 26 1
379 387 85 25 27 6 1
85 387 84 26 371 2224 1
263 382 388 14 32 29 1
263 388 262 28 33 2406 1
382 266 389 13 31 32 1
266 267 389 2411 37 30 1
382 389 388 30 35 28 1
262 388 390 29 36 34 1
262 390 261 33 42 2405 1
388 389 391 32 37 36 1
388 391 390 35 48 33 1
389 267 391 31 39 35 1
267 268 392 2412 41 39 1
267 392 391 38 50 37 1
268 269 393 2413 68 41 1
268 393 392 40 51 38 1
261 390 394 34 49 43 1
261 394 5 42 44 2404 1
5 394 395 43 53 45 1
5 395 260 44 46 2403 1
260 395 396 45 54 47 1
260 396 259 46 60 2402 1
390 391 397 36 50 49 1
390 397 394 48 52 42 1
391 392 397 39 51 48 1
392 393 397 41 55 50 1
394 397 398 49 56 53 1
394 398 395 52 54 44 1
395 398 396 53 58 46 1
397 393 399 51 69 56 1
397 399 398 55 57 52 1
398 399 400 56 71 58 1
398 400 396 57 59 54 1
396 400 401 58 76 60 1
396 401 259 59 61 47 1
259 401 258 60 80 2401 1
376 383 402 17 66 63 1
376 402 375 62 97 2520 1
383 8 403 16 65 66 1
8 9 403 2148 102 64 1
383 403 402 64 100 62 1
269 270 404 2414 73 68 1
269 404 393 67 69 40 1
393 404 399 68 70 55 1
399 404 405 69 74 71 1
399 405 400 70 75 57 1
270 271 406 2415 88 73 1
270 406 404 72 74 67 1
404 406 405 73 77 70 1
400 405 407 71 78 76 1
400 407 401 75 79 59 1
405 406 408 74 89 78 1
405 408 407 77 82 75 1
401 407 409 76 83 80 1
401 409 258 79 81 61 1
258 409 257 80 85 2400 1
407 408 410 78 91 83 1
407 410 409 82 84 79 1
409 410 411 83 93 85 1
409 411 257 84 86 81 1
257 411 256 85 95 2399 1
271 272 412 2416 333 88 1
271 412 406 87 89 72 1
406 412 408 88 90 77 1
408 412 413 89 334 91 1
408 413 410 90 92 82 1
410 413 414 91 337 93 1
410 414 411 92 94 84 1
411 414 415 93 339 95 1
411 415 256 94 96 86 1
256 415 255 95 346 2398 1
375 402 416 63 101 98 1
375 416 417 97 1652 99 1
375 417 374 98 105 2519 1
402 403 418 66 102 101 1
402 418 416 100 1653 97 1
403 9 418 65 104 100 1
9 10 419 2149 108 104 1
9 419 418 103 1655 102 1
374 417 420 99 1650 106 1
374 420 373 105 109 2518 1
10 11 421 2150 760 108 1
10 421 419 107 1656 103 1
373 420 422 106 1644 110 1
373 422 372 109 111 2517 1
372 422 423 110 1643 112 1
372 423 371 111 113 2516 1
371 423 424 112 1630 114 1
371 424 370 113 115 2515 1
370 424 425 114 1619 116 1
370 425 369 115 117 2514 1
369 425 426 116 1617 118 1
369 426 427 117 1611 119 1
369 427 368 118 120 2513 1
368 427 428 119 1609 121 1
368 428 367 120 122 2512 1
367 428 429 121 1602 123 1
367 429 366 122 124 2511 1
366 429 430 123 1596 125 1
366 430 431 124 1591 126 1
366 431 365 125 127 2510 1
365 431 432 126 1589 128 1
365 432 364 127 129 2509 1
364 432 433 128 1582 130 1
364 433 363 129 131 2508 1
363 433 434 130 1577 132 1
363 434 435 131 1572 133 1
363 435 362 132 134 2507 1
362 435 436 133 1570 135 1
362 436 361 134 136 2506 1
361 436 437 135 1563 137 1
361 437 360 136 138 2505 1
360 437 438 137 1557 139 1
360 438 439 138 1552 140 1
360 439 359 139 141 2504 1
359 439 440 140 1549 142 1
359 440 358 141 143 2503 1
358 440 441 142 1540 144 1
358 441 357 143 145 2502 1
357 441 442 144 1537 146 1
357 442 443 145 1530 147 1
357 443 356 146 148 2501 1
356 443 444 147 1528 149 1
356 444 355 148 150 2500 1
355 444 445 149 1521 151 1
355 445 354 150 152 2499 1
354 445 446 151 1517 153 1
354 446 447 152 1510 154 1
354 447 353 153 155 2498 1
353 447 448 154 1507 156 1
353 448 352 155 157 2497 1
352 448 449 156 1501 158 1
352 449 351 157 159 2496 1
351 449 450 158 1497 160 1
351 450 451 159 1486 161 1
351 451 350 160 162 2495 1
350 451 452 161 1484 163 1
350 452 349 162 164 2494 1
349 452 453 163 1479 165 1
349 453 348 164 166 2493 1
348 453 454 165 1473 167 1
348 454 455 166 1466 168 1
348 455 347 167 169 2492 1
347 455 456 168 1463 170 1
347 456 346 169 171 2491 1
346 456 457 170 1458 172 1
346 457 345 171 173 2490 1
345 457 458 172 1456 174 1
345 458 344 173 175 2489 1
344 458 459 174 1443 176 1
344 459 343 175 177 2488 1
343 459 460 176 1438 178 1
343 460 342 177 179 2487 1
342 460 461 178 1432 180 1
342 461 341 179 181 2486 1
341 461 462 180 1423 182 1
341 462 340 181 183 2485 1
340 462 463 182 1418 184 1
340 463 339 183 185 2484 1
339 463 464 184 1416 186 1
339 464 338 185 187 2483 1
338 464 465 186 1403 188 1
338 465 337 187 189 2482 1
337 465 466 188 1398 190 1
337 466 336 189 191 2481 1
336 466 467 190 1392 192 1
336 467 335 191 193 2480 1
335 467 468 192 1383 194 1
335 468 334 193 195 2479 1
334 468 469 194 1378 196 1
334 469 333 195 197 2478 1
333 469 470 196 1374 198 1
333 470 332 197 199 2477 1
332 470 471 198 1365 200 1
332 471 331 199 201 2476 1
331 471 472 200 1359 202 1
331 472 330 201 203 2475 1
330 472 473 202 1353 204 1
330 473 474 203 1348 205 1
330 474 329 204 206 2474 1
329 474 475 205 1347 207 1
329 475 328 206 208 2473 1
328 475 476 207 1338 209 1
328 476 327 208 210 2472 1
327 476 477 209 1334 211 1
327 477 478 210 1323 212 1
327 478 326 211 213 2471 1
326 478 479 212 1322 214 1
326 479 325 213 215 2470 1
325 479 480 214 1316 216 1
325 480 324 215 217 2469 1
324 480 481 216 1310 218 1
324 481 323 217 219 2468 1
323 481 482 218 1301 220 1
323 482 322 219 221 2467 1
322 482 483 220 1296 222 1
322 483 321 221 223 2466 1
321 483 484 222 1294 224 1
321 484 320 223 225 2465 1
320 484 485 224 1283 226 1
320 485 319 225 227 2464 1
319 485 486 226 1277 228 1
319 486 318 227 229 2463 1
318 486 487 228 1271 230 1
318 487 488 229 1266 231 1
318 488 317 230 232 2462 1
317 488 489 231 1264 233 1
317 489 316 232 234 2461 1
316 489 490 233 1256 235 1
316 490 315 234 236 2460 1
315 490 491 235 1255 237 1
315 491 492 236 1241 238 1
315 492 314 237 239 2459 1
314 492 493 238 1240 240 1
314 493 313 239 241 2458 1
313 493 494 240 1234 242 1
313 494 312 241 243 2457 1
312 494 495 242 1228 244 1
312 495 311 243 245 2456 1
311 495 496 244 1219 246 1
311 496 310 245 247 2455 1
310 496 497 246 1214 248 1
310 497 309 247 249 2454 1
309 497 498 248 1212 250 1
309 498 308 249 251 2453 1
308 498 499 250 1198 252 1
308 499 307 251 253 2452 1
307 499 500 252 1188 254 1
307 500 306 253 255 2451 1
306 500 501 254 1186 256 1
306 501 502 255 1178 257 1
306 502 305 256 258 2450 1
305 502 503 257 1176 259 1
305 503 304 258 260 2449 1
304 503 504 259 1170 261 1
304 504 303 260 262 2448 1
303 504 505 261 1167 263 1
303 505 506 262 1159 264 1
303 506 302 263 265 2447 1
302 506 507 264 1156 266 1
302 507 301 265 267 2446 1
301 507 508 266 1143 268 1
301 508 300 267 269 2445 1
300 508 509 268 1142 270 1
300 509 510 269 1140 271 1
300 510 299 270 272 2444 1
299 510 511 271 1137 273 1
299 511 298 272 274 2443 1
298 511 512 273 1126 275 1
298 512 297 274 276 2442 1
297 512 513 275 1123 277 1
297 513 514 276 1115 278 1
297 514 296 277 279 2441 1
296 514 515 278 1114 280 1
296 515 295 279 281 2440 1
295 515 516 280 1108 282 1
295 516 294 281 283 2439 1
294 516 517 282 1105 284 1
294 517 518 283 1094 285 1
294 518 293 284 286 2438 1
293 518 519 285 1090 287 1
293 519 292 286 288 2437 1
292 519 520 287 1084 289 1
292 520 291 288 290 2436 1
291 520 521 289 1078 291 1
291 521 290 290 292 2435 1
290 521 522 291 1069 293 1
290 522 289 292 294 2434 1
289 522 523 293 1059 295 1
289 523 288 294 296 2433 1
288 523 524 295 1057 297 1
288 524 525 296 1051 298 1
288 525 287 297 299 2432 1
287 525 526 298 1050 300 1
287 526 286 299 301 2431 1
286 526 527 300 1044 302 1
286 527 285 301 303 2430 1
285 527 528 302 1039 304 1
285 528 284 303 305 2429 1
284 528 529 304 1032 306 1
284 529 283 305 307 2428 1
283 529 530 306 1022 308 1
283 530 282 307 309 2427 1
282 530 531 308 1020 310 1
282 531 532 309 1014 311 1
282 532 281 310 312 2426 1
281 532 533 311 1013 313 1
281 533 280 312 314 2425 1
280 533 534 313 1004 315 1
280 534 279 314 316 2424 1
279 534 535 315 1003 317 1
279 535 536 316 996 318 1
279 536 278 317 319 2423 1
278 536 537 318 988 320 1
278 537 277 319 321 2422 1
277 537 538 320 984 322 1
277 538 276 321 323 2421 1
276 538 539 322 976 324 1
276 539 540 323 361 325 1
276 540 275 324 326 2420 1
275 540 541 325 358 327 1
275 541 274 326 328 2419 1
274 541 542 327 343 329 1
274 542 273 328 330 2418 1
273 542 543 329 341 331 1
273 543 544 330 335 332 1
273 544 272 331 333 2417 1
272 544 412 332 334 87 1
412 544 413 333 336 90 1
544 543 545 331 340 336 1
544 545 413 335 337 334 1
413 545 414 336 338 92 1
414 545 546 337 340 339 1
414 546 415 338 345 94 1
545 543 546 335 342 338 1
543 542 547 330 344 342 1
543 547 546 341 349 340 1
542 541 548 328 359 344 1
542 548 547 343 351 341 1
415 546 549 339 350 346 1
415 549 255 345 347 96 1
255 549 550 346 352 348 1
255 550 254 347 353 2397 1
546 547 551 342 351 350 1
546 551 549 349 352 345 1
547 548 551 344 357 349 1
549 551 550 350 355 347 1
254 550 552 348 356 354 1
254 552 253 353 534 2396 1
550 551 553 352 357 356 1
550 553 552 355 536 353 1
551 548 553 351 360 355 1
541 540 554 326 361 359 1
541 554 548 358 360 343 1
548 554 553 359 537 357 1
540 539 554 324 539 358 1
90 91 555 2232 374 363 1
90 555 556 362 931 364 1
90 556 384 363 365 18 1
384 556 557 364 930 366 1
384 557 385 365 367 20 1
385 557 386 366 368 22 1
386 557 558 367 929 369 1
386 558 387 368 370 25 1
387 558 559 369 933 371 1
387 559 84 370 372 27 1
84 559 83 371 928 2223 1
91 92 560 2233 376 374 1
91 560 555 373 935 362 1
92 93 561 2234 378 376 1
92 561 560 375 938 373 1
93 94 562 2235 381 378 1
93 562 561 377 949 375 1
94 95 563 2236 383 380 1
94 563 564 379 963 381 1
94 564 562 380 955 377 1
95 96 565 2237 385 383 1
95 565 563 382 964 379 1
96 97 566 2238 387 385 1
96 566 565 384 969 382 1
97 98 567 2239 390 387 1
97 567 566 386 2057 384 1
98 99 568 2240 392 389 1
98 568 569 388 2072 390 1
98 569 567 389 2064 386 1
99 100 570 2241 395 392 1
99 570 568 391 2073 388 1
100 101 571 2242 397 394 1
100 571 572 393 2143 395 1
100 572 570 394 2078 391 1
101 102 573 2243 400 397 1
101 573 571 396 2141 393 1
102 103 574 2244 402 399 1
102 574 575 398 2125 400 1
102 575 573 399 2134 396 1
103 104 576 2245 405 402 1
103 576 574 401 2123 398 1
104 105 577 2246 407 404 1
104 577 578 403 2110 405 1
104 578 576 404 2121 401 1
105 106 579 2247 410 407 1
105 579 577 406 2109 403 1
106 107 580 2248 412 409 1
106 580 581 408 2094 410 1
106 581 579 409 2103 406 1
107 108 582 2249 414 412 1
107 582 580 411 2093 408 1
108 109 583 2250 416 414 1
108 583 582 413 2090 411 1
109 110 584 2251 419 416 1
109 584 583 415 2055 413 1
110 111 585 2252 421 418 1
110 585 586 417 2040 419 1
110 586 584 418 2049 415 1
111 112 587 2253 423 421 1
111 587 585 420 2039 417 1
112 113 588 2254 425 423 1
112 588 587 422 2036 420 1
113 114 589 2255 428 425 1
113 589 588 424 2027 422 1
114 115 590 2256 430 427 1
114 590 591 426 2014 428 1
114 591 589 427 2021 424 1
115 116 592 2257 433 430 1
115 592 590 429 2008 426 1
116 117 593 2258 435 432 1
116 593 594 431 1998 433 1
116 594 592 432 2007 429 1
117 118 595 2259 437 435 1
117 595 593 434 1997 431 1
118 119 596 2260 439 437 1
118 596 595 436 1990 434 1
119 120 597 2261 442 439 1
119 597 596 438 1981 436 1
120 121 598 2262 444 441 1
120 598 599 440 1969 442 1
120 599 597 441 1979 438 1
121 122 600 2263 447 444 1
121 600 598 443 1968 440 1
122 123 601 2264 449 446 1
122 601 602 445 1953 447 1
122 602 600 446 1962 443 1
123 124 603 2265 451 449 1
123 603 601 448 1952 445 1
124 125 604 2266 453 451 1
124 604 603 450 1949 448 1
125 126 605 2267 456 453 1
125 605 604 452 1940 450 1
126 127 606 2268 458 455 1
126 606 607 454 1927 456 1
126 607 605 455 1934 452 1
127 128 608 2269 461 458 1
127 608 606 457 1921 454 1
128 129 609 2270 463 460 1
128 609 610 459 1911 461 1
128 610 608 460 1920 457 1
129 130 611 2271 465 463 1
129 611 609 462 1910 459 1
130 131 612 2272 467 465 1
130 612 611 464 1903 462 1
131 132 613 2273 470 467 1
131 613 612 466 1894 464 1
132 133 614 2274 472 469 1
132 614 615 468 1882 470 1
132 615 613 469 1892 466 1
133 134 616 2275 475 472 1
133 616 614 471 1881 468 1
134 135 617 2276 477 474 1
134 617 618 473 1866 475 1
134 618 616 474 1875 471 1
135 136 619 2277 479 477 1
135 619 617 476 1865 473 1
136 137 620 2278 481 479 1
136 620 619 478 1862 476 1
137 138 621 2279 484 481 1
137 621 620 480 1853 478 1
138 139 622 2280 486 483 1
138 622 623 482 1840 484 1
138 623 621 483 1847 480 1
139 140 624 2281 489 486 1
139 624 622 485 1834 482 1
140 141 625 2282 491 488 1
140 625 626 487 1824 489 1
140 626 624 488 1833 485 1
141 142 627 2283 493 491 1
141 627 625 490 1823 487 1
142 143 628 2284 495 493 1
142 628 627 492 1816 490 1
143 144 629 2285 498 495 1
143 629 628 494 1807 492 1
144 145 630 2286 500 497 1
144 630 631 496 1795 498 1
144 631 629 497 1805 494 1
145 146 632 2287 503 500 1
145 632 630 499 1794 496 1
146 147 633 2288 505 502 1
146 633 634 501 1779 503 1
146 634 632 502 1788 499 1
147 148 635 2289 507 505 1
147 635 633 504 1778 501 1
148 149 636 2290 509 507 1
148 636 635 506 1775 504 1
149 150 637 2291 512 509 1
149 637 636 508 1766 506 1
150 151 638 2292 514 511 1
150 638 639 510 1753 512 1
150 639 637 511 1760 508 1
151 152 640 2293 517 514 1
151 640 638 513 1747 510 1
152 153 641 2294 519 516 1
152 641 642 515 1737 517 1
152 642 640 516 1746 513 1
153 154 643 2295 521 519 1
153 643 641 518 1736 515 1
154 155 644 2296 523 521 1
154 644 643 520 1733 518 1
155 156 645 2297 526 523 1
155 645 644 522 1724 520 1
156 157 646 2298 528 525 1
156 646 647 524 1709 526 1
156 647 645 525 1718 522 1
157 158 648 2299 531 528 1
157 648 646 527 1707 524 1
158 159 649 2300 533 530 1
158 649 650 529 1696 531 1
158 650 648 530 1702 527 1
159 4 651 2301 1636 533 1
159 651 649 532 1693 529 1
253 552 652 354 538 535 1
253 652 252 534 540 2395 1
552 553 653 356 537 538 1
553 554 653 360 539 536 1
552 653 652 536 978 534 1
554 539 653 361 975 537 1
252 652 654 535 979 541 1
252 654 251 540 542 2394 1
251 654 655 541 982 543 1
251 655 656 542 991 544 1
251 656 250 543 545 2393 1
250 656 657 544 993 546 1
250 657 249 545 547 2392 1
249 657 658 546 995 548 1
249 658 659 547 1009 549 1
249 659 248 548 550 2391 1
248 659 660 549 1010 551 1
248 660 247 550 552 2390 1
247 660 661 551 1017 553 1
247 661 246 552 554 2389 1
246 661 662 553 1026 555 1
246 662 245 554 556 2388 1
245 662 663 555 1031 557 1
245 663 664 556 1036 558 1
245 664 244 557 559 2387 1
244 664 665 558 1040 560 1
244 665 243 559 561 2386 1
243 665 666 560 1041 562 1
243 666 667 561 1046 563 1
243 667 242 562 564 2385 1
242 667 668 563 1047 565 1
242 668 241 564 566 2384 1
241 668 669 565 1054 567 1
241 669 240 566 568 2383 1
240 669 670 567 1064 569 1
240 670 239 568 570 2382 1
239 670 671 569 1068 571 1
239 671 672 570 1074 572 1
239 672 238 571 573 2381 1
238 672 673 572 1075 574 1
238 673 237 573 575 2380 1
237 673 674 574 1081 576 1
237 674 236 575 577 2379 1
236 674 675 576 1087 578 1
236 675 235 577 579 2378 1
235 675 676 578 1093 580 1
235 676 677 579 1099 581 1
235 677 234 580 582 2377 1
234 677 678 581 1101 583 1
234 678 233 582 584 2376 1
233 678 679 583 1103 585 1
233 679 232 584 586 2375 1
232 679 680 585 1118 587 1
232 680 231 586 588 2374 1
231 680 681 587 1122 589 1
231 681 682 588 1130 590 1
231 682 230 589 591 2373 1
230 682 683 590 1132 592 1
230 683 229 591 593 2372 1
229 683 684 592 1135 594 1
229 684 685 593 1148 595 1
229 685 228 594 596 2371 1
228 685 686 595 1151 597 1
228 686 227 596 598 2370 1
227 686 687 597 1155 599 1
227 687 226 598 600 2369 1
226 687 688 599 1162 601 1
226 688 225 600 602 2368 1
225 688 689 601 1166 603 1
225 689 690 602 1174 604 1
225 690 224 603 605 2367 1
224 690 691 604 1175 606 1
224 691 223 605 607 2366 1
223 691 692 606 1182 608 1
223 692 693 607 1192 609 1
223 693 222 608 610 2365 1
222 693 694 609 1193 611 1
222 694 221 610 612 2364 1
221 694 695 611 1197 613 1
221 695 696 612 1204 614 1
221 696 220 613 615 2363 1
220 696 697 614 1205 616 1
220 697 219 615 617 2362 1
219 697 698 616 1211 618 1
219 698 218 617 619 2361 1
218 698 699 618 1218 620 1
218 699 217 619 621 2360 1
217 699 700 620 1224 622 1
217 700 701 621 1230 623 1
217 701 216 622 624 2359 1
216 701 702 623 1231 625 1
216 702 215 624 626 2358 1
215 702 703 625 1237 627 1
215 703 704 626 1246 628 1
215 704 214 627 629 2357 1
214 704 705 628 1249 630 1
214 705 213 629 631 2356 1
213 705 706 630 1251 632 1
213 706 707 631 1261 633 1
213 707 212 632 634 2355 1
212 707 708 633 1262 635 1
212 708 211 634 636 2354 1
211 708 709 635 1269 637 1
211 709 710 636 1275 638 1
211 710 210 637 639 2353 1
210 710 711 638 1276 640 1
210 711 209 639 641 2352 1
209 711 712 640 1282 642 1
209 712 208 641 643 2351 1
208 712 713 642 1288 644 1
208 713 207 643 645 2350 1
207 713 714 644 1293 646 1
207 714 206 645 647 2349 1
206 714 715 646 1300 648 1
206 715 205 647 649 2348 1
205 715 716 648 1306 650 1
205 716 717 649 1312 651 1
205 717 204 650 652 2347 1
204 717 718 651 1313 653 1
204 718 203 652 654 2346 1
203 718 719 653 1319 655 1
203 719 720 654 1328 656 1
203 720 202 655 657 2345 1
202 720 721 656 1331 658 1
202 721 201 657 659 2344 1
201 721 722 658 1337 660 1
201 722 723 659 1343 661 1
201 723 200 660 662 2343 1
200 723 724 661 1344 663 1
200 724 199 662 664 2342 1
199 724 725 663 1351 665 1
199 725 726 664 1357 666 1
199 726 198 665 667 2341 1
198 726 727 666 1358 668 1
198 727 197 667 669 2340 1
197 727 728 668 1364 670 1
197 728 196 669 671 2339 1
196 728 729 670 1370 672 1
196 729 195 671 673 2338 1
195 729 730 672 1376 674 1
195 730 194 673 675 2337 1
194 730 731 674 1382 676 1
194 731 193 675 677 2336 1
193 731 732 676 1388 678 1
193 732 733 677 1394 679 1
193 733 192 678 680 2335 1
192 733 734 679 1395 681 1
192 734 191 680 682 2334 1
191 734 735 681 1401 683 1
191 735 736 682 1407 684 1
191 736 190 683 685 2333 1
190 736 737 684 1409 686 1
190 737 189 685 687 2332 1
189 737 738 686 1411 688 1
189 738 188 687 689 2331 1
188 738 739 688 1422 690 1
188 739 187 689 691 2330 1
187 739 740 690 1428 692 1
187 740 741 691 1434 693 1
187 741 186 692 694 2329 1
186 741 742 693 1435 695 1
186 742 185 694 696 2328 1
185 742 743 695 1441 697 1
185 743 744 696 1447 698 1
185 744 184 697 699 2327 1
184 744 745 698 1449 700 1
184 745 183 699 701 2326 1
183 745 746 700 1451 702 1
183 746 182 701 703 2325 1
182 746 747 702 1462 704 1
182 747 181 703 705 2324 1
181 747 748 704 1469 706 1
181 748 749 705 1474 707 1
181 749 180 706 708 2323 1
180 749 750 707 1476 709 1
180 750 179 708 710 2322 1
179 750 751 709 1478 711 1
179 751 752 710 1491 712 1
179 752 178 711 713 2321 1
178 752 753 712 1494 714 1
178 753 177 713 715 2320 1
177 753 754 714 1496 716 1
177 754 176 715 717 2319 1
176 754 755 716 1506 718 1
176 755 175 717 719 2318 1
175 755 756 718 1513 720 1
175 756 757 719 1519 721 1
175 757 174 720 722 2317 1
174 757 758 721 1520 723 1
174 758 173 722 724 2316 1
173 758 759 723 1526 725 1
173 759 760 724 1535 726 1
173 760 172 725 727 2315 1
172 760 761 726 1536 728 1
172 761 171 727 729 2314 1
171 761 762 728 1544 730 1
171 762 170 729 731 2313 1
170 762 763 730 1548 732 1
170 763 169 731 733 2312 1
169 763 764 732 1555 734 1
169 764 765 733 1561 735 1
169 765 168 734 736 2311 1
168 765 766 735 1562 737 1
168 766 167 736 738 2310 1
167 766 767 737 1568 739 1
167 767 768 738 1576 740 1
167 768 166 739 741 2309 1
166 768 769 740 1580 742 1
166 769 165 741 743 2308 1
165 769 770 742 1581 744 1
165 770 771 743 1586 745 1
165 771 164 744 746 2307 1
164 771 772 745 1587 747 1
164 772 163 746 748 2306 1
163 772 773 747 1595 749 1
163 773 774 748 1600 750 1
163 774 162 749 751 2305 1
162 774 775 750 1601 752 1
162 775 161 751 753 2304 1
161 775 776 752 1607 754 1
161 776 777 753 1616 755 1
161 777 160 754 756 2303 1
160 777 778 755 1623 757 1
160 778 4 756 1629 2302 1
11 12 779 2151 762 759 1
11 779 780 758 1665 760 1
11 780 421 759 1660 107 1
12 13 781 2152 765 762 1
12 781 779 761 1666 758 1
13 14 782 2153 767 764 1
13 782 783 763 1681 765 1
13 783 781 764 1676 761 1
14 15 784 2154 769 767 1
14 784 782 766 1685 763 1
15 16 785 2155 771 769 1
15 785 784 768 1688 766 1
16 17 786 2156 774 771 1
16 786 785 770 1699 768 1
17 18 787 2157 776 773 1
17 787 788 772 1712 774 1
17 788 786 773 1705 770 1
18 19 789 2158 778 776 1
18 789 787 775 1714 772 1
19 20 790 2159 780 778 1
19 790 789 777 1719 775 1
20 21 791 2160 783 780 1
20 791 790 779 1729 777 1
21 22 792 2161 785 782 1
21 792 793 781 1741 783 1
21 793 791 782 1732 779 1
22 23 794 2162 788 785 1
22 794 792 784 1742 781 1
23 24 795 2163 790 787 1
23 795 796 786 1755 788 1
23 796 794 787 1748 784 1
24 25 797 2164 792 790 1
24 797 795 789 1757 786 1
25 26 798 2165 794 792 1
25 798 797 791 1762 789 1
26 27 799 2166 797 794 1
26 799 798 793 1768 791 1
27 28 800 2167 799 796 1
27 800 801 795 1783 797 1
27 801 799 796 1774 793 1
28 29 802 2168 802 799 1
28 802 800 798 1784 795 1
29 30 803 2169 804 801 1
29 803 804 800 1799 802 1
29 804 802 801 1789 798 1
30 31 805 2170 807 804 1
30 805 803 803 1800 800 1
31 32 806 2171 809 806 1
31 806 807 805 1813 807 1
31 807 805 806 1802 803 1
32 33 808 2172 812 809 1
32 808 806 808 1817 805 1
33 34 809 2173 814 811 1
33 809 810 810 1828 812 1
33 810 808 811 1820 808 1
34 35 811 2174 817 814 1
34 811 809 813 1829 810 1
35 36 812 2175 819 816 1
35 812 813 815 1842 817 1
35 813 811 816 1835 813 1
36 37 814 2176 821 819 1
36 814 812 818 1844 815 1
37 38 815 2177 823 821 1
37 815 814 820 1849 818 1
38 39 816 2178 826 823 1
38 816 815 822 1855 820 1
39 40 817 2179 828 825 1
39 817 818 824 1870 826 1
39 818 816 825 1861 822 1
40 41 819 2180 831 828 1
40 819 817 827 1871 824 1
41 42 820 2181 833 830 1
41 820 821 829 1886 831 1
41 821 819 830 1876 827 1
42 43 822 2182 836 833 1
42 822 820 832 1887 829 1
43 44 823 2183 838 835 1
43 823 824 834 1900 836 1
43 824 822 835 1889 832 1
44 45 825 2184 841 838 1
44 825 823 837 1904 834 1
45 46 826 2185 843 840 1
45 826 827 839 1915 841 1
45 827 825 840 1907 837 1
46 47 828 2186 846 843 1
46 828 826 842 1916 839 1
47 48 829 2187 848 845 1
47 829 830 844 1929 846 1
47 830 828 845 1922 842 1
48 49 831 2188 850 848 1
48 831 829 847 1931 844 1
49 50 832 2189 852 850 1
49 832 831 849 1936 847 1
50 51 833 2190 855 852 1
50 833 832 851 1942 849 1
51 52 834 2191 857 854 1
51 834 835 853 1957 855 1
51 835 833 854 1948 851 1
52 53 836 2192 860 857 1
52 836 834 856 1958 853 1
53 54 837 2193 862 859 1
53 837 838 858 1973 860 1
53 838 836 859 1963 856 1
54 55 839 2194 865 862 1
54 839 837 861 1974 858 1
55 56 840 2195 867 864 1
55 840 841 863 1987 865 1
55 841 839 864 1976 861 1
56 57 842 2196 870 867 1
56 842 840 866 1991 863 1
57 58 843 2197 872 869 1
57 843 844 868 2002 870 1
57 844 842 869 1994 866 1
58 59 845 2198 875 872 1
58 845 843 871 2003 868 1
59 60 846 2199 877 874 1
59 846 847 873 2016 875 1
59 847 845 874 2009 871 1
60 61 848 2200 879 877 1
60 848 846 876 2018 873 1
61 62 849 2201 881 879 1
61 849 848 878 2023 876 1
62 63 850 2202 884 881 1
62 850 849 880 2029 878 1
63 64 851 2203 886 883 1
63 851 852 882 2044 884 1
63 852 850 883 2035 880 1
64 65 853 2204 888 886 1
64 853 851 885 2045 882 1
65 66 854 2205 890 888 1
65 854 853 887 2050 885 1
66 67 855 2206 893 890 1
66 855 854 889 2083 887 1
67 68 856 2207 895 892 1
67 856 857 891 2098 893 1
67 857 855 892 2089 889 1
68 69 858 2208 897 895 1
68 858 856 894 2100 891 1
69 70 859 2209 899 897 1
69 859 858 896 2105 894 1
70 71 860 2210 902 899 1
70 860 859 898 2112 896 1
71 72 861 2211 904 901 1
71 861 862 900 2129 902 1
71 862 860 901 2118 898 1
72 73 863 2212 906 904 1
72 863 861 903 2131 900 1
73 74 864 2213 908 906 1
73 864 863 905 2136 903 1
74 75 865 2214 911 908 1
74 865 864 907 2081 905 1
75 76 866 2215 913 910 1
75 866 867 909 2068 911 1
75 867 865 910 2077 907 1
76 77 868 2216 915 913 1
76 868 866 912 2067 909 1
77 78 869 2217 917 915 1
77 869 868 914 2061 912 1
78 79 870 2218 920 917 1
78 870 869 916 974 914 1
79 80 871 2219 922 919 1
79 871 872 918 959 920 1
79 872 870 919 968 916 1
80 81 873 2220 925 922 1
80 873 871 921 957 918 1
81 82 874 2221 927 924 1
81 874 875 923 946 925 1
81 875 873 924 952 921 1
82 83 876 2222 928 927 1
82 876 874 926 943 923 1
83 559 876 372 934 926 1
558 557 877 368 930 932 1
557 556 877 365 931 929 1
556 555 877 363 936 930 1
558 877 878 929 937 933 1
558 878 559 932 934 370 1
559 878 876 933 942 928 1
555 560 879 374 939 936 1
555 879 877 935 937 931 1
877 879 878 936 941 932 1
560 561 880 376 947 939 1
560 880 879 938 940 935 1
879 880 881 939 944 941 1
879 881 878 940 942 937 1
878 881 876 941 943 934 1
876 881 874 942 945 927 1
881 880 882 940 948 945 1
881 882 874 944 946 943 1
874 882 875 945 951 924 1
880 561 883 938 949 948 1
880 883 882 947 950 944 1
561 562 883 378 953 947 1
882 883 884 948 954 951 1
882 884 875 950 952 946 1
875 884 873 951 956 925 1
883 562 885 949 955 954 1
883 885 884 953 958 950 1
562 564 885 381 960 953 1
873 884 886 952 958 957 1
873 886 871 956 959 922 1
884 885 886 954 961 956 1
871 886 872 957 962 919 1
885 564 887 955 963 961 1
885 887 886 960 962 958 1
886 887 872 961 967 959 1
564 563 887 380 965 960 1
563 565 888 383 970 965 1
563 888 887 964 966 963 1
887 888 889 965 971 967 1
887 889 872 966 968 962 1
872 889 870 967 972 920 1
565 566 890 385 2056 970 1
565 890 888 969 971 964 1
888 890 889 970 973 966 1
870 889 891 968 973 974 1
889 890 891 971 2058 972 1
870 891 869 972 2060 917 1
653 539 892 539 976 977 1
539 538 892 323 983 975 1
653 892 893 975 980 978 1
653 893 652 977 979 538 1
652 893 654 978 981 540 1
893 892 894 977 985 981 1
893 894 654 980 982 979 1
654 894 655 981 990 542 1
892 538 895 976 984 985 1
538 537 895 321 987 983 1
892 895 894 983 986 980 1
894 895 896 985 987 989 1
895 537 896 984 988 986 1
537 536 896 319 997 987 1
894 896 897 986 998 990 1
894 897 655 989 991 982 1
655 897 656 990 992 543 1
656 897 898 991 999 993 1
656 898 657 992 994 545 1
657 898 899 993 1002 995 1
657 899 658 994 1007 547 1
536 535 900 317 1000 997 1
536 900 896 996 998 988 1
896 900 897 997 999 989 1
897 900 898 998 1001 992 1
900 535 901 996 1003 1001 1
900 901 898 1000 1002 999 1
898 901 899 1001 1006 994 1
535 534 901 316 1005 1000 1
534 533 902 314 1011 1005 1
534 902 901 1004 1006 1003 1
901 902 899 1005 1007 1002 1
899 902 658 1006 1008 995 1
658 902 903 1007 1012 1009 1
658 903 659 1008 1010 548 1
659 903 660 1009 1016 550 1
902 533 904 1004 1013 1012 1
902 904 903 1011 1015 1008 1
533 532 904 312 1014 1011 1
532 531 904 310 1018 1013 1
903 904 905 1012 1019 1016 1
903 905 660 1015 1017 1010 1
660 905 661 1016 1025 552 1
904 531 906 1014 1021 1019 1
904 906 905 1018 1024 1015 1
531 530 907 309 1023 1021 1
531 907 906 1020 1027 1018 1
530 529 908 307 1033 1023 1
530 908 907 1022 1029 1020 1
905 906 909 1019 1027 1025 1
905 909 661 1024 1026 1017 1
661 909 662 1025 1030 554 1
906 907 909 1021 1028 1024 1
909 907 910 1027 1029 1030 1
907 908 910 1023 1035 1028 1
909 910 662 1028 1031 1026 1
662 910 663 1030 1035 556 1
529 528 911 305 1037 1033 1
529 911 908 1032 1034 1022 1
908 911 663 1033 1036 1035 1
663 910 908 1031 1029 1034 1
663 911 664 1034 1038 557 1
911 528 912 1032 1039 1038 1
911 912 664 1037 1040 1036 1
528 527 912 303 1042 1037 1
664 912 665 1038 1041 559 1
665 912 666 1040 1043 561 1
912 527 913 1039 1044 1043 1
912 913 666 1042 1045 1041 1
527 526 913 301 1048 1042 1
666 913 914 1043 1049 1046 1
666 914 667 1045 1047 562 1
667 914 668 1046 1053 564 1
913 526 915 1044 1050 1049 1
913 915 914 1048 1052 1045 1
526 525 915 299 1051 1048 1
525 524 915 297 1055 1050 1
914 915 916 1049 1056 1053 1
914 916 668 1052 1054 1047 1
668 916 669 1053 1062 566 1
915 524 917 1051 1058 1056 1
915 917 916 1055 1061 1052 1
524 523 918 296 1060 1058 1
524 918 917 1057 1063 1055 1
523 522 919 294 1070 1060 1
523 919 918 1059 1066 1057 1
916 917 920 1056 1063 1062 1
916 920 669 1061 1064 1054 1
917 918 920 1058 1065 1061 1
669 920 670 1062 1067 568 1
920 918 921 1063 1066 1067 1
918 919 921 1060 1072 1065 1
920 921 670 1065 1068 1064 1
670 921 671 1067 1072 570 1
522 521 922 292 1076 1070 1
522 922 919 1069 1071 1059 1
919 922 671 1070 1073 1072 1
671 921 919 1068 1066 1071 1
671 922 923 1071 1077 1074 1
671 923 672 1073 1075 571 1
672 923 673 1074 1080 573 1
922 521 924 1069 1078 1077 1
922 924 923 1076 1079 1073 1
521 520 924 290 1082 1076 1
923 924 925 1077 1083 1080 1
923 925 673 1079 1081 1075 1
673 925 674 1080 1086 575 1
924 520 926 1078 1084 1083 1
924 926 925 1082 1085 1079 1
520 519 926 288 1088 1082 1
925 926 927 1083 1089 1086 1
925 927 674 1085 1087 1081 1
674 927 675 1086 1092 577 1
926 519 928 1084 1090 1089 1
926 928 927 1088 1091 1085 1
519 518 928 286 1095 1088 1
927 928 929 1089 1096 1092 1
927 929 675 1091 1093 1087 1
675 929 676 1092 1098 579 1
518 517 930 284 1104 1095 1
518 930 928 1094 1096 1090 1
928 930 929 1095 1097 1091 1
929 930 931 1096 1106 1098 1
929 931 676 1097 1099 1093 1
676 931 677 1098 1100 580 1
677 931 932 1099 1107 1101 1
677 932 678 1100 1102 582 1
678 932 933 1101 1111 1103 1
678 933 679 1102 1117 584 1
930 517 934 1094 1105 1106 1
517 516 934 283 1109 1104 1
930 934 931 1104 1107 1097 1
931 934 932 1106 1110 1100 1
516 515 935 281 1112 1109 1
516 935 934 1108 1110 1105 1
934 935 932 1109 1111 1107 1
932 935 933 1110 1113 1102 1
935 515 936 1108 1114 1113 1
935 936 933 1112 1116 1111 1
515 514 936 279 1115 1112 1
514 513 936 277 1119 1114 1
933 936 937 1113 1120 1117 1
933 937 679 1116 1118 1103 1
679 937 680 1117 1121 586 1
936 513 938 1115 1124 1120 1
936 938 937 1119 1121 1116 1
937 938 680 1120 1122 1118 1
680 938 681 1121 1125 588 1
513 512 939 276 1127 1124 1
513 939 938 1123 1125 1119 1
938 939 681 1124 1129 1122 1
512 511 940 274 1136 1127 1
512 940 939 1126 1128 1123 1
939 940 941 1127 1133 1129 1
939 941 681 1128 1130 1125 1
681 941 682 1129 1131 589 1
682 941 942 1130 1133 1132 1
682 942 683 1131 1134 591 1
941 940 942 1128 1138 1131 1
683 942 943 1132 1139 1135 1
683 943 684 1134 1147 593 1
940 511 944 1126 1137 1138 1
511 510 944 272 1140 1136 1
940 944 942 1136 1139 1133 1
942 944 943 1138 1141 1134 1
510 509 944 270 1141 1137 1
944 509 943 1140 1146 1139 1
509 508 945 269 1144 1145 1
508 507 946 267 1157 1144 1
508 946 945 1143 1152 1142 1
509 945 947 1142 1150 1146 1
509 947 943 1145 1147 1141 1
943 947 684 1146 1148 1135 1
684 947 685 1147 1149 594 1
685 947 948 1148 1150 1151 1
947 945 948 1145 1152 1149 1
685 948 686 1149 1153 596 1
945 946 948 1144 1154 1150 1
686 948 949 1151 1154 1155 1
948 946 949 1152 1158 1153 1
686 949 687 1153 1161 598 1
507 506 950 265 1159 1157 1
507 950 946 1156 1158 1143 1
946 950 949 1157 1160 1154 1
506 505 950 263 1163 1156 1
949 950 951 1158 1164 1161 1
949 951 687 1160 1162 1155 1
687 951 688 1161 1165 600 1
950 505 952 1159 1168 1164 1
950 952 951 1163 1165 1160 1
951 952 688 1164 1166 1162 1
688 952 689 1165 1169 602 1
505 504 953 262 1171 1168 1
505 953 952 1167 1169 1163 1
952 953 689 1168 1173 1166 1
504 503 954 260 1177 1171 1
504 954 953 1170 1172 1167 1
953 954 955 1171 1179 1173 1
953 955 689 1172 1174 1169 1
689 955 690 1173 1175 603 1
690 955 691 1174 1181 605 1
503 502 956 258 1178 1177 1
503 956 954 1176 1179 1170 1
502 501 956 256 1183 1176 1
954 956 955 1177 1180 1172 1
955 956 957 1179 1184 1181 1
955 957 691 1180 1182 1175 1
691 957 692 1181 1185 607 1
956 501 958 1178 1187 1184 1
956 958 957 1183 1185 1180 1
957 958 692 1184 1190 1182 1
501 500 959 255 1189 1187 1
501 959 958 1186 1191 1183 1
500 499 960 253 1199 1189 1
500 960 959 1188 1194 1186 1
692 958 961 1185 1191 1192 1
958 959 961 1187 1195 1190 1
692 961 693 1190 1193 608 1
693 961 694 1192 1196 610 1
959 960 962 1189 1201 1195 1
959 962 961 1194 1196 1191 1
961 962 694 1195 1197 1193 1
694 962 695 1196 1202 612 1
499 498 963 251 1207 1199 1
499 963 960 1198 1200 1188 1
960 963 964 1199 1206 1201 1
960 964 962 1200 1202 1194 1
962 964 695 1201 1203 1197 1
695 964 965 1202 1206 1204 1
695 965 696 1203 1205 613 1
696 965 697 1204 1209 615 1
964 963 965 1200 1208 1203 1
963 498 966 1198 1212 1208 1
963 966 965 1207 1209 1206 1
965 966 697 1208 1210 1205 1
697 966 967 1209 1213 1211 1
697 967 698 1210 1217 617 1
498 497 966 249 1213 1207 1
966 497 967 1212 1215 1210 1
497 496 968 247 1220 1215 1
497 968 967 1214 1216 1213 1
967 968 969 1215 1221 1217 1
967 969 698 1216 1218 1211 1
698 969 699 1217 1223 619 1
496 495 970 245 1225 1220 1
496 970 968 1219 1221 1214 1
968 970 969 1220 1222 1216 1
969 970 971 1221 1226 1223 1
969 971 699 1222 1224 1218 1
699 971 700 1223 1227 621 1
970 495 972 1219 1228 1226 1
970 972 971 1225 1227 1222 1
971 972 700 1226 1229 1224 1
495 494 972 243 1232 1225 1
700 972 973 1227 1233 1230 1
700 973 701 1229 1231 622 1
701 973 702 1230 1236 624 1
972 494 974 1228 1234 1233 1
972 974 973 1232 1235 1229 1
494 493 974 241 1238 1232 1
973 974 975 1233 1239 1236 1
973 975 702 1235 1237 1231 1
702 975 703 1236 1245 626 1
974 493 976 1234 1240 1239 1
974 976 975 1238 1244 1235 1
493 492 976 239 1242 1238 1
492 491 977 237 1252 1242 1
492 977 976 1241 1243 1240 1
976 977 978 1242 1248 1244 1
976 978 975 1243 1245 1239 1
975 978 703 1244 1246 1237 1
703 978 704 1245 1247 627 1
704 978 979 1246 1248 1249 1
978 977 979 1243 1253 1247 1
704 979 705 1247 1250 629 1
705 979 980 1249 1254 1251 1
705 980 706 1250 1259 631 1
977 491 981 1241 1255 1253 1
977 981 979 1252 1254 1248 1
979 981 980 1253 1258 1250 1
491 490 981 236 1257 1252 1
490 489 982 234 1263 1257 1
490 982 981 1256 1258 1255 1
981 982 980 1257 1259 1254 1
980 982 706 1258 1260 1251 1
706 982 983 1259 1265 1261 1
706 983 707 1260 1262 632 1
707 983 708 1261 1268 634 1
982 489 984 1256 1264 1265 1
489 488 984 232 1266 1263 1
982 984 983 1263 1267 1260 1
488 487 984 230 1270 1264 1
983 984 985 1265 1270 1268 1
983 985 708 1267 1269 1262 1
708 985 709 1268 1273 636 1
984 487 985 1266 1272 1267 1
487 486 986 229 1278 1272 1
487 986 985 1271 1273 1270 1
985 986 709 1272 1274 1269 1
709 986 987 1273 1279 1275 1
709 987 710 1274 1276 637 1
710 987 711 1275 1281 639 1
486 485 988 227 1284 1278 1
486 988 986 1277 1279 1271 1
986 988 987 1278 1280 1274 1
987 988 989 1279 1285 1281 1
987 989 711 1280 1282 1276 1
711 989 712 1281 1287 641 1
485 484 990 225 1289 1284 1
485 990 988 1283 1285 1277 1
988 990 989 1284 1286 1280 1
989 990 991 1285 1290 1287 1
989 991 712 1286 1288 1282 1
712 991 713 1287 1291 643 1
990 484 992 1283 1294 1290 1
990 992 991 1289 1291 1286 1
991 992 713 1290 1292 1288 1
713 992 993 1291 1295 1293 1
713 993 714 1292 1299 645 1
484 483 992 223 1295 1289 1
992 483 993 1294 1297 1292 1
483 482 994 221 1302 1297 1
483 994 993 1296 1298 1295 1
993 994 995 1297 1303 1299 1
993 995 714 1298 1300 1293 1
714 995 715 1299 1305 647 1
482 481 996 219 1307 1302 1
482 996 994 1301 1303 1296 1
994 996 995 1302 1304 1298 1
995 996 997 1303 1308 1305 1
995 997 715 1304 1306 1300 1
715 997 716 1305 1309 649 1
996 481 998 1301 1310 1308 1
996 998 997 1307 1309 1304 1
997 998 716 1308 1311 1306 1
481 480 998 217 1314 1307 1
716 998 999 1309 1315 1312 1
716 999 717 1311 1313 650 1
717 999 718 1312 1318 652 1
998 480 1000 1310 1316 1315 1
998 1000 999 1314 1317 1311 1
480 479 1000 215 1320 1314 1
999 1000 1001 1315 1321 1318 1
999 1001 718 1317 1319 1313 1
718 1001 719 1318 1327 654 1
1000 479 1002 1316 1322 1321 1
1000 1002 1001 1320 1326 1317 1
479 478 1002 213 1324 1320 1
478 477 1003 211 1332 1324 1
478 1003 1002 1323 1325 1322 1
1002 1003 1004 1324 1330 1326 1
1002 1004 1001 1325 1327 1321 1
1001 1004 719 1326 1328 1319 1
719 1004 720 1327 1329 655 1
720 1004 1005 1328 1330 1331 1
1004 1003 1005 1325 1333 1329 1
720 1005 721 1329 1335 657 1
1003 477 1006 1323 1334 1333 1
1003 1006 1005 1332 1336 1330 1
477 476 1006 210 1339 1332 1
721 1005 1007 1331 1336 1337 1
1005 1006 1007 1333 1340 1335 1
721 1007 722 1335 1341 659 1
476 475 1008 208 1345 1339 1
476 1008 1006 1338 1340 1334 1
1006 1008 1007 1339 1341 1336 1
1007 1008 722 1340 1342 1337 1
722 1008 1009 1341 1346 1343 1
722 1009 723 1342 1344 660 1
723 1009 724 1343 1350 662 1
1008 475 1010 1338 1347 1346 1
1008 1010 1009 1345 1349 1342 1
475 474 1010 206 1348 1345 1
474 473 1010 204 1352 1347 1
1009 1010 1011 1346 1352 1350 1
1009 1011 724 1349 1351 1344 1
724 1011 725 1350 1355 664 1
1010 473 1011 1348 1354 1349 1
473 472 1012 203 1360 1354 1
473 1012 1011 1353 1355 1352 1
1011 1012 725 1354 1356 1351 1
725 1012 1013 1355 1361 1357 1
725 1013 726 1356 1358 665 1
726 1013 727 1357 1363 667 1
472 471 1014 201 1366 1360 1
472 1014 1012 1359 1361 1353 1
1012 1014 1013 1360 1362 1356 1
1013 1014 1015 1361 1367 1363 1
1013 1015 727 1362 1364 1358 1
727 1015 728 1363 1369 669 1
471 470 1016 199 1371 1366 1
471 1016 1014 1365 1367 1359 1
1014 1016 1015 1366 1368 1362 1
1015 1016 1017 1367 1372 1369 1
1015 1017 728 1368 1370 1364 1
728 1017 729 1369 1373 671 1
1016 470 1018 1365 1374 1372 1
1016 1018 1017 1371 1373 1368 1
1017 1018 729 1372 1375 1370 1
470 469 1018 197 1377 1371 1
729 1018 1019 1373 1377 1376 1
729 1019 730 1375 1381 673 1
1018 469 1019 1374 1379 1375 1
469 468 1020 195 1384 1379 1
469 1020 1019 1378 1380 1377 1
1019 1020 1021 1379 1385 1381 1
1019 1021 730 1380 1382 1376 1
730 1021 731 1381 1387 675 1
468 467 1022 193 1389 1384 1
468 1022 1020 1383 1385 1378 1
1020 1022 1021 1384 1386 1380 1
1021 1022 1023 1385 1390 1387 1
1021 1023 731 1386 1388 1382 1
731 1023 732 1387 1391 677 1
1022 467 1024 1383 1392 1390 1
1022 1024 1023 1389 1391 1386 1
1023 1024 732 1390 1393 1388 1
467 466 1024 191 1396 1389 1
732 1024 1025 1391 1397 1394 1
732 1025 733 1393 1395 678 1
733 1025 734 1394 1399 680 1
1024 466 1026 1392 1398 1397 1
1024 1026 1025 1396 1400 1393 1
466 465 1026 189 1402 1396 1
734 1025 1027 1395 1400 1401 1
1025 1026 1027 1397 1402 1399 1
734 1027 735 1399 1406 682 1
1026 465 1027 1398 1404 1400 1
465 464 1028 187 1412 1404 1
465 1028 1027 1403 1405 1402 1
1027 1028 1029 1404 1413 1406 1
1027 1029 735 1405 1407 1401 1
735 1029 736 1406 1408 683 1
736 1029 1030 1407 1414 1409 1
736 1030 737 1408 1410 685 1
737 1030 1031 1409 1415 1411 1
737 1031 738 1410 1421 687 1
1028 464 1032 1403 1416 1413 1
1028 1032 1029 1412 1414 1405 1
1029 1032 1030 1413 1415 1408 1
1030 1032 1031 1414 1417 1410 1
464 463 1032 185 1417 1412 1
1032 463 1031 1416 1419 1415 1
463 462 1033 183 1424 1419 1
463 1033 1031 1418 1420 1417 1
1031 1033 1034 1419 1425 1421 1
1031 1034 738 1420 1422 1411 1
738 1034 739 1421 1427 689 1
462 461 1035 181 1429 1424 1
462 1035 1033 1423 1425 1418 1
1033 1035 1034 1424 1426 1420 1
1034 1035 1036 1425 1430 1427 1
1034 1036 739 1426 1428 1422 1
739 1036 740 1427 1431 691 1
1035 461 1037 1423 1432 1430 1
1035 1037 1036 1429 1431 1426 1
1036 1037 740 1430 1433 1428 1
461 460 1037 179 1436 1429 1
740 1037 1038 1431 1437 1434 1
740 1038 741 1433 1435 692 1
741 1038 742 1434 1439 694 1
1037 460 1039 1432 1438 1437 1
1037 1039 1038 1436 1440 1433 1
460 459 1039 177 1442 1436 1
742 1038 1040 1435 1440 1441 1
1038 1039 1040 1437 1442 1439 1
742 1040 743 1439 1446 696 1
1039 459 1040 1438 1444 1440 1
459 458 1041 175 1452 1444 1
459 1041 1040 1443 1445 1442 1
1040 1041 1042 1444 1453 1446 1
1040 1042 743 1445 1447 1441 1
743 1042 744 1446 1448 697 1
744 1042 1043 1447 1454 1449 1
744 1043 745 1448 1450 699 1
745 1043 1044 1449 1455 1451 1
745 1044 746 1450 1461 701 1
1041 458 1045 1443 1456 1453 1
1041 1045 1042 1452 1454 1445 1
1042 1045 1043 1453 1455 1448 1
1043 1045 1044 1454 1457 1450 1
458 457 1045 173 1457 1452 1
1045 457 1044 1456 1459 1455 1
457 456 1046 171 1464 1459 1
457 1046 1044 1458 1460 1457 1
1044 1046 1047 1459 1465 1461 1
1044 1047 746 1460 1462 1451 1
746 1047 747 1461 1468 703 1
456 455 1048 169 1466 1464 1
456 1048 1046 1463 1465 1458 1
1046 1048 1047 1464 1467 1460 1
455 454 1048 167 1470 1463 1
1047 1048 1049 1465 1470 1468 1
1047 1049 747 1467 1469 1462 1
747 1049 748 1468 1472 705 1
1048 454 1049 1466 1471 1467 1
1049 454 1050 1470 1473 1472 1
1049 1050 748 1471 1474 1469 1
454 453 1050 166 1480 1471 1
748 1050 749 1472 1475 706 1
749 1050 1051 1474 1481 1476 1
749 1051 750 1475 1477 708 1
750 1051 1052 1476 1482 1478 1
750 1052 751 1477 1490 710 1
453 452 1053 164 1483 1480 1
453 1053 1050 1479 1481 1473 1
1050 1053 1051 1480 1482 1475 1
1051 1053 1052 1481 1485 1477 1
1053 452 1054 1479 1484 1485 1
452 451 1054 162 1486 1483 1
1053 1054 1052 1483 1489 1482 1
451 450 1054 160 1487 1484 1
1054 450 1055 1486 1498 1488 1
1054 1055 1056 1487 1493 1489 1
1054 1056 1052 1488 1490 1485 1
1052 1056 751 1489 1491 1478 1
751 1056 752 1490 1492 711 1
752 1056 1057 1491 1493 1494 1
1056 1055 1057 1488 1499 1492 1
752 1057 753 1492 1495 713 1
753 1057 1058 1494 1500 1496 1
753 1058 754 1495 1505 715 1
450 449 1059 159 1502 1498 1
450 1059 1055 1497 1499 1487 1
1055 1059 1057 1498 1500 1493 1
1057 1059 1058 1499 1503 1495 1
449 448 1060 157 1508 1502 1
449 1060 1059 1501 1503 1497 1
1059 1060 1058 1502 1504 1500 1
1058 1060 1061 1503 1509 1505 1
1058 1061 754 1504 1506 1496 1
754 1061 755 1505 1512 717 1
448 447 1062 155 1510 1508 1
448 1062 1060 1507 1509 1501 1
1060 1062 1061 1508 1511 1504 1
447 446 1062 153 1514 1507 1
1061 1062 1063 1509 1514 1512 1
1061 1063 755 1511 1513 1506 1
755 1063 756 1512 1516 719 1
1062 446 1063 1510 1515 1511 1
1063 446 1064 1514 1517 1516 1
1063 1064 756 1515 1518 1513 1
446 445 1064 152 1522 1515 1
756 1064 1065 1516 1523 1519 1
756 1065 757 1518 1520 720 1
757 1065 758 1519 1525 722 1
445 444 1066 150 1527 1522 1
445 1066 1064 1521 1523 1517 1
1064 1066 1065 1522 1524 1518 1
1065 1066 1067 1523 1529 1525 1
1065 1067 758 1524 1526 1520 1
758 1067 759 1525 1533 724 1
1066 444 1068 1521 1528 1529 1
444 443 1068 148 1530 1527 1
1066 1068 1067 1527 1531 1524 1
443 442 1068 146 1532 1528 1
1067 1068 1069 1529 1532 1533 1
1068 442 1069 1530 1538 1531 1
1067 1069 759 1531 1534 1526 1
759 1069 1070 1533 1539 1535 1
759 1070 760 1534 1536 725 1
760 1070 761 1535 1543 727 1
442 441 1071 145 1541 1538 1
442 1071 1069 1537 1539 1532 1
1069 1071 1070 1538 1542 1534 1
441 440 1072 143 1550 1541 1
441 1072 1071 1540 1545 1537 1
1070 1071 1073 1539 1545 1543 1
1070 1073 761 1542 1544 1536 1
761 1073 762 1543 1547 729 1
1071 1072 1073 1541 1546 1542 1
1073 1072 1074 1545 1551 1547 1
1073 1074 762 1546 1548 1544 1
762 1074 763 1547 1554 731 1
440 439 1075 141 1552 1550 1
440 1075 1072 1549 1551 1540 1
1072 1075 1074 1550 1553 1546 1
439 438 1075 139 1556 1549 1
1074 1075 1076 1551 1556 1554 1
1074 1076 763 1553 1555 1548 1
763 1076 764 1554 1559 733 1
1075 438 1076 1552 1558 1553 1
438 437 1077 138 1564 1558 1
438 1077 1076 1557 1559 1556 1
1076 1077 764 1558 1560 1555 1
764 1077 1078 1559 1565 1561 1
764 1078 765 1560 1562 734 1
765 1078 766 1561 1567 736 1
437 436 1079 136 1569 1564 1
437 1079 1077 1563 1565 1557 1
1077 1079 1078 1564 1566 1560 1
1078 1079 1080 1565 1571 1567 1
1078 1080 766 1566 1568 1562 1
766 1080 767 1567 1575 738 1
1079 436 1081 1563 1570 1571 1
436 435 1081 134 1572 1569 1
1079 1081 1080 1569 1573 1566 1
435 434 1081 132 1574 1570 1
1080 1081 1082 1571 1574 1575 1
1081 434 1082 1572 1578 1573 1
1080 1082 767 1573 1576 1568 1
767 1082 768 1575 1579 739 1
434 433 1083 131 1583 1578 1
434 1083 1082 1577 1579 1574 1
1082 1083 768 1578 1580 1576 1
768 1083 769 1579 1581 741 1
769 1083 770 1580 1584 743 1
433 432 1084 129 1588 1583 1
433 1084 1083 1582 1584 1577 1
1083 1084 770 1583 1585 1581 1
770 1084 1085 1584 1590 1586 1
770 1085 771 1585 1587 744 1
771 1085 772 1586 1592 746 1
1084 432 1086 1582 1589 1590 1
432 431 1086 127 1591 1588 1
1084 1086 1085 1588 1593 1585 1
431 430 1086 125 1594 1589 1
772 1085 1087 1587 1593 1595 1
1085 1086 1087 1590 1594 1592 1
1086 430 1087 1591 1597 1593 1
772 1087 773 1592 1598 748 1
430 429 1088 124 1603 1597 1
430 1088 1087 1596 1598 1594 1
1087 1088 773 1597 1599 1595 1
773 1088 1089 1598 1604 1600 1
773 1089 774 1599 1601 749 1
774 1089 775 1600 1606 751 1
429 428 1090 122 1608 1603 1
429 1090 1088 1602 1604 1596 1
1088 1090 1089 1603 1605 1599 1
1089 1090 1091 1604 1610 1606 1
1089 1091 775 1605 1607 1601 1
775 1091 776 1606 1615 753 1
1090 428 1092 1602 1609 1610 1
428 427 1092 120 1611 1608 1
1090 1092 1091 1608 1614 1605 1
427 426 1092 118 1612 1609 1
1092 426 1093 1611 1618 1613 1
1092 1093 1094 1612 1622 1614 1
1092 1094 1091 1613 1615 1610 1
1091 1094 776 1614 1616 1607 1
776 1094 777 1615 1621 754 1
426 425 1095 117 1620 1618 1
426 1095 1093 1617 1624 1612 1
425 424 1096 115 1631 1620 1
425 1096 1095 1619 1627 1617 1
777 1094 1097 1616 1622 1623 1
1094 1093 1097 1613 1624 1621 1
777 1097 778 1621 1626 756 1
1093 1095 1097 1618 1625 1622 1
1097 1095 1098 1624 1627 1626 1
1097 1098 778 1625 1628 1623 1
1095 1096 1098 1620 1633 1625 1
778 1098 1099 1626 1634 1629 1
778 1099 4 1628 1635 757 1
424 423 1100 113 1641 1631 1
424 1100 1096 1630 1632 1619 1
1096 1100 1101 1631 1639 1633 1
1096 1101 1098 1632 1634 1627 1
1098 1101 1099 1633 1637 1628 1
4 1099 1102 1629 1638 1636 1
4 1102 651 1635 1684 532 1
1099 1101 1103 1634 1640 1638 1
1099 1103 1102 1637 1674 1635 1
1101 1100 1104 1632 1642 1640 1
1101 1104 1103 1639 1649 1637 1
1100 423 1105 1630 1643 1642 1
1100 1105 1104 1641 1648 1639 1
423 422 1105 111 1646 1641 1
422 420 1106 109 1651 1645 1
422 1106 1107 1644 1662 1646 1
422 1107 1105 1645 1647 1643 1
1105 1107 1108 1646 1664 1648 1
1105 1108 1104 1647 1649 1642 1
1104 1108 1103 1648 1671 1640 1
420 417 1109 105 1652 1651 1
420 1109 1106 1650 1659 1644 1
417 416 1109 98 1654 1650 1
416 418 1110 101 1655 1654 1
416 1110 1109 1653 1658 1652 1
418 419 1110 104 1656 1653 1
419 421 1110 108 1657 1655 1
1110 421 1111 1656 1660 1658 1
1110 1111 1109 1657 1659 1654 1
1109 1111 1106 1658 1661 1651 1
421 780 1111 760 1663 1657 1
1106 1111 1112 1659 1663 1662 1
1106 1112 1107 1661 1664 1645 1
1111 780 1112 1660 1668 1661 1
1107 1112 1108 1662 1669 1647 1
780 779 1113 759 1666 1667 1
779 781 1113 762 1675 1665 1
780 1113 1114 1665 1672 1668 1
780 1114 1112 1667 1669 1663 1
1112 1114 1108 1668 1670 1664 1
1108 1114 1115 1669 1672 1671 1
1108 1115 1103 1670 1673 1649 1
1114 1113 1115 1667 1677 1670 1
1103 1115 1116 1671 1678 1674 1
1103 1116 1102 1673 1683 1638 1
1113 781 1117 1666 1676 1677 1
781 783 1117 765 1680 1675 1
1113 1117 1115 1675 1678 1672 1
1115 1117 1116 1677 1679 1673 1
1116 1117 1118 1678 1680 1682 1
1117 783 1118 1676 1681 1679 1
783 782 1118 764 1686 1680 1
1116 1118 1119 1679 1687 1683 1
1116 1119 1102 1682 1684 1674 1
1102 1119 651 1683 1692 1636 1
782 784 1120 767 1689 1686 1
782 1120 1118 1685 1687 1681 1
1118 1120 1119 1686 1691 1682 1
784 785 1121 769 1697 1689 1
784 1121 1120 1688 1690 1685 1
1120 1121 1122 1689 1694 1691 1
1120 1122 1119 1690 1692 1687 1
1119 1122 651 1691 1693 1684 1
651 1122 649 1692 1695 533 1
1122 1121 1123 1690 1698 1695 1
1122 1123 649 1694 1696 1693 1
649 1123 650 1695 1701 530 1
1121 785 1124 1688 1699 1698 1
1121 1124 1123 1697 1700 1694 1
785 786 1124 771 1703 1697 1
1123 1124 1125 1698 1704 1701 1
1123 1125 650 1700 1702 1696 1
650 1125 648 1701 1706 531 1
1124 786 1126 1699 1705 1704 1
1124 1126 1125 1703 1708 1700 1
786 788 1126 774 1710 1703 1
648 1125 1127 1702 1708 1707 1
648 1127 646 1706 1709 528 1
1125 1126 1127 1704 1711 1706 1
646 1127 647 1707 1713 525 1
1126 788 1128 1705 1712 1711 1
1126 1128 1127 1710 1713 1708 1
788 787 1128 773 1715 1710 1
1127 1128 647 1711 1717 1709 1
787 789 1129 776 1720 1715 1
787 1129 1128 1714 1716 1712 1
1128 1129 1130 1715 1721 1717 1
1128 1130 647 1716 1718 1713 1
647 1130 645 1717 1722 526 1
789 790 1131 778 1725 1720 1
789 1131 1129 1719 1721 1714 1
1129 1131 1130 1720 1723 1716 1
645 1130 1132 1718 1723 1724 1
1130 1131 1132 1721 1726 1722 1
645 1132 644 1722 1728 523 1
1131 790 1133 1719 1729 1726 1
1131 1133 1132 1725 1727 1723 1
1132 1133 1134 1726 1731 1728 1
1132 1134 644 1727 1733 1724 1
790 791 1133 780 1730 1725 1
1133 791 1135 1729 1732 1731 1
1133 1135 1134 1730 1734 1727 1
791 793 1135 783 1738 1730 1
644 1134 643 1728 1735 521 1
1134 1135 1136 1731 1739 1735 1
1134 1136 643 1734 1736 1733 1
643 1136 641 1735 1737 519 1
641 1136 642 1736 1740 516 1
1135 793 1137 1732 1741 1739 1
1135 1137 1136 1738 1740 1734 1
1136 1137 642 1739 1744 1737 1
793 792 1137 782 1743 1738 1
792 794 1138 785 1749 1743 1
792 1138 1137 1742 1744 1741 1
1137 1138 642 1743 1745 1740 1
642 1138 1139 1744 1750 1746 1
642 1139 640 1745 1747 517 1
640 1139 638 1746 1751 514 1
794 796 1140 788 1754 1749 1
794 1140 1138 1748 1750 1742 1
1138 1140 1139 1749 1752 1745 1
638 1139 1141 1747 1752 1753 1
1139 1140 1141 1750 1754 1751 1
638 1141 639 1751 1759 511 1
1140 796 1141 1748 1756 1752 1
796 795 1142 787 1757 1756 1
796 1142 1141 1755 1758 1754 1
795 797 1142 790 1761 1755 1
1141 1142 1143 1756 1763 1759 1
1141 1143 639 1758 1760 1753 1
639 1143 637 1759 1764 512 1
1142 797 1144 1757 1762 1763 1
797 798 1144 792 1767 1761 1
1142 1144 1143 1761 1765 1758 1
637 1143 1145 1760 1765 1766 1
1143 1144 1145 1763 1769 1764 1
637 1145 636 1764 1771 509 1
1144 798 1146 1762 1768 1769 1
798 799 1146 794 1772 1767 1
1144 1146 1145 1767 1770 1765 1
1145 1146 1147 1769 1773 1771 1
1145 1147 636 1770 1775 1766 1
1146 799 1148 1768 1774 1773 1
1146 1148 1147 1772 1776 1770 1
799 801 1148 797 1780 1772 1
636 1147 635 1771 1777 507 1
1147 1148 1149 1773 1781 1777 1
1147 1149 635 1776 1778 1775 1
635 1149 633 1777 1779 505 1
633 1149 634 1778 1782 502 1
1148 801 1150 1774 1783 1781 1
1148 1150 1149 1780 1782 1776 1
1149 1150 634 1781 1787 1779 1
801 800 1150 796 1785 1780 1
800 802 1151 799 1790 1785 1
800 1151 1150 1784 1786 1783 1
1150 1151 1152 1785 1791 1787 1
1150 1152 634 1786 1788 1782 1
634 1152 632 1787 1793 503 1
802 804 1153 802 1798 1790 1
802 1153 1151 1789 1791 1784 1
1151 1153 1152 1790 1792 1786 1
1152 1153 1154 1791 1796 1793 1
1152 1154 632 1792 1794 1788 1
632 1154 630 1793 1795 500 1
630 1154 631 1794 1797 497 1
1154 1153 1155 1792 1798 1797 1
1154 1155 631 1796 1804 1795 1
1153 804 1155 1789 1799 1796 1
804 803 1155 801 1801 1798 1
803 805 1156 804 1802 1801 1
803 1156 1155 1800 1803 1799 1
805 807 1156 807 1809 1800 1
1155 1156 1157 1801 1808 1804 1
1155 1157 631 1803 1805 1797 1
631 1157 629 1804 1806 498 1
629 1157 1158 1805 1810 1807 1
629 1158 628 1806 1815 495 1
1157 1156 1159 1803 1809 1810 1
1156 807 1159 1802 1812 1808 1
1157 1159 1158 1808 1811 1806 1
1158 1159 1160 1810 1812 1814 1
1159 807 1160 1809 1813 1811 1
807 806 1160 806 1817 1812 1
1158 1160 1161 1811 1819 1815 1
1158 1161 628 1814 1816 1807 1
628 1161 627 1815 1822 493 1
806 808 1160 809 1818 1813 1
1160 808 1162 1817 1820 1819 1
1160 1162 1161 1818 1821 1814 1
808 810 1162 812 1825 1818 1
1161 1162 1163 1819 1826 1822 1
1161 1163 627 1821 1823 1816 1
627 1163 625 1822 1824 491 1
625 1163 626 1823 1827 488 1
1162 810 1164 1820 1828 1826 1
1162 1164 1163 1825 1827 1821 1
1163 1164 626 1826 1831 1824 1
810 809 1164 811 1830 1825 1
809 811 1165 814 1836 1830 1
809 1165 1164 1829 1831 1828 1
1164 1165 626 1830 1832 1827 1
626 1165 1166 1831 1837 1833 1
626 1166 624 1832 1834 489 1
624 1166 622 1833 1838 486 1
811 813 1167 817 1841 1836 1
811 1167 1165 1835 1837 1829 1
1165 1167 1166 1836 1839 1832 1
622 1166 1168 1834 1839 1840 1
1166 1167 1168 1837 1841 1838 1
622 1168 623 1838 1846 483 1
1167 813 1168 1835 1843 1839 1
813 812 1169 816 1844 1843 1
813 1169 1168 1842 1845 1841 1
812 814 1169 819 1848 1842 1
1168 1169 1170 1843 1850 1846 1
1168 1170 623 1845 1847 1840 1
623 1170 621 1846 1851 484 1
1169 814 1171 1844 1849 1850 1
814 815 1171 821 1854 1848 1
1169 1171 1170 1848 1852 1845 1
621 1170 1172 1847 1852 1853 1
1170 1171 1172 1850 1856 1851 1
621 1172 620 1851 1858 481 1
1171 815 1173 1849 1855 1856 1
815 816 1173 823 1859 1854 1
1171 1173 1172 1854 1857 1852 1
1172 1173 1174 1856 1860 1858 1
1172 1174 620 1857 1862 1853 1
1173 816 1175 1855 1861 1860 1
1173 1175 1174 1859 1863 1857 1
816 818 1175 826 1867 1859 1
620 1174 619 1858 1864 479 1
1174 1175 1176 1860 1868 1864 1
1174 1176 619 1863 1865 1862 1
619 1176 617 1864 1866 477 1
617 1176 618 1865 1869 474 1
1175 818 1177 1861 1870 1868 1
1175 1177 1176 1867 1869 1863 1
1176 1177 618 1868 1874 1866 1
818 817 1177 825 1872 1867 1
817 819 1178 828 1877 1872 1
817 1178 1177 1871 1873 1870 1
1177 1178 1179 1872 1878 1874 1
1177 1179 618 1873 1875 1869 1
618 1179 616 1874 1880 475 1
819 821 1180 831 1885 1877 1
819 1180 1178 1876 1878 1871 1
1178 1180 1179 1877 1879 1873 1
1179 1180 1181 1878 1883 1880 1
1179 1181 616 1879 1881 1875 1
616 1181 614 1880 1882 472 1
614 1181 615 1881 1884 469 1
1181 1180 1182 1879 1885 1884 1
1181 1182 615 1883 1891 1882 1
1180 821 1182 1876 1886 1883 1
821 820 1182 830 1888 1885 1
820 822 1183 833 1889 1888 1
820 1183 1182 1887 1890 1886 1
822 824 1183 836 1896 1887 1
1182 1183 1184 1888 1895 1891 1
1182 1184 615 1890 1892 1884 1
615 1184 613 1891 1893 470 1
613 1184 1185 1892 1897 1894 1
613 1185 612 1893 1902 467 1
1184 1183 1186 1890 1896 1897 1
1183 824 1186 1889 1899 1895 1
1184 1186 1185 1895 1898 1893 1
1185 1186 1187 1897 1899 1901 1
1186 824 1187 1896 1900 1898 1
824 823 1187 835 1904 1899 1
1185 1187 1188 1898 1906 1902 1
1185 1188 612 1901 1903 1894 1
612 1188 611 1902 1909 465 1
823 825 1187 838 1905 1900 1
1187 825 1189 1904 1907 1906 1
1187 1189 1188 1905 1908 1901 1
825 827 1189 841 1912 1905 1
1188 1189 1190 1906 1913 1909 1
1188 1190 611 1908 1910 1903 1
611 1190 609 1909 1911 463 1
609 1190 610 1910 1914 460 1
1189 827 1191 1907 1915 1913 1
1189 1191 1190 1912 1914 1908 1
1190 1191 610 1913 1918 1911 1
827 826 1191 840 1917 1912 1
826 828 1192 843 1923 1917 1
826 1192 1191 1916 1918 1915 1
1191 1192 610 1917 1919 1914 1
610 1192 1193 1918 1924 1920 1
610 1193 608 1919 1921 461 1
608 1193 606 1920 1925 458 1
828 830 1194 846 1928 1923 1
828 1194 1192 1922 1924 1916 1
1192 1194 1193 1923 1926 1919 1
606 1193 1195 1921 1926 1927 1
1193 1194 1195 1924 1928 1925 1
606 1195 607 1925 1933 455 1
1194 830 1195 1922 1930 1926 1
830 829 1196 845 1931 1930 1
830 1196 1195 1929 1932 1928 1
829 831 1196 848 1935 1929 1
1195 1196 1197 1930 1937 1933 1
1195 1197 607 1932 1934 1927 1
607 1197 605 1933 1938 456 1
1196 831 1198 1931 1936 1937 1
831 832 1198 850 1941 1935 1
1196 1198 1197 1935 1939 1932 1
605 1197 1199 1934 1939 1940 1
1197 1198 1199 1937 1943 1938 1
605 1199 604 1938 1945 453 1
1198 832 1200 1936 1942 1943 1
832 833 1200 852 1946 1941 1
1198 1200 1199 1941 1944 1939 1
1199 1200 1201 1943 1947 1945 1
1199 1201 604 1944 1949 1940 1
1200 833 1202 1942 1948 1947 1
1200 1202 1201 1946 1950 1944 1
833 835 1202 855 1954 1946 1
604 1201 603 1945 1951 451 1
1201 1202 1203 1947 1955 1951 1
1201 1203 603 1950 1952 1949 1
603 1203 601 1951 1953 449 1
601 1203 602 1952 1956 446 1
1202 835 1204 1948 1957 1955 1
1202 1204 1203 1954 1956 1950 1
1203 1204 602 1955 1961 1953 1
835 834 1204 854 1959 1954 1
834 836 1205 857 1964 1959 1
834 1205 1204 1958 1960 1957 1
1204 1205 1206 1959 1965 1961 1
1204 1206 602 1960 1962 1956 1
602 1206 600 1961 1967 447 1
836 838 1207 860 1972 1964 1
836 1207 1205 1963 1965 1958 1
1205 1207 1206 1964 1966 1960 1
1206 1207 1208 1965 1970 1967 1
1206 1208 600 1966 1968 1962 1
600 1208 598 1967 1969 444 1
598 1208 599 1968 1971 441 1
1208 1207 1209 1966 1972 1971 1
1208 1209 599 1970 1978 1969 1
1207 838 1209 1963 1973 1970 1
838 837 1209 859 1975 1972 1
837 839 1210 862 1976 1975 1
837 1210 1209 1974 1977 1973 1
839 841 1210 865 1983 1974 1
1209 1210 1211 1975 1982 1978 1
1209 1211 599 1977 1979 1971 1
599 1211 597 1978 1980 442 1
597 1211 1212 1979 1984 1981 1
597 1212 596 1980 1989 439 1
1211 1210 1213 1977 1983 1984 1
1210 841 1213 1976 1986 1982 1
1211 1213 1212 1982 1985 1980 1
1212 1213 1214 1984 1986 1988 1
1213 841 1214 1983 1987 1985 1
841 840 1214 864 1991 1986 1
1212 1214 1215 1985 1993 1989 1
1212 1215 596 1988 1990 1981 1
596 1215 595 1989 1996 437 1
840 842 1214 867 1992 1987 1
1214 842 1216 1991 1994 1993 1
1214 1216 1215 1992 1995 1988 1
842 844 1216 870 1999 1992 1
1215 1216 1217 1993 2000 1996 1
1215 1217 595 1995 1997 1990 1
595 1217 593 1996 1998 435 1
593 1217 594 1997 2001 432 1
1216 844 1218 1994 2002 2000 1
1216 1218 1217 1999 2001 1995 1
1217 1218 594 2000 2005 1998 1
844 843 1218 869 2004 1999 1
843 845 1219 872 2010 2004 1
843 1219 1218 2003 2005 2002 1
1218 1219 594 2004 2006 2001 1
594 1219 1220 2005 2011 2007 1
594 1220 592 2006 2008 433 1
592 1220 590 2007 2012 430 1
845 847 1221 875 2015 2010 1
845 1221 1219 2009 2011 2003 1
1219 1221 1220 2010 2013 2006 1
590 1220 1222 2008 2013 2014 1
1220 1221 1222 2011 2015 2012 1
590 1222 591 2012 2020 427 1
1221 847 1222 2009 2017 2013 1
847 846 1223 874 2018 2017 1
847 1223 1222 2016 2019 2015 1
846 848 1223 877 2022 2016 1
1222 1223 1224 2017 2024 2020 1
1222 1224 591 2019 2021 2014 1
591 1224 589 2020 2025 428 1
1223 848 1225 2018 2023 2024 1
848 849 1225 879 2028 2022 1
1223 1225 1224 2022 2026 2019 1
589 1224 1226 2021 2026 2027 1
1224 1225 1226 2024 2030 2025 1
589 1226 588 2025 2032 425 1
1225 849 1227 2023 2029 2030 1
849 850 1227 881 2033 2028 1
1225 1227 1226 2028 2031 2026 1
1226 1227 1228 2030 2034 2032 1
1226 1228 588 2031 2036 2027 1
1227 850 1229 2029 2035 2034 1
1227 1229 1228 2033 2037 2031 1
850 852 1229 884 2041 2033 1
588 1228 587 2032 2038 423 1
1228 1229 1230 2034 2042 2038 1
1228 1230 587 2037 2039 2036 1
587 1230 585 2038 2040 421 1
585 1230 586 2039 2043 418 1
1229 852 1231 2035 2044 2042 1
1229 1231 1230 2041 2043 2037 1
1230 1231 586 2042 2048 2040 1
852 851 1231 883 2046 2041 1
851 853 1232 886 2051 2046 1
851 1232 1231 2045 2047 2044 1
1231 1232 1233 2046 2052 2048 1
1231 1233 586 2047 2049 2043 1
586 1233 584 2048 2053 419 1
853 854 1234 888 2082 2051 1
853 1234 1232 2050 2052 2045 1
1232 1234 1233 2051 2054 2047 1
584 1233 1235 2049 2054 2055 1
1233 1234 1235 2052 2084 2053 1
584 1235 583 2053 2086 416 1
890 566 1236 969 2057 2058 1
566 567 1236 387 2062 2056 1
890 1236 891 2056 2059 973 1
891 1236 1237 2058 2063 2060 1
891 1237 869 2059 2061 974 1
869 1237 868 2060 2066 915 1
1236 567 1238 2057 2064 2063 1
1236 1238 1237 2062 2065 2059 1
567 569 1238 390 2069 2062 1
1237 1238 1239 2063 2070 2066 1
1237 1239 868 2065 2067 2061 1
868 1239 866 2066 2068 913 1
866 1239 867 2067 2071 910 1
1238 569 1240 2064 2072 2070 1
1238 1240 1239 2069 2071 2065 1
1239 1240 867 2070 2076 2068 1
569 568 1240 389 2074 2069 1
568 570 1241 392 2078 2074 1
568 1241 1240 2073 2075 2072 1
1240 1241 1242 2074 2080 2076 1
1240 1242 867 2075 2077 2071 1
867 1242 865 2076 2079 911 1
570 572 1241 395 2145 2073 1
865 1242 1243 2077 2080 2081 1
1242 1241 1243 2075 2145 2079 1
865 1243 864 2079 2138 908 1
1234 854 1244 2050 2083 2084 1
854 855 1244 890 2087 2082 1
1234 1244 1235 2082 2085 2054 1
1235 1244 1245 2084 2088 2086 1
1235 1245 583 2085 2090 2055 1
1244 855 1246 2083 2089 2088 1
1244 1246 1245 2087 2091 2085 1
855 857 1246 893 2095 2087 1
583 1245 582 2086 2092 414 1
1245 1246 1247 2088 2096 2092 1
1245 1247 582 2091 2093 2090 1
582 1247 580 2092 2094 412 1
580 1247 581 2093 2097 409 1
1246 857 1248 2089 2099 2096 1
1246 1248 1247 2095 2097 2091 1
1247 1248 581 2096 2102 2094 1
857 856 1249 892 2100 2099 1
857 1249 1248 2098 2101 2095 1
856 858 1249 895 2104 2098 1
1248 1249 1250 2099 2106 2102 1
1248 1250 581 2101 2103 2097 1
581 1250 579 2102 2107 410 1
1249 858 1251 2100 2105 2106 1
858 859 1251 897 2111 2104 1
1249 1251 1250 2104 2108 2101 1
579 1250 1252 2103 2108 2109 1
1250 1251 1252 2106 2114 2107 1
579 1252 577 2107 2110 407 1
577 1252 578 2109 2115 404 1
1251 859 1253 2105 2112 2113 1
859 860 1253 899 2116 2111 1
1251 1253 1254 2111 2117 2114 1
1251 1254 1252 2113 2115 2108 1
1252 1254 578 2114 2120 2110 1
1253 860 1255 2112 2118 2117 1
1253 1255 1254 2116 2119 2113 1
860 862 1255 902 2126 2116 1
1254 1255 1256 2117 2124 2120 1
1254 1256 578 2119 2121 2115 1
578 1256 576 2120 2122 405 1
576 1256 1257 2121 2124 2123 1
576 1257 574 2122 2125 402 1
1256 1255 1257 2119 2127 2122 1
574 1257 575 2123 2128 399 1
1255 862 1258 2118 2130 2127 1
1255 1258 1257 2126 2128 2124 1
1257 1258 575 2127 2133 2125 1
862 861 1259 901 2131 2130 1
862 1259 1258 2129 2132 2126 1
861 863 1259 904 2135 2129 1
1258 1259 1260 2130 2137 2133 1
1258 1260 575 2132 2134 2128 1
575 1260 573 2133 2139 400 1
1259 863 1261 2131 2136 2137 1
863 864 1261 906 2138 2135 1
1259 1261 1260 2135 2140 2132 1
864 1243 1261 2081 2142 2136 1
573 1260 1262 2134 2140 2141 1
1260 1261 1262 2137 2142 2139 1
573 1262 571 2139 2143 397 1
1261 1243 1262 2138 2144 2140 1
571 1262 572 2141 2144 394 1
1262 1243 572 2142 2145 2143 1
572 1243 1241 2144 2080 2078 1
