2257
8 42 208 2287 14 2 1
8 208 41 1 22 1360 1
7 30 209 1428 16 4 1
7 209 29 3 10 1296 1
6 28 210 1303 11 6 1
6 210 27 5 18 910 1
5 16 211 870 26 8 1
5 211 43 7 12 2289 1
28 29 212 1308 10 11 1
29 209 212 4 17 9 1
28 212 210 9 20 5 1
43 211 213 8 27 13 1
43 213 42 12 14 2288 1
42 213 208 13 24 1 1
30 31 214 1433 39 16 1
30 214 209 15 17 3 1
209 214 212 16 21 10 1
27 210 215 6 20 19 1
27 215 26 18 35 945 1
210 212 215 11 21 18 1
212 214 215 17 37 20 1
41 208 216 2 24 23 1
41 216 40 22 29 1375 1
208 213 216 14 28 22 1
16 17 217 889 33 26 1
16 217 211 25 27 7 1
211 217 213 26 28 12 1
213 217 216 27 31 24 1
40 216 218 23 32 30 1
40 218 39 29 41 1511 1
216 217 219 28 33 32 1
216 219 218 31 43 29 1
217 17 219 25 34 31 1
17 18 219 948 45 33 1
26 215 220 19 38 36 1
26 220 25 35 99 952 1
215 214 221 21 39 38 1
215 221 220 37 95 35 1
214 31 221 15 40 37 1
31 32 221 1441 94 39 1
39 218 222 30 44 42 1
39 222 38 41 51 1498 1
218 219 223 32 45 44 1
218 223 222 43 49 41 1
219 18 223 34 47 43 1
18 19 224 966 54 47 1
18 224 223 46 48 45 1
223 224 225 47 55 49 1
223 225 222 48 50 44 1
222 225 226 49 57 51 1
222 226 38 50 52 42 1
38 226 37 51 59 1489 1
19 20 227 964 61 54 1
19 227 224 53 55 46 1
224 227 225 54 56 48 1
225 227 228 55 63 57 1
225 228 226 56 58 50 1
226 228 229 57 65 59 1
226 229 37 58 60 52 1
37 229 36 59 67 1481 1
227 20 230 53 62 63 1
20 21 230 962 69 61 1
227 230 228 61 64 56 1
228 230 231 63 71 65 1
228 231 229 64 66 58 1
229 231 232 65 73 67 1
229 232 36 66 68 60 1
36 232 35 67 75 1473 1
230 21 233 62 70 71 1
21 22 233 960 77 69 1
230 233 231 69 72 64 1
231 233 234 71 78 73 1
231 234 232 72 74 66 1
232 234 235 73 81 75 1
232 235 35 74 76 68 1
35 235 34 75 83 1465 1
233 22 236 70 79 78 1
233 236 234 77 80 72 1
22 23 236 958 85 77 1
234 236 237 78 86 81 1
234 237 235 80 82 74 1
235 237 238 81 89 83 1
235 238 34 82 84 76 1
34 238 33 83 91 1457 1
236 23 239 79 87 86 1
236 239 237 85 88 80 1
23 24 239 956 96 85 1
237 239 240 86 97 89 1
237 240 238 88 90 82 1
238 240 241 89 103 91 1
238 241 33 90 92 84 1
33 241 32 91 93 1449 1
32 241 242 92 104 94 1
32 242 221 93 95 40 1
221 242 220 94 101 38 1
239 24 243 87 98 97 1
239 243 240 96 102 88 1
24 25 243 954 100 96 1
25 220 244 36 101 100 1
25 244 243 99 102 98 1
220 242 244 95 104 99 1
240 243 244 97 100 103 1
240 244 241 102 104 90 1
241 244 242 103 101 93 1
12 86 245 2335 122 106 2
12 245 85 105 113 1520 2
11 74 246 1617 120 108 2
11 246 73 107 133 1695 2
10 56 247 1529 130 110 2
10 247 55 109 115 1409 2
9 44 248 1355 118 112 2
9 248 103 111 125 2353 2
85 245 249 106 124 114 2
85 249 84 113 137 1538 2
55 247 250 110 132 116 2
55 250 54 115 145 1436 2
44 45 251 1379 150 118 2
44 251 248 117 127 111 2
74 75 252 1615 142 120 2
74 252 246 119 135 107 2
86 87 253 2336 233 122 2
86 253 245 121 123 105 2
245 253 254 122 235 124 2
245 254 249 123 139 113 2
103 248 255 112 128 126 2
103 255 102 125 222 2352 2
248 251 256 118 152 128 2
248 256 255 127 224 125 2
56 57 257 1553 228 130 2
56 257 247 129 131 109 2
247 257 258 130 230 132 2
247 258 250 131 147 115 2
73 246 259 108 136 134 2
73 259 72 133 217 1693 2
246 252 260 120 144 136 2
246 260 259 135 219 133 2
84 249 261 114 140 138 2
84 261 83 137 185 1592 2
249 254 262 124 236 140 2
249 262 261 139 187 137 2
75 76 263 1613 201 142 2
75 263 252 141 143 119 2
252 263 264 142 203 144 2
252 264 260 143 221 135 2
54 250 265 116 148 146 2
54 265 53 145 153 1444 2
250 258 266 132 231 148 2
250 266 265 147 155 145 2
45 46 267 1504 169 150 2
45 267 251 149 151 117 2
251 267 268 150 171 152 2
251 268 256 151 226 127 2
53 265 269 146 156 154 2
53 269 52 153 157 1452 2
265 266 270 148 361 156 2
265 270 269 155 183 153 2
52 269 271 154 182 158 2
52 271 51 157 159 1460 2
51 271 272 158 180 160 2
51 272 50 159 161 1468 2
50 272 273 160 178 162 2
50 273 49 161 163 1476 2
49 273 274 162 176 164 2
49 274 48 163 165 1484 2
48 274 275 164 174 166 2
48 275 47 165 167 1492 2
47 275 276 166 172 168 2
47 276 46 167 169 1501 2
46 276 267 168 170 149 2
267 276 277 169 173 171 2
267 277 268 170 378 151 2
276 275 278 167 175 173 2
276 278 277 172 375 170 2
275 274 279 165 177 175 2
275 279 278 174 373 172 2
274 273 280 163 179 177 2
274 280 279 176 371 174 2
273 272 281 161 181 179 2
273 281 280 178 369 176 2
272 271 282 159 184 181 2
272 282 281 180 367 178 2
271 269 283 157 183 184 2
269 270 283 156 363 182 2
271 283 282 182 365 180 2
83 261 284 138 188 186 2
83 284 82 185 189 1597 2
261 262 285 140 387 188 2
261 285 284 187 215 185 2
82 284 286 186 214 190 2
82 286 81 189 191 1601 2
81 286 287 190 212 192 2
81 287 80 191 193 1603 2
80 287 288 192 210 194 2
80 288 79 193 195 1605 2
79 288 289 194 208 196 2
79 289 78 195 197 1607 2
78 289 290 196 206 198 2
78 290 77 197 199 1609 2
77 290 291 198 204 200 2
77 291 76 199 201 1611 2
76 291 263 200 202 141 2
263 291 292 201 205 203 2
263 292 264 202 404 143 2
291 290 293 199 207 205 2
291 293 292 204 401 202 2
290 289 294 197 209 207 2
290 294 293 206 399 204 2
289 288 295 195 211 209 2
289 295 294 208 397 206 2
288 287 296 193 213 211 2
288 296 295 210 395 208 2
287 286 297 191 216 213 2
287 297 296 212 393 210 2
286 284 298 189 215 216 2
284 285 298 188 389 214 2
286 298 297 214 391 212 2
72 259 299 134 220 218 2
72 299 71 217 295 1691 2
259 260 300 136 221 220 2
259 300 299 219 297 217 2
260 264 300 144 405 219 2
102 255 301 126 225 223 2
102 301 101 222 237 2351 2
255 256 302 128 226 225 2
255 302 301 224 239 222 2
256 268 302 152 379 224 2
57 58 303 1629 269 228 2
57 303 257 227 229 129 2
257 303 304 228 271 230 2
257 304 258 229 231 131 2
258 304 266 230 359 147 2
87 88 305 2337 265 233 2
87 305 253 232 234 121 2
253 305 306 233 267 235 2
253 306 254 234 236 123 2
254 306 262 235 384 139 2
101 301 307 223 240 238 2
101 307 100 237 241 2350 2
301 302 308 225 380 240 2
301 308 307 239 357 237 2
100 307 309 238 355 242 2
100 309 99 241 243 2349 2
99 309 310 242 353 244 2
99 310 98 243 245 2348 2
98 310 311 244 350 246 2
98 311 97 245 247 2347 2
97 311 312 246 348 248 2
97 312 96 247 249 2346 2
96 312 313 248 346 250 2
96 313 95 249 251 2345 2
95 313 314 250 343 252 2
95 314 94 251 253 2344 2
94 314 315 252 341 254 2
94 315 93 253 255 2343 2
93 315 316 254 339 256 2
93 316 92 255 257 2342 2
92 316 317 256 336 258 2
92 317 91 257 259 2341 2
91 317 318 258 334 260 2
91 318 90 259 261 2340 2
90 318 319 260 332 262 2
90 319 89 261 263 2339 2
89 319 320 262 329 264 2
89 320 88 263 265 2338 2
88 320 305 264 266 232 2
305 320 321 265 331 267 2
305 321 306 266 385 234 2
58 59 322 1665 273 269 2
58 322 303 268 270 227 2
303 322 323 269 328 271 2
303 323 304 270 360 229 2
59 60 324 1667 275 273 2
59 324 322 272 326 268 2
60 61 325 1669 277 275 2
60 325 324 274 324 272 2
61 62 326 1671 279 277 2
61 326 325 276 322 274 2
62 63 327 1673 281 279 2
62 327 326 278 319 276 2
63 64 328 1675 283 281 2
63 328 327 280 317 278 2
64 65 329 1677 285 283 2
64 329 328 282 315 280 2
65 66 330 1679 287 285 2
65 330 329 284 312 282 2
66 67 331 1681 289 287 2
66 331 330 286 310 284 2
67 68 332 1683 291 289 2
67 332 331 288 308 286 2
68 69 333 1685 293 291 2
68 333 332 290 305 288 2
69 70 334 1687 296 293 2
69 334 333 292 303 290 2
70 71 335 1689 295 296 2
71 299 335 218 298 294 2
70 335 334 294 301 292 2
299 300 336 220 406 298 2
299 336 335 297 299 295 2
335 336 337 298 409 300 2
335 337 338 299 452 301 2
335 338 334 300 302 296 2
334 338 339 301 454 303 2
334 339 333 302 304 293 2
333 339 340 303 456 305 2
333 340 332 304 306 291 2
332 340 341 305 458 307 2
332 341 342 306 631 308 2
332 342 331 307 309 289 2
331 342 343 308 632 310 2
331 343 330 309 311 287 2
330 343 344 310 634 312 2
330 344 329 311 313 285 2
329 344 345 312 636 314 2
329 345 346 313 654 315 2
329 346 328 314 316 283 2
328 346 347 315 657 317 2
328 347 327 316 318 281 2
327 347 348 317 659 319 2
327 348 326 318 320 279 2
326 348 349 319 661 321 2
326 349 350 320 418 322 2
326 350 325 321 323 277 2
325 350 351 322 416 324 2
325 351 324 323 325 275 2
324 351 352 324 414 326 2
324 352 322 325 327 273 2
322 352 353 326 413 328 2
322 353 323 327 410 270 2
320 319 354 263 333 330 2
320 354 355 329 546 331 2
320 355 321 330 474 266 2
319 318 356 261 335 333 2
319 356 354 332 545 329 2
318 317 357 259 338 335 2
318 357 356 334 543 332 2
317 316 358 257 340 337 2
317 358 359 336 532 338 2
317 359 357 337 541 334 2
316 315 360 255 342 340 2
316 360 358 339 530 336 2
315 314 361 253 345 342 2
315 361 360 341 533 339 2
314 313 362 251 347 344 2
314 362 363 343 511 345 2
314 363 361 344 535 341 2
313 312 364 249 349 347 2
313 364 362 346 510 343 2
312 311 365 247 352 349 2
312 365 364 348 505 346 2
311 310 366 245 354 351 2
311 366 367 350 483 352 2
311 367 365 351 503 348 2
310 309 368 243 356 354 2
310 368 366 353 481 350 2
309 307 369 241 358 356 2
309 369 368 355 442 353 2
307 308 370 240 383 358 2
307 370 369 357 441 355 2
266 304 371 231 360 361 2
304 323 371 271 411 359 2
266 371 270 359 362 155 2
270 371 372 361 412 363 2
270 372 283 362 364 183 2
283 372 373 363 424 365 2
283 373 282 364 366 184 2
282 373 374 365 426 367 2
282 374 281 366 368 181 2
281 374 375 367 428 369 2
281 375 280 368 370 179 2
280 375 376 369 430 371 2
280 376 279 370 372 177 2
279 376 377 371 432 373 2
279 377 278 372 374 175 2
278 377 378 373 434 375 2
278 378 277 374 376 173 2
277 378 379 375 436 377 2
277 379 380 376 381 378 2
277 380 268 377 379 171 2
268 380 302 378 380 226 2
302 380 308 379 382 239 2
380 379 381 377 437 382 2
380 381 308 381 383 380 2
308 381 370 382 439 357 2
262 306 382 236 385 386 2
306 321 382 267 473 384 2
262 382 383 384 472 387 2
262 383 285 386 388 187 2
285 383 384 387 470 389 2
285 384 298 388 390 215 2
298 384 385 389 467 391 2
298 385 297 390 392 216 2
297 385 386 391 465 393 2
297 386 296 392 394 213 2
296 386 387 393 463 395 2
296 387 295 394 396 211 2
295 387 388 395 461 397 2
295 388 294 396 398 209 2
294 388 389 397 459 399 2
294 389 293 398 400 207 2
293 389 390 399 446 401 2
293 390 292 400 402 205 2
292 390 391 401 445 403 2
292 391 392 402 407 404 2
292 392 264 403 405 203 2
264 392 300 404 406 221 2
300 392 336 405 408 297 2
392 391 393 403 449 408 2
392 393 336 407 409 406 2
336 393 337 408 451 299 2
323 353 394 328 419 411 2
323 394 371 410 412 360 2
371 394 372 411 422 362 2
353 352 395 327 415 420 2
352 351 396 325 417 415 2
352 396 395 414 518 413 2
351 350 397 323 418 417 2
351 397 396 416 519 414 2
350 349 397 321 663 416 2
394 353 398 410 420 421 2
353 395 398 413 516 419 2
394 398 399 419 512 422 2
394 399 372 421 423 412 2
372 399 400 422 514 424 2
372 400 373 423 425 364 2
373 400 401 424 515 426 2
373 401 374 425 427 366 2
374 401 402 426 523 428 2
374 402 375 427 429 368 2
375 402 403 428 499 430 2
375 403 376 429 431 370 2
376 403 404 430 493 432 2
376 404 377 431 433 372 2
377 404 405 432 488 434 2
377 405 378 433 435 374 2
378 405 406 434 443 436 2
378 406 379 435 437 376 2
379 406 381 436 438 381 2
381 406 407 437 444 439 2
381 407 370 438 440 383 2
370 407 408 439 478 441 2
370 408 369 440 442 358 2
369 408 368 441 480 356 2
406 405 409 435 487 444 2
406 409 407 443 476 438 2
391 390 410 402 447 448 2
390 389 411 400 460 447 2
390 411 410 446 571 445 2
391 410 412 445 572 449 2
391 412 393 448 450 407 2
393 412 413 449 574 451 2
393 413 337 450 452 409 2
337 413 338 451 453 300 2
338 413 414 452 575 454 2
338 414 339 453 455 302 2
339 414 415 454 577 456 2
339 415 340 455 457 304 2
340 415 416 456 579 458 2
340 416 341 457 639 306 2
389 388 417 398 462 460 2
389 417 411 459 569 446 2
388 387 418 396 464 462 2
388 418 417 461 567 459 2
387 386 419 394 466 464 2
387 419 418 463 564 461 2
386 385 420 392 469 466 2
386 420 419 465 562 463 2
385 384 421 390 471 468 2
385 421 422 467 552 469 2
385 422 420 468 560 465 2
384 383 423 388 472 471 2
384 423 421 470 551 467 2
383 382 423 386 475 470 2
382 321 424 385 474 475 2
321 355 424 331 548 473 2
382 424 423 473 549 472 2
407 409 425 444 490 477 2
407 425 426 476 486 478 2
407 426 408 477 479 440 2
408 426 427 478 484 480 2
408 427 368 479 481 442 2
368 427 366 480 482 354 2
366 427 428 481 485 483 2
366 428 367 482 501 351 2
427 426 429 479 486 485 2
427 429 428 484 506 482 2
426 425 429 477 492 484 2
409 405 430 443 488 489 2
405 404 430 433 495 487 2
409 430 431 487 497 490 2
409 431 425 489 491 476 2
425 431 432 490 498 492 2
425 432 429 491 508 486 2
404 403 433 431 500 494 2
404 433 434 493 701 495 2
404 434 430 494 496 488 2
430 434 435 495 703 497 2
430 435 431 496 498 489 2
431 435 432 497 623 491 2
403 402 436 429 524 500 2
403 436 433 499 700 493 2
367 428 437 483 507 502 2
367 437 438 501 619 503 2
367 438 365 502 504 352 2
365 438 439 503 617 505 2
365 439 364 504 509 349 2
428 429 440 485 508 507 2
428 440 437 506 620 501 2
429 432 440 492 622 506 2
364 439 441 505 614 510 2
364 441 362 509 511 347 2
362 441 363 510 537 344 2
399 398 442 421 517 513 2
399 442 443 512 525 514 2
399 443 400 513 515 423 2
400 443 401 514 521 425 2
398 395 444 420 518 517 2
398 444 442 516 527 512 2
395 396 444 415 520 516 2
396 397 445 417 664 520 2
396 445 444 519 528 518 2
401 443 446 515 526 522 2
401 446 447 521 696 523 2
401 447 402 522 524 427 2
402 447 436 523 698 499 2
443 442 448 513 527 526 2
443 448 446 525 694 521 2
442 444 448 517 529 525 2
444 445 449 520 666 529 2
444 449 448 528 693 527 2
358 360 450 340 534 531 2
358 450 451 530 740 532 2
358 451 359 531 539 337 2
360 361 452 342 536 534 2
360 452 450 533 738 530 2
361 363 453 345 538 536 2
361 453 452 535 736 533 2
363 441 454 511 616 538 2
363 454 453 537 734 535 2
359 451 455 532 741 540 2
359 455 456 539 597 541 2
359 456 357 540 542 338 2
357 456 457 541 586 543 2
357 457 356 542 544 335 2
356 457 458 543 554 545 2
356 458 354 544 546 333 2
354 458 355 545 547 330 2
355 458 459 546 553 548 2
355 459 424 547 549 474 2
424 459 423 548 550 475 2
423 459 460 549 556 551 2
423 460 421 550 552 471 2
421 460 422 551 558 468 2
459 458 461 547 554 555 2
458 457 461 544 587 553 2
459 461 462 553 588 556 2
459 462 460 555 557 550 2
460 462 463 556 590 558 2
460 463 422 557 559 552 2
422 463 464 558 592 560 2
422 464 420 559 561 469 2
420 464 465 560 594 562 2
420 465 419 561 563 466 2
419 465 466 562 595 564 2
419 466 418 563 565 464 2
418 466 467 564 606 566 2
418 467 468 565 585 567 2
418 468 417 566 568 462 2
417 468 469 567 583 569 2
417 469 411 568 570 460 2
411 469 470 569 580 571 2
411 470 410 570 572 447 2
410 470 412 571 573 448 2
412 470 471 572 581 574 2
412 471 413 573 575 450 2
413 471 414 574 576 453 2
414 471 472 575 582 577 2
414 472 415 576 578 455 2
415 472 473 577 611 579 2
415 473 416 578 637 457 2
470 469 474 570 584 581 2
470 474 471 580 582 573 2
471 474 472 581 609 576 2
469 468 475 568 585 584 2
469 475 474 583 610 580 2
468 467 475 566 608 583 2
457 456 476 542 596 587 2
457 476 461 586 588 554 2
461 476 462 587 589 555 2
462 476 477 588 599 590 2
462 477 463 589 591 557 2
463 477 478 590 601 592 2
463 478 464 591 593 559 2
464 478 479 592 603 594 2
464 479 465 593 595 561 2
465 479 466 594 605 563 2
476 456 480 586 597 598 2
456 455 480 540 743 596 2
476 480 481 596 745 599 2
476 481 477 598 600 589 2
477 481 482 599 746 601 2
477 482 478 600 602 591 2
478 482 483 601 798 603 2
478 483 479 602 604 593 2
479 483 484 603 800 605 2
479 484 466 604 606 595 2
466 484 467 605 607 565 2
467 484 485 606 802 608 2
467 485 475 607 612 585 2
472 474 486 582 610 611 2
474 475 486 584 613 609 2
472 486 473 609 641 578 2
475 485 487 608 804 613 2
475 487 486 612 643 610 2
441 439 488 509 618 615 2
441 488 489 614 630 616 2
441 489 454 615 733 537 2
439 438 490 504 619 618 2
439 490 488 617 629 614 2
438 437 490 502 621 617 2
437 440 491 507 625 621 2
437 491 490 620 626 619 2
440 432 492 508 623 624 2
432 435 492 498 705 622 2
440 492 493 622 707 625 2
440 493 491 624 627 620 2
490 491 494 621 627 628 2
491 493 494 625 709 626 2
490 494 495 626 729 629 2
490 495 488 628 630 618 2
488 495 489 629 731 615 2
342 341 496 307 640 632 2
342 496 343 631 633 309 2
343 496 497 632 645 634 2
343 497 344 633 635 311 2
344 497 498 634 647 636 2
344 498 345 635 655 313 2
416 473 499 579 642 638 2
416 499 500 637 648 639 2
416 500 341 638 640 458 2
341 500 496 639 644 631 2
473 486 501 611 643 642 2
473 501 499 641 649 637 2
486 487 501 613 805 641 2
496 500 502 640 651 645 2
496 502 497 644 646 633 2
497 502 503 645 653 647 2
497 503 498 646 677 635 2
500 499 504 638 649 650 2
499 501 504 642 807 648 2
500 504 505 648 809 651 2
500 505 502 650 652 644 2
502 505 506 651 810 653 2
502 506 503 652 678 646 2
346 345 507 314 655 656 2
345 498 507 636 675 654 2
346 507 508 654 673 657 2
346 508 347 656 658 316 2
347 508 509 657 671 659 2
347 509 348 658 660 318 2
348 509 510 659 669 661 2
348 510 349 660 662 320 2
349 510 511 661 667 663 2
349 511 397 662 664 418 2
397 511 445 663 665 519 2
445 511 512 664 668 666 2
445 512 449 665 691 528 2
511 510 513 662 670 668 2
511 513 512 667 689 665 2
510 509 514 660 672 670 2
510 514 513 669 686 667 2
509 508 515 658 674 672 2
509 515 514 671 685 669 2
508 507 516 656 676 674 2
508 516 515 673 683 671 2
507 498 517 655 677 676 2
507 517 516 675 681 673 2
498 503 517 647 680 675 2
503 506 518 653 835 679 2
503 518 519 678 867 680 2
503 519 517 679 681 677 2
517 519 516 680 682 676 2
516 519 520 681 863 683 2
516 520 515 682 684 674 2
515 520 521 683 794 685 2
515 521 514 684 686 672 2
514 521 513 685 687 670 2
513 521 522 686 792 688 2
513 522 523 687 714 689 2
513 523 512 688 690 668 2
512 523 524 689 712 691 2
512 524 449 690 692 666 2
449 524 525 691 710 693 2
449 525 448 692 694 529 2
448 525 446 693 695 526 2
446 525 526 694 711 696 2
446 526 447 695 697 522 2
447 526 527 696 716 698 2
447 527 436 697 699 524 2
436 527 528 698 718 700 2
436 528 433 699 701 500 2
433 528 434 700 702 494 2
434 528 529 701 719 703 2
434 529 435 702 704 496 2
435 529 530 703 721 705 2
435 530 492 704 706 623 2
492 530 531 705 722 707 2
492 531 493 706 708 624 2
493 531 532 707 771 709 2
493 532 494 708 728 627 2
525 524 533 692 713 711 2
525 533 526 710 715 695 2
524 523 534 690 714 713 2
524 534 533 712 726 710 2
523 522 534 688 779 712 2
526 533 535 711 725 716 2
526 535 527 715 717 697 2
527 535 536 716 723 718 2
527 536 528 717 719 699 2
528 536 529 718 720 702 2
529 536 537 719 724 721 2
529 537 530 720 722 704 2
530 537 531 721 773 706 2
536 535 538 717 727 724 2
536 538 537 723 774 720 2
535 533 539 715 726 727 2
533 534 539 713 778 725 2
535 539 538 725 776 723 2
494 532 540 709 766 729 2
494 540 495 728 730 628 2
495 540 541 729 757 731 2
495 541 489 730 732 630 2
489 541 542 731 755 733 2
489 542 454 732 734 616 2
454 542 453 733 735 538 2
453 542 543 734 753 736 2
453 543 452 735 737 536 2
452 543 544 736 751 738 2
452 544 450 737 739 534 2
450 544 545 738 747 740 2
450 545 451 739 741 531 2
451 545 455 740 742 539 2
455 545 546 741 748 743 2
455 546 480 742 744 597 2
480 546 547 743 750 745 2
480 547 481 744 746 598 2
481 547 482 745 795 600 2
545 544 548 739 752 748 2
545 548 546 747 749 742 2
546 548 549 748 760 750 2
546 549 547 749 796 744 2
544 543 550 737 754 752 2
544 550 548 751 759 747 2
543 542 551 735 756 754 2
543 551 550 753 761 751 2
542 541 552 732 758 756 2
542 552 551 755 763 753 2
541 540 553 730 768 758 2
541 553 552 757 764 755 2
548 550 554 752 762 760 2
548 554 549 759 811 749 2
550 551 555 754 763 762 2
550 555 554 761 815 759 2
551 552 555 756 765 761 2
552 553 556 758 770 765 2
552 556 555 764 817 763 2
540 532 557 728 772 767 2
540 557 558 766 783 768 2
540 558 553 767 769 757 2
553 558 559 768 786 770 2
553 559 556 769 845 764 2
532 531 560 708 773 772 2
532 560 557 771 782 766 2
531 537 560 722 775 771 2
537 538 561 724 777 775 2
537 561 560 774 781 773 2
538 539 562 727 780 777 2
538 562 561 776 784 774 2
539 534 563 726 779 780 2
534 522 563 714 791 778 2
539 563 562 778 789 776 2
560 561 564 775 784 782 2
560 564 557 781 783 772 2
557 564 558 782 785 767 2
561 562 564 777 787 781 2
558 564 565 783 788 786 2
558 565 559 785 849 769 2
564 562 566 784 790 788 2
564 566 565 787 852 785 2
562 563 567 780 793 790 2
562 567 566 789 859 787 2
563 522 568 779 792 793 2
522 521 568 687 794 791 2
563 568 567 791 861 789 2
521 520 568 684 862 792 2
482 547 569 746 796 797 2
547 549 569 750 813 795 2
482 569 570 795 814 798 2
482 570 483 797 799 602 2
483 570 571 798 819 800 2
483 571 484 799 801 604 2
484 571 572 800 821 802 2
484 572 485 801 803 607 2
485 572 573 802 822 804 2
485 573 487 803 805 612 2
487 573 501 804 806 643 2
501 573 574 805 823 807 2
501 574 504 806 808 649 2
504 574 575 807 832 809 2
504 575 505 808 810 650 2
505 575 506 809 834 652 2
549 554 576 760 816 812 2
549 576 577 811 824 813 2
549 577 569 812 814 796 2
569 577 570 813 818 797 2
554 555 578 762 817 816 2
554 578 576 815 825 811 2
555 556 578 765 843 815 2
570 577 579 814 827 819 2
570 579 571 818 820 799 2
571 579 580 819 829 821 2
571 580 572 820 822 801 2
572 580 573 821 823 803 2
573 580 574 822 830 806 2
577 576 581 812 825 826 2
576 578 581 816 841 824 2
577 581 582 824 838 827 2
577 582 579 826 828 818 2
579 582 583 827 836 829 2
579 583 580 828 830 820 2
580 583 574 829 831 823 2
574 583 584 830 837 832 2
574 584 575 831 833 808 2
575 584 585 832 840 834 2
575 585 506 833 835 810 2
506 585 518 834 855 678 2
583 582 586 828 838 837 2
583 586 584 836 839 831 2
582 581 586 826 842 836 2
584 586 587 837 844 840 2
584 587 585 839 854 833 2
581 578 588 825 843 842 2
581 588 586 841 844 838 2
578 556 588 817 846 841 2
586 588 587 842 848 839 2
556 559 589 770 850 846 2
556 589 588 845 847 843 2
588 589 590 846 851 848 2
588 590 587 847 853 844 2
559 565 591 786 852 850 2
559 591 589 849 851 845 2
589 591 590 850 856 847 2
565 566 591 788 858 849 2
587 590 592 848 857 854 2
587 592 585 853 855 840 2
585 592 518 854 868 835 2
590 591 593 851 858 857 2
590 593 592 856 866 853 2
591 566 593 852 860 856 2
566 567 594 790 861 860 2
566 594 593 859 865 858 2
567 568 594 793 862 859 2
568 520 594 794 864 861 2
520 519 595 682 867 864 2
520 595 594 863 865 862 2
594 595 593 864 866 860 2
593 595 592 865 868 857 2
519 518 595 679 868 863 2
518 592 595 855 866 867 2
5 135 596 2261 884 870 3
5 596 16 869 888 7 3
13 129 597 1301 878 872 3
13 597 128 871 885 2281 3
2 122 598 2290 882 874 3
2 598 121 873 896 2293 3
1 104 599 2354 893 876 3
1 599 141 875 879 2265 3
129 130 600 1321 901 878 3
129 600 597 877 887 871 3
141 599 601 876 895 880 3
141 601 140 879 916 2258 3
122 123 602 2291 913 882 3
122 602 598 881 898 873 3
135 136 603 2263 921 884 3
135 603 596 883 890 869 3
128 597 604 872 887 886 3
128 604 127 885 924 2280 3
597 600 604 878 991 885 3
16 596 605 870 891 889 3
16 605 17 888 947 25 3
596 603 606 884 923 891 3
596 606 605 890 949 888 3
104 105 607 2355 1013 893 3
104 607 599 892 894 875 3
599 607 608 893 1015 895 3
599 608 601 894 918 879 3
121 598 609 874 899 897 3
121 609 120 896 1017 2292 3
598 602 610 882 915 899 3
598 610 609 898 1019 896 3
130 131 611 1330 903 901 3
130 611 600 900 993 877 3
131 132 612 1346 905 903 3
131 612 611 902 1007 900 3
132 133 613 1336 907 905 3
132 613 612 904 1005 902 3
133 134 614 1313 909 907 3
133 614 613 906 1003 904 3
134 6 615 1302 911 909 3
134 615 614 908 1001 906 3
6 27 616 6 946 911 3
6 616 615 910 999 908 3
123 124 617 2284 927 913 3
123 617 602 912 914 881 3
602 617 618 913 929 915 3
602 618 610 914 1021 898 3
140 601 619 880 919 917 3
140 619 139 916 933 2262 3
601 608 620 895 1016 919 3
601 620 619 918 935 916 3
136 137 621 2260 939 921 3
136 621 603 920 922 883 3
603 621 622 921 941 923 3
603 622 606 922 951 890 3
127 604 623 886 989 925 3
127 623 126 924 931 2283 3
124 125 624 2285 932 927 3
124 624 617 926 928 912 3
617 624 625 927 986 929 3
617 625 618 928 1080 914 3
125 126 626 2282 931 932 3
126 623 626 925 987 930 3
125 626 624 930 985 926 3
139 619 627 917 936 934 3
139 627 138 933 937 2259 3
619 620 628 919 1091 936 3
619 628 627 935 943 933 3
138 627 629 934 942 938 3
138 629 137 937 939 2264 3
137 629 621 938 940 920 3
621 629 630 939 944 941 3
621 630 622 940 1098 922 3
629 627 631 937 943 944 3
627 628 631 936 1093 942 3
629 631 630 942 1095 940 3
27 26 632 19 953 946 3
27 632 616 945 997 910 3
17 605 633 889 950 948 3
17 633 18 947 967 34 3
605 606 634 891 951 950 3
605 634 633 949 969 947 3
606 622 634 923 1099 949 3
26 25 635 36 955 953 3
26 635 632 952 995 945 3
25 24 636 98 957 955 3
25 636 635 954 984 952 3
24 23 637 87 959 957 3
24 637 636 956 982 954 3
23 22 638 79 961 959 3
23 638 637 958 980 956 3
22 21 639 70 963 961 3
22 639 638 960 978 958 3
21 20 640 62 965 963 3
21 640 639 962 976 960 3
20 19 641 53 968 965 3
20 641 640 964 974 962 3
19 18 642 46 967 968 3
18 633 642 948 970 966 3
19 642 641 966 972 964 3
633 634 643 950 1100 970 3
633 643 642 969 971 967 3
642 643 644 970 1103 972 3
642 644 641 971 973 968 3
641 644 645 972 1136 974 3
641 645 640 973 975 965 3
640 645 646 974 1144 976 3
640 646 639 975 977 963 3
639 646 647 976 1149 978 3
639 647 638 977 979 961 3
638 647 648 978 1156 980 3
638 648 637 979 981 959 3
637 648 649 980 1158 982 3
637 649 636 981 983 957 3
636 649 650 982 1160 984 3
636 650 635 983 994 955 3
624 626 651 932 988 986 3
624 651 625 985 1083 928 3
626 623 652 931 990 988 3
626 652 651 987 1085 985 3
623 604 653 924 992 990 3
623 653 652 989 1011 987 3
604 600 654 887 993 992 3
604 654 653 991 1010 989 3
600 611 654 901 1008 991 3
635 650 655 984 1162 995 3
635 655 632 994 996 953 3
632 655 656 995 1172 997 3
632 656 616 996 998 946 3
616 656 657 997 1174 999 3
616 657 615 998 1000 911 3
615 657 658 999 1176 1001 3
615 658 614 1000 1002 909 3
614 658 659 1001 1178 1003 3
614 659 613 1002 1004 907 3
613 659 660 1003 1180 1005 3
613 660 612 1004 1006 905 3
612 660 661 1005 1105 1007 3
612 661 611 1006 1008 903 3
611 661 654 1007 1009 993 3
654 661 662 1008 1104 1010 3
654 662 653 1009 1011 992 3
653 662 652 1010 1086 990 3
105 106 663 2356 1023 1013 3
105 663 607 1012 1014 892 3
607 663 664 1013 1025 1015 3
607 664 608 1014 1016 894 3
608 664 620 1015 1089 918 3
120 609 665 897 1020 1018 3
120 665 119 1017 1049 2295 3
609 610 666 899 1021 1020 3
609 666 665 1019 1051 1017 3
610 618 666 915 1081 1019 3
106 107 667 2357 1027 1023 3
106 667 663 1022 1024 1012 3
663 667 668 1023 1079 1025 3
663 668 664 1024 1090 1014 3
107 108 669 2358 1029 1027 3
107 669 667 1026 1077 1022 3
108 109 670 2359 1031 1029 3
108 670 669 1028 1075 1026 3
109 110 671 2360 1033 1031 3
109 671 670 1030 1073 1028 3
110 111 672 2361 1035 1033 3
110 672 671 1032 1070 1030 3
111 112 673 2362 1037 1035 3
111 673 672 1034 1068 1032 3
112 113 674 2300 1039 1037 3
112 674 673 1036 1066 1034 3
113 114 675 2301 1041 1039 3
113 675 674 1038 1064 1036 3
114 115 676 2298 1043 1041 3
114 676 675 1040 1062 1038 3
115 116 677 2299 1045 1043 3
115 677 676 1042 1060 1040 3
116 117 678 2296 1047 1045 3
116 678 677 1044 1058 1042 3
117 118 679 2297 1050 1047 3
117 679 678 1046 1056 1044 3
118 119 680 2294 1049 1050 3
119 665 680 1018 1052 1048 3
118 680 679 1048 1054 1046 3
665 666 681 1020 1082 1052 3
665 681 680 1051 1053 1049 3
680 681 682 1052 1192 1054 3
680 682 679 1053 1055 1050 3
679 682 683 1054 1235 1056 3
679 683 678 1055 1057 1047 3
678 683 684 1056 1237 1058 3
678 684 677 1057 1059 1045 3
677 684 685 1058 1239 1060 3
677 685 676 1059 1061 1043 3
676 685 686 1060 1269 1062 3
676 686 675 1061 1063 1041 3
675 686 687 1062 1256 1064 3
675 687 674 1063 1065 1039 3
674 687 688 1064 1251 1066 3
674 688 673 1065 1067 1037 3
673 688 689 1066 1214 1068 3
673 689 672 1067 1069 1035 3
672 689 690 1068 1205 1070 3
672 690 671 1069 1071 1033 3
671 690 691 1070 1204 1072 3
671 691 692 1071 1117 1073 3
671 692 670 1072 1074 1031 3
670 692 693 1073 1115 1075 3
670 693 669 1074 1076 1029 3
669 693 694 1075 1113 1077 3
669 694 667 1076 1078 1027 3
667 694 695 1077 1112 1079 3
667 695 668 1078 1109 1024 3
618 625 696 929 1084 1081 3
618 696 666 1080 1082 1021 3
666 696 681 1081 1190 1051 3
625 651 697 986 1088 1084 3
625 697 696 1083 1189 1080 3
651 652 698 988 1086 1087 3
652 662 698 1011 1107 1085 3
651 698 699 1085 1108 1088 3
651 699 697 1087 1187 1083 3
620 664 700 1016 1090 1091 3
664 668 700 1025 1110 1089 3
620 700 628 1089 1092 935 3
628 700 701 1091 1111 1093 3
628 701 631 1092 1094 943 3
631 701 702 1093 1122 1095 3
631 702 630 1094 1096 944 3
630 702 703 1095 1124 1097 3
630 703 704 1096 1101 1098 3
630 704 622 1097 1099 941 3
622 704 634 1098 1100 951 3
634 704 643 1099 1102 969 3
704 703 705 1097 1132 1102 3
704 705 643 1101 1103 1100 3
643 705 644 1102 1133 971 3
662 661 706 1009 1105 1106 3
661 660 706 1006 1181 1104 3
662 706 707 1104 1183 1107 3
662 707 698 1106 1108 1086 3
698 707 699 1107 1185 1087 3
668 695 708 1079 1118 1110 3
668 708 700 1109 1111 1090 3
700 708 701 1110 1121 1092 3
695 694 709 1078 1114 1119 3
694 693 710 1076 1116 1114 3
694 710 709 1113 1129 1112 3
693 692 711 1074 1117 1116 3
693 711 710 1115 1130 1113 3
692 691 711 1072 1170 1115 3
708 695 712 1109 1119 1120 3
695 709 712 1112 1127 1118 3
708 712 713 1118 1125 1121 3
708 713 701 1120 1122 1111 3
701 713 702 1121 1123 1094 3
702 713 714 1122 1126 1124 3
702 714 703 1123 1134 1096 3
713 712 715 1120 1128 1126 3
713 715 714 1125 1137 1123 3
712 709 716 1119 1129 1128 3
712 716 715 1127 1140 1125 3
709 710 716 1114 1131 1127 3
710 711 717 1116 1168 1131 3
710 717 716 1130 1142 1129 3
705 703 718 1101 1134 1133 3
705 718 644 1132 1135 1103 3
703 714 718 1124 1138 1132 3
644 718 719 1133 1139 1136 3
644 719 645 1135 1143 973 3
714 715 720 1126 1141 1138 3
714 720 718 1137 1139 1134 3
718 720 719 1138 1145 1135 3
715 716 721 1128 1142 1141 3
715 721 720 1140 1147 1137 3
716 717 721 1131 1153 1140 3
645 719 722 1136 1146 1144 3
645 722 646 1143 1148 975 3
719 720 723 1139 1147 1146 3
719 723 722 1145 1150 1143 3
720 721 723 1141 1152 1145 3
646 722 724 1144 1151 1149 3
646 724 647 1148 1155 977 3
722 723 725 1146 1154 1151 3
722 725 724 1150 1163 1148 3
723 721 726 1147 1153 1154 3
721 717 726 1142 1167 1152 3
723 726 725 1152 1165 1150 3
647 724 727 1149 1164 1156 3
647 727 648 1155 1157 979 3
648 727 728 1156 1196 1158 3
648 728 649 1157 1159 981 3
649 728 729 1158 1198 1160 3
649 729 650 1159 1161 983 3
650 729 730 1160 1209 1162 3
650 730 655 1161 1171 994 3
724 725 731 1151 1166 1164 3
724 731 727 1163 1194 1155 3
725 726 732 1154 1169 1166 3
725 732 731 1165 1199 1163 3
726 717 733 1153 1168 1169 3
717 711 733 1130 1170 1167 3
726 733 732 1167 1201 1165 3
711 691 733 1117 1203 1168 3
655 730 734 1162 1211 1172 3
655 734 656 1171 1173 996 3
656 734 735 1172 1213 1174 3
656 735 657 1173 1175 998 3
657 735 736 1174 1222 1176 3
657 736 658 1175 1177 1000 3
658 736 737 1176 1224 1178 3
658 737 659 1177 1179 1002 3
659 737 738 1178 1226 1180 3
659 738 660 1179 1181 1004 3
660 738 706 1180 1182 1105 3
706 738 739 1181 1227 1183 3
706 739 707 1182 1184 1106 3
707 739 740 1183 1229 1185 3
707 740 699 1184 1186 1108 3
699 740 741 1185 1230 1187 3
699 741 697 1186 1188 1088 3
697 741 742 1187 1193 1189 3
697 742 696 1188 1190 1084 3
696 742 681 1189 1191 1082 3
681 742 743 1190 1193 1192 3
681 743 682 1191 1234 1053 3
742 741 743 1188 1232 1191 3
727 731 744 1164 1200 1195 3
727 744 745 1194 1219 1196 3
727 745 728 1195 1197 1157 3
728 745 746 1196 1244 1198 3
728 746 729 1197 1208 1159 3
731 732 747 1166 1202 1200 3
731 747 744 1199 1218 1194 3
732 733 748 1169 1203 1202 3
732 748 747 1201 1207 1199 3
733 691 748 1170 1204 1201 3
691 690 748 1071 1206 1203 3
690 689 749 1069 1215 1206 3
690 749 748 1205 1207 1204 3
748 749 747 1206 1217 1202 3
729 746 750 1198 1246 1209 3
729 750 730 1208 1210 1161 3
730 750 751 1209 1253 1211 3
730 751 734 1210 1212 1171 3
734 751 752 1211 1262 1213 3
734 752 735 1212 1220 1173 3
689 688 753 1067 1241 1215 3
689 753 749 1214 1216 1205 3
749 753 754 1215 1240 1217 3
749 754 747 1216 1218 1207 3
747 754 744 1217 1219 1200 3
744 754 745 1218 1243 1195 3
735 752 755 1213 1265 1221 3
735 755 756 1220 1283 1222 3
735 756 736 1221 1223 1175 3
736 756 757 1222 1285 1224 3
736 757 737 1223 1225 1177 3
737 757 758 1224 1288 1226 3
737 758 738 1225 1227 1179 3
738 758 739 1226 1228 1182 3
739 758 759 1227 1289 1229 3
739 759 740 1228 1230 1184 3
740 759 741 1229 1231 1186 3
741 759 760 1230 1290 1232 3
741 760 743 1231 1233 1193 3
743 760 761 1232 1295 1234 3
743 761 682 1233 1235 1192 3
682 761 683 1234 1236 1055 3
683 761 762 1235 1279 1237 3
683 762 684 1236 1238 1057 3
684 762 763 1237 1278 1239 3
684 763 685 1238 1271 1059 3
754 753 764 1216 1241 1242 3
753 688 764 1214 1249 1240 3
754 764 765 1240 1247 1243 3
754 765 745 1242 1244 1219 3
745 765 746 1243 1245 1197 3
746 765 766 1244 1248 1246 3
746 766 750 1245 1252 1208 3
765 764 767 1242 1250 1248 3
765 767 766 1247 1254 1245 3
764 688 768 1241 1251 1250 3
764 768 767 1249 1258 1247 3
688 687 768 1065 1255 1249 3
750 766 769 1246 1254 1253 3
750 769 751 1252 1260 1210 3
766 767 769 1248 1259 1252 3
768 687 770 1251 1256 1257 3
687 686 770 1063 1268 1255 3
768 770 771 1255 1266 1258 3
768 771 767 1257 1259 1250 3
767 771 769 1258 1263 1254 3
751 769 772 1253 1263 1261 3
751 772 773 1260 1274 1262 3
751 773 752 1261 1264 1212 3
769 771 772 1259 1267 1260 3
752 773 774 1262 1275 1265 3
752 774 755 1264 1282 1220 3
771 770 775 1257 1268 1267 3
771 775 772 1266 1272 1263 3
770 686 775 1256 1270 1266 3
686 685 776 1061 1271 1270 3
686 776 775 1269 1273 1268 3
685 763 776 1239 1276 1269 3
772 775 777 1267 1273 1274 3
775 776 777 1270 1276 1272 3
772 777 773 1272 1275 1261 3
773 777 774 1274 1277 1264 3
776 763 777 1271 1277 1273 3
777 763 774 1276 1281 1275 3
763 762 778 1238 1279 1280 3
762 761 778 1236 1293 1278 3
763 778 779 1278 1286 1281 3
763 779 774 1280 1282 1277 3
774 779 755 1281 1283 1265 3
755 779 756 1282 1284 1221 3
756 779 780 1283 1286 1285 3
756 780 757 1284 1287 1223 3
779 778 780 1280 1291 1284 3
757 780 781 1285 1292 1288 3
757 781 758 1287 1289 1225 3
758 781 759 1288 1290 1228 3
759 781 760 1289 1294 1231 3
780 778 782 1286 1293 1292 3
780 782 781 1291 1294 1287 3
778 761 782 1279 1295 1291 3
781 782 760 1292 1295 1290 3
760 782 761 1294 1293 1233 3
7 29 783 4 1309 1297 4
7 783 149 1296 1310 1421 4
14 144 784 1359 1318 1299 4
14 784 143 1298 1305 2273 4
13 142 785 2279 1306 1301 4
13 785 129 1300 1320 871 4
6 134 786 908 1314 1303 4
6 786 28 1302 1307 5 4
142 143 787 2270 1305 1306 4
143 784 787 1299 1319 1304 4
142 787 785 1304 1322 1300 4
28 786 788 1303 1315 1308 4
28 788 29 1307 1309 9 4
29 788 783 1308 1312 1296 4
149 783 789 1297 1312 1311 4
149 789 148 1310 1331 1416 4
783 788 789 1309 1316 1310 4
134 133 790 906 1335 1314 4
134 790 786 1313 1315 1302 4
786 790 788 1314 1316 1307 4
788 790 789 1315 1333 1312 4
144 145 791 1372 1325 1318 4
144 791 784 1317 1319 1298 4
784 791 787 1318 1323 1305 4
129 785 792 1301 1322 1321 4
129 792 130 1320 1329 877 4
785 787 792 1306 1323 1320 4
787 791 792 1319 1327 1322 4
145 146 793 1388 1340 1325 4
145 793 791 1324 1326 1317 4
791 793 794 1325 1342 1327 4
791 794 792 1326 1328 1323 4
792 794 795 1327 1343 1329 4
792 795 130 1328 1330 1321 4
130 795 131 1329 1345 900 4
148 789 796 1311 1334 1332 4
148 796 147 1331 1338 1404 4
789 790 797 1316 1337 1334 4
789 797 796 1333 1348 1331 4
790 133 798 1313 1336 1337 4
133 132 798 904 1347 1335 4
790 798 797 1335 1352 1333 4
147 796 799 1332 1349 1339 4
147 799 146 1338 1340 1396 4
146 799 793 1339 1341 1324 4
793 799 800 1340 1350 1342 4
793 800 794 1341 1343 1326 4
794 800 795 1342 1344 1328 4
795 800 801 1343 1351 1345 4
795 801 131 1344 1346 1330 4
131 801 132 1345 1347 902 4
132 801 798 1346 1353 1336 4
796 797 802 1334 1352 1349 4
796 802 799 1348 1350 1338 4
799 802 800 1349 1351 1341 4
800 802 801 1350 1353 1344 4
797 798 802 1337 1353 1348 4
798 801 802 1347 1351 1352 4
9 158 803 2286 1364 1355 5
9 803 44 1354 1378 111 5
15 152 804 1527 1369 1357 5
15 804 151 1356 1365 2271 5
14 150 805 2272 1367 1359 5
14 805 144 1358 1371 1298 5
8 41 806 2 1376 1361 5
8 806 159 1360 1362 2277 5
159 806 807 1361 1377 1363 5
159 807 158 1362 1364 2266 5
158 807 803 1363 1380 1354 5
151 804 808 1357 1370 1366 5
151 808 150 1365 1367 2275 5
150 808 805 1366 1373 1358 5
152 153 809 1531 1383 1369 5
152 809 804 1368 1370 1356 5
804 809 808 1369 1374 1365 5
144 805 810 1359 1373 1372 5
144 810 145 1371 1387 1317 5
805 808 810 1367 1374 1371 5
808 809 810 1370 1385 1373 5
41 40 811 23 1509 1376 5
41 811 806 1375 1377 1360 5
806 811 807 1376 1381 1362 5
44 803 812 1355 1380 1379 5
44 812 45 1378 1506 117 5
803 807 812 1364 1381 1378 5
807 811 812 1377 1507 1380 5
153 154 813 1557 1390 1383 5
153 813 809 1382 1384 1368 5
809 813 814 1383 1392 1385 5
809 814 810 1384 1386 1374 5
810 814 815 1385 1393 1387 5
810 815 145 1386 1388 1372 5
145 815 146 1387 1395 1324 5
154 155 816 1577 1398 1390 5
154 816 813 1389 1391 1382 5
813 816 817 1390 1400 1392 5
813 817 814 1391 1393 1384 5
814 817 815 1392 1394 1386 5
815 817 818 1393 1401 1395 5
815 818 146 1394 1396 1388 5
146 818 147 1395 1403 1339 5
155 156 819 1562 1406 1398 5
155 819 816 1397 1399 1389 5
816 819 820 1398 1412 1400 5
816 820 817 1399 1401 1391 5
817 820 818 1400 1402 1394 5
818 820 821 1401 1413 1403 5
818 821 147 1402 1404 1396 5
147 821 148 1403 1414 1332 5
156 157 822 1532 1408 1406 5
156 822 819 1405 1411 1397 5
157 10 823 1528 1410 1408 5
157 823 822 1407 1419 1405 5
10 55 824 110 1434 1410 5
10 824 823 1409 1424 1407 5
819 822 825 1406 1417 1412 5
819 825 820 1411 1413 1399 5
820 825 821 1412 1414 1402 5
821 825 148 1413 1415 1404 5
148 825 826 1414 1418 1416 5
148 826 149 1415 1420 1311 5
825 822 827 1411 1419 1418 5
825 827 826 1417 1422 1415 5
822 823 827 1408 1423 1417 5
149 826 828 1416 1422 1421 5
149 828 7 1420 1426 1297 5
826 827 828 1418 1425 1420 5
827 823 829 1419 1424 1425 5
823 824 829 1410 1429 1423 5
827 829 828 1423 1427 1422 5
7 828 830 1421 1427 1428 5
828 829 830 1425 1430 1426 5
7 830 30 1426 1432 3 5
829 824 831 1424 1435 1430 5
829 831 830 1429 1431 1427 5
830 831 832 1430 1438 1432 5
830 832 30 1431 1433 1428 5
30 832 31 1432 1440 15 5
824 55 833 1409 1436 1435 5
824 833 831 1434 1437 1429 5
55 54 833 116 1442 1434 5
831 833 834 1435 1443 1438 5
831 834 832 1437 1439 1431 5
832 834 835 1438 1446 1440 5
832 835 31 1439 1441 1433 5
31 835 32 1440 1448 40 5
833 54 836 1436 1444 1443 5
833 836 834 1442 1445 1437 5
54 53 836 146 1450 1442 5
834 836 837 1443 1451 1446 5
834 837 835 1445 1447 1439 5
835 837 838 1446 1454 1448 5
835 838 32 1447 1449 1441 5
32 838 33 1448 1456 92 5
836 53 839 1444 1452 1451 5
836 839 837 1450 1453 1445 5
53 52 839 154 1458 1450 5
837 839 840 1451 1459 1454 5
837 840 838 1453 1455 1447 5
838 840 841 1454 1462 1456 5
838 841 33 1455 1457 1449 5
33 841 34 1456 1464 84 5
839 52 842 1452 1460 1459 5
839 842 840 1458 1461 1453 5
52 51 842 158 1466 1458 5
840 842 843 1459 1467 1462 5
840 843 841 1461 1463 1455 5
841 843 844 1462 1470 1464 5
841 844 34 1463 1465 1457 5
34 844 35 1464 1472 76 5
842 51 845 1460 1468 1467 5
842 845 843 1466 1469 1461 5
51 50 845 160 1474 1466 5
843 845 846 1467 1475 1470 5
843 846 844 1469 1471 1463 5
844 846 847 1470 1478 1472 5
844 847 35 1471 1473 1465 5
35 847 36 1472 1480 68 5
845 50 848 1468 1476 1475 5
845 848 846 1474 1477 1469 5
50 49 848 162 1482 1474 5
846 848 849 1475 1483 1478 5
846 849 847 1477 1479 1471 5
847 849 850 1478 1486 1480 5
847 850 36 1479 1481 1473 5
36 850 37 1480 1488 60 5
848 49 851 1476 1484 1483 5
848 851 849 1482 1485 1477 5
49 48 851 164 1490 1482 5
849 851 852 1483 1491 1486 5
849 852 850 1485 1487 1479 5
850 852 853 1486 1494 1488 5
850 853 37 1487 1489 1481 5
37 853 38 1488 1496 52 5
851 48 854 1484 1492 1491 5
851 854 852 1490 1493 1485 5
48 47 854 166 1499 1490 5
852 854 855 1491 1500 1494 5
852 855 853 1493 1495 1487 5
853 855 856 1494 1503 1496 5
853 856 38 1495 1497 1489 5
38 856 857 1496 1519 1498 5
38 857 39 1497 1512 42 5
854 47 858 1492 1502 1500 5
854 858 855 1499 1503 1493 5
47 46 859 168 1505 1502 5
47 859 858 1501 1517 1499 5
855 858 856 1500 1518 1495 5
46 45 860 149 1506 1505 5
46 860 859 1504 1516 1501 5
45 812 860 1379 1508 1504 5
812 811 861 1381 1510 1508 5
812 861 860 1507 1515 1506 5
811 40 862 1375 1511 1510 5
811 862 861 1509 1514 1507 5
40 39 862 30 1512 1509 5
39 857 862 1498 1513 1511 5
862 857 863 1512 1519 1514 5
862 863 861 1513 1515 1510 5
861 863 860 1514 1516 1508 5
860 863 859 1515 1517 1505 5
859 863 858 1516 1518 1502 5
858 863 856 1517 1519 1503 5
863 857 856 1513 1497 1518 5
12 85 864 106 1539 1521 6
12 864 207 1520 1536 2334 6
4 202 865 2369 1535 1523 6
4 865 201 1522 1548 2274 6
3 184 866 2312 1543 1525 6
3 866 183 1524 1544 2315 6
15 160 867 2370 1571 1527 6
15 867 152 1526 1530 1356 6
10 157 868 1407 1533 1529 6
10 868 56 1528 1552 109 6
152 867 869 1527 1573 1531 6
152 869 153 1530 1556 1368 6
157 156 870 1405 1563 1533 6
157 870 868 1532 1554 1528 6
202 203 871 2269 1559 1535 6
202 871 865 1534 1550 1522 6
207 864 872 1521 1541 1537 6
207 872 206 1536 1566 2267 6
85 84 873 114 1593 1539 6
85 873 864 1538 1540 1520 6
864 873 874 1539 1595 1541 6
864 874 872 1540 1568 1536 6
184 185 875 2313 1620 1543 6
184 875 866 1542 1546 1524 6
183 866 876 1525 1547 1545 6
183 876 182 1544 1720 2314 6
866 875 877 1543 1622 1547 6
866 877 876 1546 1722 1544 6
201 865 878 1523 1551 1549 6
201 878 200 1548 1623 2367 6
865 871 879 1535 1561 1551 6
865 879 878 1550 1625 1548 6
56 868 880 1529 1555 1553 6
56 880 57 1552 1628 129 6
868 870 881 1533 1565 1555 6
868 881 880 1554 1630 1552 6
153 869 882 1531 1575 1557 6
153 882 154 1556 1576 1382 6
203 204 883 2368 1586 1559 6
203 883 871 1558 1560 1534 6
871 883 884 1559 1588 1561 6
871 884 879 1560 1627 1550 6
156 155 885 1397 1578 1563 6
156 885 870 1562 1564 1532 6
870 885 886 1563 1580 1565 6
870 886 881 1564 1632 1554 6
206 872 887 1537 1569 1567 6
206 887 205 1566 1585 2366 6
872 874 888 1541 1596 1569 6
872 888 887 1568 1589 1566 6
160 161 889 2371 1773 1571 6
160 889 867 1570 1572 1526 6
867 889 890 1571 1805 1573 6
867 890 869 1572 1574 1530 6
869 890 891 1573 1806 1575 6
869 891 882 1574 1582 1556 6
154 882 892 1557 1581 1577 6
154 892 155 1576 1578 1389 6
155 892 885 1577 1579 1562 6
885 892 893 1578 1583 1580 6
885 893 886 1579 1811 1564 6
892 882 894 1576 1582 1583 6
882 891 894 1575 1807 1581 6
892 894 893 1581 1814 1579 6
204 205 895 2268 1585 1586 6
205 887 895 1567 1590 1584 6
204 895 883 1584 1587 1558 6
883 895 896 1586 1591 1588 6
883 896 884 1587 1698 1560 6
887 888 897 1569 1865 1590 6
887 897 895 1589 1591 1585 6
895 897 896 1590 1861 1587 6
84 83 898 138 1598 1593 6
84 898 873 1592 1594 1538 6
873 898 899 1593 1600 1595 6
873 899 874 1594 1596 1540 6
874 899 888 1595 1866 1568 6
83 82 900 186 1602 1598 6
83 900 898 1597 1599 1592 6
898 900 901 1598 1703 1600 6
898 901 899 1599 1868 1594 6
82 81 902 190 1604 1602 6
82 902 900 1601 1701 1597 6
81 80 903 192 1606 1604 6
81 903 902 1603 1704 1601 6
80 79 904 194 1608 1606 6
80 904 903 1605 1706 1603 6
79 78 905 196 1610 1608 6
79 905 904 1607 1708 1605 6
78 77 906 198 1612 1610 6
78 906 905 1609 1710 1607 6
77 76 907 200 1614 1612 6
77 907 906 1611 1712 1609 6
76 75 908 141 1616 1614 6
76 908 907 1613 1714 1611 6
75 74 909 119 1618 1616 6
75 909 908 1615 1716 1613 6
74 11 910 107 2204 1618 6
74 910 909 1617 1718 1615 6
185 186 911 2310 1634 1620 6
185 911 875 1619 1621 1542 6
875 911 912 1620 1636 1622 6
875 912 877 1621 1724 1546 6
200 878 913 1549 1626 1624 6
200 913 199 1623 1660 2276 6
878 879 914 1551 1627 1626 6
878 914 913 1625 1662 1623 6
879 884 914 1561 1699 1625 6
57 880 915 1553 1631 1629 6
57 915 58 1628 1664 227 6
880 881 916 1555 1632 1631 6
880 916 915 1630 1696 1628 6
881 886 916 1565 1812 1630 6
186 187 917 2311 1638 1634 6
186 917 911 1633 1635 1619 6
911 917 918 1634 1804 1636 6
911 918 912 1635 1945 1621 6
187 188 919 2308 1640 1638 6
187 919 917 1637 1802 1633 6
188 189 920 2309 1642 1640 6
188 920 919 1639 1800 1637 6
189 190 921 2306 1644 1642 6
189 921 920 1641 1798 1639 6
190 191 922 2307 1646 1644 6
190 922 921 1643 1795 1641 6
191 192 923 2304 1648 1646 6
191 923 922 1645 1793 1643 6
192 193 924 2305 1650 1648 6
192 924 923 1647 1791 1645 6
193 194 925 2303 1652 1650 6
193 925 924 1649 1789 1647 6
194 195 926 2364 1654 1652 6
194 926 925 1651 1787 1649 6
195 196 927 2302 1656 1654 6
195 927 926 1653 1785 1651 6
196 197 928 2363 1658 1656 6
196 928 927 1655 1780 1653 6
197 198 929 2278 1661 1658 6
197 929 928 1657 1778 1655 6
198 199 930 2365 1660 1661 6
199 913 930 1624 1663 1659 6
198 930 929 1659 1776 1657 6
913 914 931 1626 1700 1663 6
913 931 930 1662 1774 1660 6
58 915 932 1629 1697 1665 6
58 932 59 1664 1666 268 6
59 932 933 1665 1825 1667 6
59 933 60 1666 1668 272 6
60 933 934 1667 1827 1669 6
60 934 61 1668 1670 274 6
61 934 935 1669 1829 1671 6
61 935 62 1670 1672 276 6
62 935 936 1671 1831 1673 6
62 936 63 1672 1674 278 6
63 936 937 1673 1833 1675 6
63 937 64 1674 1676 280 6
64 937 938 1675 1835 1677 6
64 938 65 1676 1678 282 6
65 938 939 1677 1838 1679 6
65 939 66 1678 1680 284 6
66 939 940 1679 1840 1681 6
66 940 67 1680 1682 286 6
67 940 941 1681 1842 1683 6
67 941 68 1682 1684 288 6
68 941 942 1683 1844 1685 6
68 942 69 1684 1686 290 6
69 942 943 1685 1846 1687 6
69 943 70 1686 1688 292 6
70 943 944 1687 1848 1689 6
70 944 71 1688 1690 294 6
71 944 945 1689 1850 1691 6
71 945 72 1690 1692 218 6
72 945 946 1691 1852 1693 6
72 946 73 1692 1694 134 6
73 946 947 1693 1854 1695 6
73 947 11 1694 2206 108 6
915 916 948 1631 1813 1697 6
915 948 932 1696 1823 1664 6
884 896 949 1588 1863 1699 6
884 949 914 1698 1700 1627 6
914 949 931 1699 1781 1662 6
900 902 950 1602 1705 1702 6
900 950 951 1701 1877 1703 6
900 951 901 1702 1871 1599 6
902 903 952 1604 1707 1705 6
902 952 950 1704 1878 1701 6
903 904 953 1606 1709 1707 6
903 953 952 1706 1880 1704 6
904 905 954 1608 1711 1709 6
904 954 953 1708 1903 1706 6
905 906 955 1610 1713 1711 6
905 955 954 1710 1908 1708 6
906 907 956 1612 1715 1713 6
906 956 955 1712 1925 1710 6
907 908 957 1614 1717 1715 6
907 957 956 1714 1935 1712 6
908 909 958 1616 1719 1717 6
908 958 957 1716 1940 1714 6
909 910 959 1618 2194 1719 6
909 959 958 1718 1943 1716 6
182 876 960 1545 1723 1721 6
182 960 181 1720 1725 2317 6
876 877 961 1547 1724 1723 6
876 961 960 1722 1951 1720 6
877 912 961 1622 1947 1722 6
181 960 962 1721 1952 1726 6
181 962 180 1725 1727 2316 6
180 962 1066 1726 1962 1728 6
180 1066 963 1727 1970 1729 6
180 963 179 1728 1730 2319 6
179 963 964 1729 1971 1731 6
179 964 178 1730 1732 2318 6
178 964 1072 1731 1973 1733 6
178 1072 965 1732 1974 1734 6
178 965 177 1733 1735 2321 6
177 965 966 1734 1975 1736 6
177 966 176 1735 1737 2320 6
176 966 967 1736 1978 1738 6
176 967 968 1737 1980 1739 6
176 968 175 1738 1740 2323 6
175 968 969 1739 1981 1741 6
175 969 174 1740 1742 2322 6
174 969 1078 1741 1983 1743 6
174 1078 970 1742 1985 1744 6
174 970 173 1743 1745 2325 6
173 970 971 1744 1984 1746 6
173 971 172 1745 1747 2324 6
172 971 1080 1746 1986 1748 6
172 1080 972 1747 1987 1749 6
172 972 171 1748 1750 2327 6
171 972 973 1749 1988 1751 6
171 973 170 1750 1752 2326 6
170 973 1083 1751 1990 1753 6
170 1083 974 1752 1992 1754 6
170 974 169 1753 1755 2329 6
169 974 975 1754 1991 1756 6
169 975 168 1755 1757 2328 6
168 975 1085 1756 1993 1758 6
168 1085 976 1757 1995 1759 6
168 976 167 1758 1760 2331 6
167 976 977 1759 1994 1761 6
167 977 166 1760 1762 2330 6
166 977 1087 1761 1996 1763 6
166 1087 978 1762 1997 1764 6
166 978 165 1763 1765 2333 6
165 978 979 1764 1998 1766 6
165 979 164 1765 1767 2332 6
164 979 980 1766 2001 1768 6
164 980 163 1767 1769 2374 6
163 980 981 1768 1819 1770 6
163 981 162 1769 1771 2373 6
162 981 982 1770 1810 1772 6
162 982 161 1771 1773 2372 6
161 982 889 1772 1805 1570 6
930 931 983 1663 1782 1775 6
930 983 984 1774 1889 1776 6
930 984 929 1775 1777 1661 6
929 984 985 1776 1891 1778 6
929 985 928 1777 1779 1658 6
928 985 986 1778 1895 1780 6
928 986 927 1779 1783 1656 6
931 949 987 1700 1864 1782 6
931 987 983 1781 1888 1774 6
927 986 988 1780 1898 1784 6
927 988 989 1783 1912 1785 6
927 989 926 1784 1786 1654 6
926 989 990 1785 1914 1787 6
926 990 925 1786 1788 1652 6
925 990 991 1787 1916 1789 6
925 991 924 1788 1790 1650 6
924 991 992 1789 1918 1791 6
924 992 923 1790 1792 1648 6
923 992 993 1791 2177 1793 6
923 993 922 1792 1794 1646 6
922 993 994 1793 2180 1795 6
922 994 921 1794 1796 1644 6
921 994 995 1795 2183 1797 6
921 995 996 1796 1959 1798 6
921 996 920 1797 1799 1642 6
920 996 997 1798 1957 1800 6
920 997 919 1799 1801 1640 6
919 997 998 1800 1955 1802 6
919 998 917 1801 1803 1638 6
917 998 999 1802 1953 1804 6
917 999 918 1803 1948 1635 6
889 982 890 1773 1808 1572 6
891 890 1000 1574 1808 1807 6
891 1000 894 1806 1816 1582 6
890 982 1000 1805 1809 1806 6
982 1001 1000 1810 1817 1808 6
982 981 1001 1771 1820 1809 6
886 893 1002 1580 1815 1812 6
886 1002 916 1811 1813 1632 6
916 1002 948 1812 1857 1696 6
893 894 1003 1583 1816 1815 6
893 1003 1002 1814 1856 1811 6
894 1000 1003 1807 1818 1814 6
1000 1001 1004 1809 1822 1818 6
1000 1004 1003 1817 1855 1816 6
981 980 1005 1769 2003 1820 6
981 1005 1001 1819 1821 1810 6
1001 1005 1006 1820 2004 1822 6
1001 1006 1004 1821 1859 1817 6
932 948 1007 1697 1858 1824 6
932 1007 1008 1823 2016 1825 6
932 1008 933 1824 1826 1666 6
933 1008 1009 1825 2017 1827 6
933 1009 934 1826 1828 1668 6
934 1009 1010 1827 2025 1829 6
934 1010 935 1828 1830 1670 6
935 1010 1011 1829 2030 1831 6
935 1011 936 1830 1832 1672 6
936 1011 1012 1831 2039 1833 6
936 1012 937 1832 1834 1674 6
937 1012 1013 1833 2050 1835 6
937 1013 938 1834 1836 1676 6
938 1013 1014 1835 2062 1837 6
938 1014 1015 1836 2077 1838 6
938 1015 939 1837 1839 1678 6
939 1015 1016 1838 2079 1840 6
939 1016 940 1839 1841 1680 6
940 1016 1017 1840 2081 1842 6
940 1017 941 1841 1843 1682 6
941 1017 1018 1842 2083 1844 6
941 1018 942 1843 1845 1684 6
942 1018 1019 1844 2111 1846 6
942 1019 943 1845 1847 1686 6
943 1019 1020 1846 2121 1848 6
943 1020 944 1847 1849 1688 6
944 1020 1021 1848 2128 1850 6
944 1021 945 1849 1851 1690 6
945 1021 1022 1850 2143 1852 6
945 1022 946 1851 1853 1692 6
946 1022 1023 1852 2157 1854 6
946 1023 947 1853 2208 1694 6
1003 1004 1024 1818 1860 1856 6
1003 1024 1002 1855 1857 1815 6
1002 1024 948 1856 1858 1813 6
948 1024 1007 1857 2012 1823 6
1004 1006 1025 1822 2006 1860 6
1004 1025 1024 1859 2013 1855 6
896 897 1026 1591 1865 1862 6
896 1026 1027 1861 1872 1863 6
896 1027 949 1862 1864 1698 6
949 1027 987 1863 1876 1781 6
897 888 1026 1589 1867 1861 6
888 899 1028 1596 1868 1867 6
888 1028 1026 1866 1869 1865 6
899 901 1028 1600 1870 1866 6
1026 1028 1029 1867 1870 1872 6
1028 901 1029 1868 1871 1869 6
901 951 1029 1703 1873 1870 6
1026 1029 1027 1869 1875 1862 6
1029 951 1030 1871 1877 1874 6
1029 1030 1031 1873 1883 1875 6
1029 1031 1027 1874 1876 1872 6
1027 1031 987 1875 1887 1864 6
951 950 1030 1702 1879 1873 6
950 952 1032 1705 1881 1879 6
950 1032 1030 1878 1882 1877 6
952 953 1033 1707 1902 1881 6
952 1033 1032 1880 1884 1878 6
1030 1032 1034 1879 1885 1883 6
1030 1034 1031 1882 1886 1874 6
1032 1033 1035 1881 1901 1885 6
1032 1035 1034 1884 1893 1882 6
1031 1034 1036 1883 1892 1887 6
1031 1036 987 1886 1888 1876 6
987 1036 983 1887 1889 1782 6
983 1036 984 1888 1890 1775 6
984 1036 1037 1889 1892 1891 6
984 1037 985 1890 1894 1777 6
1036 1034 1037 1886 1893 1890 6
1034 1035 1037 1885 1896 1892 6
985 1037 1038 1891 1896 1895 6
985 1038 986 1894 1897 1779 6
1037 1035 1038 1893 1899 1894 6
986 1038 1039 1895 1900 1898 6
986 1039 988 1897 1911 1783 6
1038 1035 1040 1896 1901 1900 6
1038 1040 1039 1899 1906 1897 6
1035 1033 1040 1884 1904 1899 6
1033 953 1041 1880 1903 1904 6
953 954 1041 1709 1907 1902 6
1033 1041 1040 1902 1905 1901 6
1040 1041 1042 1904 1909 1906 6
1040 1042 1039 1905 1910 1900 6
1041 954 1043 1903 1908 1909 6
954 955 1043 1711 1924 1907 6
1041 1043 1042 1907 1923 1905 6
1039 1042 1044 1906 1919 1911 6
1039 1044 988 1910 1912 1898 6
988 1044 989 1911 1913 1784 6
989 1044 1045 1912 1921 1914 6
989 1045 990 1913 1915 1786 6
990 1045 1046 1914 1922 1916 6
990 1046 991 1915 1917 1788 6
991 1046 1047 1916 1931 1918 6
991 1047 992 1917 2176 1790 6
1044 1042 1048 1910 1923 1920 6
1044 1048 1049 1919 1928 1921 6
1044 1049 1045 1920 1922 1913 6
1045 1049 1046 1921 1930 1915 6
1042 1043 1048 1909 1927 1919 6
1043 955 1050 1908 1925 1926 6
955 956 1050 1713 1934 1924 6
1043 1050 1051 1924 1932 1927 6
1043 1051 1048 1926 1928 1923 6
1048 1051 1049 1927 1929 1920 6
1049 1051 1052 1928 1933 1930 6
1049 1052 1046 1929 1931 1922 6
1046 1052 1047 1930 1939 1917 6
1051 1050 1053 1926 1934 1933 6
1051 1053 1052 1932 1938 1929 6
1050 956 1053 1925 1936 1932 6
956 957 1054 1715 1941 1936 6
956 1054 1053 1935 1937 1934 6
1053 1054 1055 1936 1942 1938 6
1053 1055 1052 1937 1939 1933 6
1052 1055 1047 1938 2174 1931 6
957 958 1056 1717 1944 1941 6
957 1056 1054 1940 1942 1935 6
1054 1056 1055 1941 2173 1937 6
958 959 1057 1719 2189 1944 6
958 1057 1056 1943 2171 1940 6
912 918 1058 1636 1949 1946 6
912 1058 1059 1945 1963 1947 6
912 1059 961 1946 1950 1724 6
918 999 1060 1804 1954 1949 6
918 1060 1058 1948 1964 1945 6
961 1059 1061 1947 1961 1951 6
961 1061 960 1950 1952 1723 6
960 1061 962 1951 1960 1725 6
999 998 1062 1803 1956 1954 6
999 1062 1060 1953 2246 1948 6
998 997 1063 1801 1958 1956 6
998 1063 1062 1955 2203 1953 6
997 996 1064 1799 1959 1958 6
997 1064 1063 1957 2202 1955 6
996 995 1064 1797 2185 1957 6
962 1061 1065 1952 1961 1962 6
1061 1059 1065 1950 1966 1960 6
962 1065 1066 1960 1968 1727 6
1059 1058 1067 1946 1964 1965 6
1058 1060 1067 1949 2247 1963 6
1059 1067 1068 1963 2257 1966 6
1059 1068 1065 1965 1967 1961 6
1065 1068 1069 1966 2254 1968 6
1065 1069 1066 1967 1969 1962 6
1066 1069 1070 1968 2231 1970 6
1066 1070 963 1969 1972 1728 6
964 963 1071 1730 1972 1973 6
963 1070 1071 1970 2168 1971 6
964 1071 1072 1971 2152 1732 6
1072 1073 965 2151 1976 1733 6
966 965 1074 1735 1976 1977 6
965 1073 1074 1974 2149 1975 6
966 1074 1075 1975 2147 1978 6
966 1075 967 1977 1979 1737 6
967 1075 1076 1978 2146 1980 6
967 1076 968 1979 1982 1738 6
969 968 1077 1740 1982 1983 6
968 1076 1077 1980 2137 1981 6
969 1077 1078 1981 2134 1742 6
971 970 1079 1745 1985 1986 6
970 1078 1079 1743 2115 1984 6
971 1079 1080 1984 2103 1747 6
1080 1081 972 2102 1989 1748 6
973 972 1082 1750 1989 1990 6
972 1081 1082 1987 2100 1988 6
973 1082 1083 1988 2085 1752 6
975 974 1084 1755 1992 1993 6
974 1083 1084 1753 2073 1991 6
975 1084 1085 1991 2064 1757 6
977 976 1086 1760 1995 1996 6
976 1085 1086 1758 2051 1994 6
977 1086 1087 1994 2041 1762 6
1087 1088 978 2040 1999 1763 6
979 978 1089 1765 1999 2000 6
978 1088 1089 1997 2011 1998 6
979 1089 1090 1998 2007 2001 6
979 1090 980 2000 2002 1767 6
980 1090 1091 2001 2009 2003 6
980 1091 1005 2002 2004 1819 6
1005 1091 1006 2003 2005 1821 6
1006 1091 1092 2004 2010 2006 6
1006 1092 1025 2005 2014 1859 6
1090 1089 1093 2000 2011 2008 6
1090 1093 1094 2007 2022 2009 6
1090 1094 1091 2008 2010 2002 6
1091 1094 1092 2009 2020 2005 6
1089 1088 1093 1999 2032 2007 6
1007 1024 1095 1858 2013 2015 6
1024 1025 1095 1860 2014 2012 6
1025 1092 1095 2006 2018 2013 6
1007 1095 1096 2012 2019 2016 6
1007 1096 1008 2015 2017 1824 6
1008 1096 1009 2016 2024 1826 6
1095 1092 1097 2014 2021 2019 6
1095 1097 1096 2018 2023 2015 6
1092 1094 1098 2010 2022 2021 6
1092 1098 1097 2020 2026 2018 6
1094 1093 1098 2008 2031 2020 6
1096 1097 1099 2019 2027 2024 6
1096 1099 1009 2023 2025 2017 6
1009 1099 1010 2024 2029 1828 6
1097 1098 1100 2021 2034 2027 6
1097 1100 1099 2026 2028 2023 6
1099 1100 1101 2027 2036 2029 6
1099 1101 1010 2028 2030 2025 6
1010 1101 1011 2029 2038 1830 6
1098 1093 1102 2022 2032 2033 6
1093 1088 1102 2011 2042 2031 6
1098 1102 1103 2031 2043 2034 6
1098 1103 1100 2033 2035 2026 6
1100 1103 1104 2034 2044 2036 6
1100 1104 1101 2035 2037 2028 6
1101 1104 1105 2036 2047 2038 6
1101 1105 1011 2037 2039 2030 6
1011 1105 1012 2038 2049 1832 6
1088 1087 1106 1997 2041 2042 6
1087 1086 1106 1996 2053 2040 6
1088 1106 1102 2040 2045 2032 6
1103 1102 1107 2033 2045 2044 6
1103 1107 1104 2043 2046 2035 6
1102 1106 1107 2042 2054 2043 6
1104 1107 1108 2044 2056 2047 6
1104 1108 1105 2046 2048 2037 6
1105 1108 1109 2047 2059 2049 6
1105 1109 1012 2048 2050 2039 6
1012 1109 1013 2049 2061 1834 6
1086 1085 1110 1995 2063 2052 6
1086 1110 1111 2051 2057 2053 6
1086 1111 1106 2052 2054 2041 6
1106 1111 1107 2053 2055 2045 6
1107 1111 1112 2054 2057 2056 6
1107 1112 1108 2055 2058 2046 6
1111 1110 1112 2052 2066 2055 6
1108 1112 1113 2056 2067 2059 6
1108 1113 1109 2058 2060 2048 6
1109 1113 1114 2059 2069 2061 6
1109 1114 1013 2060 2062 2050 6
1013 1114 1014 2061 2076 1836 6
1085 1115 1110 2064 2065 2051 6
1085 1084 1115 1993 2072 2063 6
1110 1115 1116 2063 2070 2066 6
1110 1116 1112 2065 2067 2057 6
1112 1116 1113 2066 2068 2058 6
1113 1116 1117 2067 2071 2069 6
1113 1117 1114 2068 2075 2060 6
1116 1115 1118 2065 2072 2071 6
1116 1118 1117 2070 2086 2068 6
1115 1084 1118 2064 2074 2070 6
1084 1083 1119 1992 2084 2074 6
1084 1119 1118 2073 2087 2072 6
1114 1117 1120 2069 2088 2076 6
1114 1120 1014 2075 2077 2062 6
1014 1120 1015 2076 2078 1837 6
1015 1120 1121 2077 2089 2079 6
1015 1121 1016 2078 2080 1839 6
1016 1121 1122 2079 2093 2081 6
1016 1122 1017 2080 2082 1841 6
1017 1122 1123 2081 2096 2083 6
1017 1123 1018 2082 2110 1843 6
1083 1124 1119 2085 2090 2073 6
1083 1082 1124 1990 2098 2084 6
1117 1118 1125 2071 2087 2088 6
1118 1119 1125 2074 2091 2086 6
1117 1125 1120 2086 2089 2075 6
1120 1125 1121 2088 2092 2078 6
1119 1124 1126 2084 2097 2091 6
1119 1126 1125 2090 2092 2087 6
1125 1126 1121 2091 2093 2089 6
1121 1126 1122 2092 2094 2080 6
1122 1126 1127 2093 2097 2095 6
1122 1127 1128 2094 2101 2096 6
1122 1128 1123 2095 2108 2082 6
1126 1124 1127 2090 2099 2094 6
1124 1082 1129 2085 2100 2099 6
1124 1129 1127 2098 2101 2097 6
1082 1081 1129 1989 2105 2098 6
1127 1129 1128 2099 2106 2095 6
1081 1080 1130 1987 2103 2104 6
1080 1079 1130 1986 2114 2102 6
1081 1130 1131 2102 2112 2105 6
1081 1131 1129 2104 2106 2100 6
1129 1131 1128 2105 2107 2101 6
1128 1131 1132 2106 2113 2108 6
1128 1132 1123 2107 2109 2096 6
1123 1132 1133 2108 2118 2110 6
1123 1133 1018 2109 2111 2083 6
1018 1133 1019 2110 2120 1845 6
1131 1130 1134 2104 2116 2113 6
1131 1134 1132 2112 2117 2107 6
1130 1079 1135 2103 2115 2116 6
1079 1078 1135 1985 2132 2114 6
1130 1135 1134 2114 2122 2112 6
1132 1134 1136 2113 2123 2118 6
1132 1136 1133 2117 2119 2109 6
1133 1136 1137 2118 2125 2120 6
1133 1137 1019 2119 2121 2111 6
1019 1137 1020 2120 2126 1847 6
1134 1135 1138 2116 2131 2123 6
1134 1138 1136 2122 2124 2117 6
1136 1138 1139 2123 2129 2125 6
1136 1139 1137 2124 2126 2119 6
1137 1139 1020 2125 2127 2121 6
1020 1139 1140 2126 2130 2128 6
1020 1140 1021 2127 2142 1849 6
1139 1138 1141 2124 2133 2130 6
1139 1141 1140 2129 2140 2127 6
1138 1135 1142 2122 2132 2133 6
1135 1078 1142 2115 2134 2131 6
1138 1142 1141 2131 2136 2129 6
1078 1077 1142 1983 2135 2132 6
1142 1077 1143 2134 2137 2136 6
1142 1143 1141 2135 2138 2133 6
1077 1076 1143 1982 2144 2135 6
1141 1143 1144 2136 2145 2139 6
1141 1144 1145 2138 2159 2140 6
1141 1145 1140 2139 2141 2130 6
1140 1145 1146 2140 2155 2142 6
1140 1146 1021 2141 2143 2128 6
1021 1146 1022 2142 2156 1851 6
1143 1076 1147 2137 2146 2145 6
1143 1147 1144 2144 2158 2138 6
1076 1075 1147 1979 2148 2144 6
1075 1074 1148 1977 2150 2148 6
1075 1148 1147 2147 2160 2146 6
1074 1073 1149 1976 2154 2150 6
1074 1149 1148 2149 2162 2147 6
1073 1072 1150 1974 2152 2153 6
1072 1071 1150 1973 2169 2151 6
1073 1150 1151 2151 2170 2154 6
1073 1151 1149 2153 2164 2149 6
1146 1145 1152 2141 2161 2156 6
1146 1152 1022 2155 2157 2143 6
1022 1152 1023 2156 2167 1853 6
1144 1147 1153 2145 2160 2159 6
1144 1153 1145 2158 2161 2139 6
1147 1148 1153 2148 2163 2158 6
1145 1153 1152 2159 2166 2155 6
1148 1149 1154 2150 2164 2163 6
1148 1154 1153 2162 2165 2160 6
1149 1151 1154 2154 2213 2162 6
1153 1154 1155 2163 2212 2166 6
1153 1155 1152 2165 2167 2161 6
1152 1155 1023 2166 2210 2157 6
1071 1070 1156 1972 2229 2169 6
1071 1156 1150 2168 2170 2152 6
1150 1156 1151 2169 2215 2153 6
1056 1057 1157 1944 2186 2172 6
1056 1157 1158 2171 2178 2173 6
1056 1158 1055 2172 2174 1942 6
1055 1158 1047 2173 2175 1939 6
1047 1158 1159 2174 2178 2176 6
1047 1159 992 2175 2177 1918 6
992 1159 993 2176 2179 1792 6
1158 1157 1159 2172 2181 2175 6
993 1159 1160 2177 2181 2180 6
993 1160 994 2179 2182 1794 6
1159 1157 1160 2178 2187 2179 6
994 1160 1161 2180 2188 2183 6
994 1161 995 2182 2184 1796 6
995 1161 1162 2183 2193 2185 6
995 1162 1064 2184 2200 1959 6
1157 1057 1163 2171 2190 2187 6
1157 1163 1160 2186 2188 2181 6
1160 1163 1161 2187 2191 2182 6
1057 959 1164 1943 2195 2190 6
1057 1164 1163 2189 2192 2186 6
1161 1163 1165 2188 2192 2193 6
1163 1164 1165 2190 2197 2191 6
1161 1165 1162 2191 2199 2184 6
959 910 1166 1718 2205 2195 6
959 1166 1164 2194 2196 2189 6
1164 1166 1167 2195 2217 2197 6
1164 1167 1165 2196 2198 2192 6
1165 1167 1168 2197 2222 2199 6
1165 1168 1162 2198 2200 2193 6
1162 1168 1064 2199 2201 2185 6
1064 1168 1169 2200 2223 2202 6
1064 1169 1063 2201 2203 1958 6
1063 1169 1062 2202 2244 1956 6
910 11 1170 1617 2207 2205 6
910 1170 1166 2204 2216 2194 6
11 947 1171 1695 2209 2207 6
11 1171 1170 2206 2218 2204 6
947 1023 1172 1854 2211 2209 6
947 1172 1171 2208 2220 2206 6
1023 1155 1173 2167 2212 2211 6
1023 1173 1172 2210 2225 2208 6
1155 1154 1173 2165 2214 2210 6
1154 1151 1174 2164 2215 2214 6
1154 1174 1173 2213 2224 2212 6
1151 1156 1174 2170 2227 2213 6
1166 1170 1175 2205 2219 2217 6
1166 1175 1167 2216 2221 2196 6
1170 1171 1176 2207 2220 2219 6
1170 1176 1175 2218 2235 2216 6
1171 1172 1176 2209 2226 2218 6
1167 1175 1177 2217 2236 2222 6
1167 1177 1168 2221 2223 2198 6
1168 1177 1169 2222 2243 2201 6
1173 1174 1178 2214 2228 2225 6
1173 1178 1172 2224 2226 2211 6
1172 1178 1176 2225 2233 2220 6
1174 1156 1179 2215 2230 2228 6
1174 1179 1178 2227 2232 2224 6
1156 1070 1180 2168 2231 2230 6
1156 1180 1179 2229 2237 2227 6
1070 1069 1180 1969 2252 2229 6
1178 1179 1181 2228 2238 2233 6
1178 1181 1176 2232 2234 2226 6
1176 1181 1182 2233 2240 2235 6
1176 1182 1175 2234 2236 2219 6
1175 1182 1177 2235 2241 2221 6
1179 1180 1183 2230 2251 2238 6
1179 1183 1181 2237 2239 2232 6
1181 1183 1184 2238 2249 2240 6
1181 1184 1182 2239 2241 2234 6
1182 1184 1177 2240 2242 2236 6
1177 1184 1185 2241 2248 2243 6
1177 1185 1169 2242 2244 2223 6
1169 1185 1062 2243 2245 2203 6
1062 1185 1186 2244 2250 2246 6
1062 1186 1060 2245 2247 1954 6
1060 1186 1067 2246 2256 1964 6
1185 1184 1187 2242 2249 2250 6
1184 1183 1187 2239 2253 2248 6
1185 1187 1186 2248 2255 2245 6
1183 1180 1188 2237 2252 2253 6
1180 1069 1188 2231 2254 2251 6
1183 1188 1187 2251 2255 2249 6
1069 1068 1188 1967 2257 2252 6
1187 1188 1186 2253 2256 2250 6
1186 1188 1067 2255 2257 2247 6
1188 1068 1067 2254 1965 2256 6
