1188 207
 0.00000000000000E+0000  0.00000000000000E+0000
 1.50000000000000E+0000  0.00000000000000E+0000
 1.50000000000000E+0000  3.00000000000000E+0000
 0.00000000000000E+0000  3.00000000000000E+0000
 0.00000000000000E+0000  6.00000000000000E-0001
 1.00000000000000E+0000  6.00000000000000E-0001
 1.00000000000000E+0000  8.00000000000000E-0001
 0.00000000000000E+0000  8.00000000000000E-0001
 0.00000000000000E+0000  1.00000000000000E+0000
 1.00000000000000E+0000  1.00000000000000E+0000
 1.00000000000000E+0000  2.50000000000000E+0000
 0.00000000000000E+0000  2.50000000000000E+0000
 1.50000000000000E+0000  6.00000000000000E-0001
 1.50000000000000E+0000  8.00000000000000E-0001
 1.50000000000000E+0000  1.00000000000000E+0000
 7.69230769230769E-0002  6.00000000000000E-0001
 1.53846153846154E-0001  6.00000000000000E-0001
 2.30769230769231E-0001  6.00000000000000E-0001
 3.07692307692308E-0001  6.00000000000000E-0001
 3.84615384615385E-0001  6.00000000000000E-0001
 4.61538461538462E-0001  6.00000000000000E-0001
 5.38461538461538E-0001  6.00000000000000E-0001
 6.15384615384615E-0001  6.00000000000000E-0001
 6.92307692307692E-0001  6.00000000000000E-0001
 7.69230769230769E-0001  6.00000000000000E-0001
 8.46153846153846E-0001  6.00000000000000E-0001
 9.23076923076923E-0001  6.00000000000000E-0001
 1.00000000000000E+0000  6.66666666666667E-0001
 1.00000000000000E+0000  7.33333333333333E-0001
 9.23076923076923E-0001  8.00000000000000E-0001
 8.46153846153846E-0001  8.00000000000000E-0001
 7.69230769230769E-0001  8.00000000000000E-0001
 6.92307692307692E-0001  8.00000000000000E-0001
 6.15384615384615E-0001  8.00000000000000E-0001
 5.38461538461538E-0001  8.00000000000000E-0001
 4.61538461538462E-0001  8.00000000000000E-0001
 3.84615384615385E-0001  8.00000000000000E-0001
 3.07692307692308E-0001  8.00000000000000E-0001
 2.30769230769231E-0001  8.00000000000000E-0001
 1.53846153846154E-0001  8.00000000000000E-0001
 7.69230769230769E-0002  8.00000000000000E-0001
 0.00000000000000E+0000  7.33333333333333E-0001
 0.00000000000000E+0000  6.66666666666667E-0001
 7.69230769230769E-0002  1.00000000000000E+0000
 1.53846153846154E-0001  1.00000000000000E+0000
 2.30769230769231E-0001  1.00000000000000E+0000
 3.07692307692308E-0001  1.00000000000000E+0000
 3.84615384615385E-0001  1.00000000000000E+0000
 4.61538461538462E-0001  1.00000000000000E+0000
 5.38461538461538E-0001  1.00000000000000E+0000
 6.15384615384615E-0001  1.00000000000000E+0000
 6.92307692307692E-0001  1.00000000000000E+0000
 7.69230769230769E-0001  1.00000000000000E+0000
 8.46153846153846E-0001  1.00000000000000E+0000
 9.23076923076923E-0001  1.00000000000000E+0000
 1.00000000000000E+0000  1.07894736842105E+0000
 1.00000000000000E+0000  1.15789473684211E+0000
 1.00000000000000E+0000  1.23684210526316E+0000
 1.00000000000000E+0000  1.31578947368421E+0000
 1.00000000000000E+0000  1.39473684210526E+0000
 1.00000000000000E+0000  1.47368421052632E+0000
 1.00000000000000E+0000  1.55263157894737E+0000
 1.00000000000000E+0000  1.63157894736842E+0000
 1.00000000000000E+0000  1.71052631578947E+0000
 1.00000000000000E+0000  1.78947368421053E+0000
 1.00000000000000E+0000  1.86842105263158E+0000
 1.00000000000000E+0000  1.94736842105263E+0000
 1.00000000000000E+0000  2.02631578947368E+0000
 1.00000000000000E+0000  2.10526315789474E+0000
 1.00000000000000E+0000  2.18421052631579E+0000
 1.00000000000000E+0000  2.26315789473684E+0000
 1.00000000000000E+0000  2.34210526315789E+0000
 1.00000000000000E+0000  2.42105263157895E+0000
 9.23076923076923E-0001  2.50000000000000E+0000
 8.46153846153846E-0001  2.50000000000000E+0000
 7.69230769230769E-0001  2.50000000000000E+0000
 6.92307692307692E-0001  2.50000000000000E+0000
 6.15384615384615E-0001  2.50000000000000E+0000
 5.38461538461538E-0001  2.50000000000000E+0000
 4.61538461538462E-0001  2.50000000000000E+0000
 3.84615384615385E-0001  2.50000000000000E+0000
 3.07692307692308E-0001  2.50000000000000E+0000
 2.30769230769231E-0001  2.50000000000000E+0000
 1.53846153846154E-0001  2.50000000000000E+0000
 7.69230769230769E-0002  2.50000000000000E+0000
 0.00000000000000E+0000  2.42105263157895E+0000
 0.00000000000000E+0000  2.34210526315789E+0000
 0.00000000000000E+0000  2.26315789473684E+0000
 0.00000000000000E+0000  2.18421052631579E+0000
 0.00000000000000E+0000  2.10526315789474E+0000
 0.00000000000000E+0000  2.02631578947368E+0000
 0.00000000000000E+0000  1.94736842105263E+0000
 0.00000000000000E+0000  1.86842105263158E+0000
 0.00000000000000E+0000  1.78947368421053E+0000
 0.00000000000000E+0000  1.71052631578947E+0000
 0.00000000000000E+0000  1.63157894736842E+0000
 0.00000000000000E+0000  1.55263157894737E+0000
 0.00000000000000E+0000  1.47368421052632E+0000
 0.00000000000000E+0000  1.39473684210526E+0000
 0.00000000000000E+0000  1.31578947368421E+0000
 0.00000000000000E+0000  1.23684210526316E+0000
 0.00000000000000E+0000  1.15789473684211E+0000
 0.00000000000000E+0000  1.07894736842105E+0000
 7.89473684210526E-0002  0.00000000000000E+0000
 1.57894736842105E-0001  0.00000000000000E+0000
 2.36842105263158E-0001  0.00000000000000E+0000
 3.15789473684211E-0001  0.00000000000000E+0000
 3.94736842105263E-0001  0.00000000000000E+0000
 4.73684210526316E-0001  0.00000000000000E+0000
 5.52631578947368E-0001  0.00000000000000E+0000
 6.31578947368421E-0001  0.00000000000000E+0000
 7.10526315789474E-0001  0.00000000000000E+0000
 7.89473684210526E-0001  0.00000000000000E+0000
 8.68421052631579E-0001  0.00000000000000E+0000
 9.47368421052632E-0001  0.00000000000000E+0000
 1.02631578947368E+0000  0.00000000000000E+0000
 1.10526315789474E+0000  0.00000000000000E+0000
 1.18421052631579E+0000  0.00000000000000E+0000
 1.26315789473684E+0000  0.00000000000000E+0000
 1.34210526315789E+0000  0.00000000000000E+0000
 1.42105263157895E+0000  0.00000000000000E+0000
 1.50000000000000E+0000  7.50000000000000E-0002
 1.50000000000000E+0000  1.50000000000000E-0001
 1.50000000000000E+0000  2.25000000000000E-0001
 1.50000000000000E+0000  3.00000000000000E-0001
 1.50000000000000E+0000  3.75000000000000E-0001
 1.50000000000000E+0000  4.50000000000000E-0001
 1.50000000000000E+0000  5.25000000000000E-0001
 1.42857142857143E+0000  6.00000000000000E-0001
 1.35714285714286E+0000  6.00000000000000E-0001
 1.28571428571429E+0000  6.00000000000000E-0001
 1.21428571428571E+0000  6.00000000000000E-0001
 1.14285714285714E+0000  6.00000000000000E-0001
 1.07142857142857E+0000  6.00000000000000E-0001
 0.00000000000000E+0000  5.25000000000000E-0001
 0.00000000000000E+0000  4.50000000000000E-0001
 0.00000000000000E+0000  3.75000000000000E-0001
 0.00000000000000E+0000  3.00000000000000E-0001
 0.00000000000000E+0000  2.25000000000000E-0001
 0.00000000000000E+0000  1.50000000000000E-0001
 0.00000000000000E+0000  7.50000000000000E-0002
 1.50000000000000E+0000  6.66666666666667E-0001
 1.50000000000000E+0000  7.33333333333333E-0001
 1.42857142857143E+0000  8.00000000000000E-0001
 1.35714285714286E+0000  8.00000000000000E-0001
 1.28571428571429E+0000  8.00000000000000E-0001
 1.21428571428571E+0000  8.00000000000000E-0001
 1.14285714285714E+0000  8.00000000000000E-0001
 1.07142857142857E+0000  8.00000000000000E-0001
 1.50000000000000E+0000  8.66666666666667E-0001
 1.50000000000000E+0000  9.33333333333333E-0001
 1.42857142857143E+0000  1.00000000000000E+0000
 1.35714285714286E+0000  1.00000000000000E+0000
 1.28571428571429E+0000  1.00000000000000E+0000
 1.21428571428571E+0000  1.00000000000000E+0000
 1.14285714285714E+0000  1.00000000000000E+0000
 1.07142857142857E+0000  1.00000000000000E+0000
 0.00000000000000E+0000  9.33333333333333E-0001
 0.00000000000000E+0000  8.66666666666667E-0001
 1.50000000000000E+0000  1.08000000000000E+0000
 1.50000000000000E+0000  1.16000000000000E+0000
 1.50000000000000E+0000  1.24000000000000E+0000
 1.50000000000000E+0000  1.32000000000000E+0000
 1.50000000000000E+0000  1.40000000000000E+0000
 1.50000000000000E+0000  1.48000000000000E+0000
 1.50000000000000E+0000  1.56000000000000E+0000
 1.50000000000000E+0000  1.64000000000000E+0000
 1.50000000000000E+0000  1.72000000000000E+0000
 1.50000000000000E+0000  1.80000000000000E+0000
 1.50000000000000E+0000  1.88000000000000E+0000
 1.50000000000000E+0000  1.96000000000000E+0000
 1.50000000000000E+0000  2.04000000000000E+0000
 1.50000000000000E+0000  2.12000000000000E+0000
 1.50000000000000E+0000  2.20000000000000E+0000
 1.50000000000000E+0000  2.28000000000000E+0000
 1.50000000000000E+0000  2.36000000000000E+0000
 1.50000000000000E+0000  2.44000000000000E+0000
 1.50000000000000E+0000  2.52000000000000E+0000
 1.50000000000000E+0000  2.60000000000000E+0000
 1.50000000000000E+0000  2.68000000000000E+0000
 1.50000000000000E+0000  2.76000000000000E+0000
 1.50000000000000E+0000  2.84000000000000E+0000
 1.50000000000000E+0000  2.92000000000000E+0000
 1.42105263157895E+0000  3.00000000000000E+0000
 1.34210526315789E+0000  3.00000000000000E+0000
 1.26315789473684E+0000  3.00000000000000E+0000
 1.18421052631579E+0000  3.00000000000000E+0000
 1.10526315789474E+0000  3.00000000000000E+0000
 1.02631578947368E+0000  3.00000000000000E+0000
 9.47368421052632E-0001  3.00000000000000E+0000
 8.68421052631579E-0001  3.00000000000000E+0000
 7.89473684210526E-0001  3.00000000000000E+0000
 7.10526315789474E-0001  3.00000000000000E+0000
 6.31578947368421E-0001  3.00000000000000E+0000
 5.52631578947368E-0001  3.00000000000000E+0000
 4.73684210526316E-0001  3.00000000000000E+0000
 3.94736842105263E-0001  3.00000000000000E+0000
 3.15789473684211E-0001  3.00000000000000E+0000
 2.36842105263158E-0001  3.00000000000000E+0000
 1.57894736842105E-0001  3.00000000000000E+0000
 7.89473684210526E-0002  3.00000000000000E+0000
 0.00000000000000E+0000  2.92857142857143E+0000
 0.00000000000000E+0000  2.85714285714286E+0000
 0.00000000000000E+0000  2.78571428571429E+0000
 0.00000000000000E+0000  2.71428571428571E+0000
 0.00000000000000E+0000  2.64285714285714E+0000
 0.00000000000000E+0000  2.57142857142857E+0000
 4.90715519489608E-0002  7.52073812475507E-0001
 9.53878073648812E-0001  7.56165165750365E-0001
 9.51565705150641E-0001  6.48226733736625E-0001
 4.65969405068697E-0002  6.44028368167346E-0001
 9.48313603330358E-0001  7.03293924615243E-0001
 5.25206001111036E-0002  6.97076635482139E-0001
 8.97999841836776E-0001  7.44198570803249E-0001
 8.86437999345921E-0001  6.71173077401216E-0001
 1.15914082710623E-0001  7.29959093562062E-0001
 1.03541025500167E-0001  6.56398538687922E-0001
 2.00050871741720E-0001  7.36837533372875E-0001
 1.75445298903180E-0001  6.67327134915988E-0001
 8.07817470408107E-0001  6.67933055600724E-0001
 8.30138605464798E-0001  7.34559257052671E-0001
 2.75780035369953E-0001  7.42971327886134E-0001
 2.48550428851182E-0001  6.80767643873069E-0001
 2.91463711017040E-0001  6.44241776711918E-0001
 3.17793425305971E-0001  6.93228090351500E-0001
 3.49823947859303E-0001  7.46994699719360E-0001
 3.52513162466506E-0001  6.47213149335019E-0001
 3.88629266271844E-0001  6.97179944583499E-0001
 4.24433267900355E-0001  7.48588835495026E-0001
 4.24884879896489E-0001  6.48629084363197E-0001
 4.62326914202442E-0001  6.98425808236894E-0001
 4.99665632914696E-0001  7.48932560430401E-0001
 4.99686090284296E-0001  6.48955604023773E-0001
 5.36662347946970E-0001  6.98268820525466E-0001
 5.74571267438408E-0001  7.48311898325020E-0001
 5.74242399659877E-0001  6.48409911017080E-0001
 6.09481783182102E-0001  6.96577141119627E-0001
 6.47771686740524E-0001  7.46092867874628E-0001
 6.45778022699738E-0001  6.46657900433616E-0001
 6.77864974607096E-0001  6.91721448541950E-0001
 7.17019787523231E-0001  7.39946719261173E-0001
 7.73191705813368E-0001  7.24050838510838E-0001
 7.05386671057046E-0001  6.43238901923037E-0001
 7.41751896439936E-0001  6.77815160639620E-0001
 6.10488066662050E-0002  2.43770874201947E+0000
 9.40621519600911E-0001  2.43990679797622E+0000
 9.39583391876038E-0001  1.05968830078570E+0000
 5.95380205051057E-0002  1.06100272339784E+0000
 1.27239135237501E-0001  2.44087781646698E+0000
 8.75486099017192E-0001  1.05449475724436E+0000
 1.23557844067857E-0001  1.05728073156682E+0000
 8.76686022336011E-0001  2.44412283488975E+0000
 5.68156510981447E-0002  2.37181952072351E+0000
 1.05313819652297E-0001  2.39250318751160E+0000
 5.55327820239697E-0002  1.12607466416090E+0000
 1.01213269190253E-0001  1.10371461812909E+0000
 9.42471221900146E-0001  1.12433143054954E+0000
 8.96464990632900E-0001  1.10035727961919E+0000
 9.44736527315204E-0001  2.37571680136350E+0000
 8.99228682081753E-0001  2.39854911436570E+0000
 1.98742123818908E-0001  2.43948280321145E+0000
 1.67559063400304E-0001  2.37557324612942E+0000
 8.06075124734458E-0001  2.43939171269846E+0000
 8.44958568596411E-0001  2.38689029412088E+0000
 8.06032132478992E-0001  1.05735581497824E+0000
 8.41603669629541E-0001  1.10956865909739E+0000
 1.94175759918575E-0001  1.06265829433644E+0000
 1.55649040280206E-0001  1.11631033007519E+0000
 7.31872823077003E-0001  1.06068865310197E+0000
 7.71843261663646E-0001  1.11938495435440E+0000
 6.55694026214447E-0001  1.06254130941512E+0000
 5.79061272398074E-0001  1.06340738315157E+0000
 5.02396929066902E-0001  1.06407926656378E+0000
 4.25653197903801E-0001  1.06475819012632E+0000
 3.48620360790061E-0001  1.06545116693780E+0000
 2.70768511630583E-0001  1.06602335734779E+0000
 2.30461192201670E-0001  1.13633768003923E+0000
 3.12889655790134E-0001  1.13169531008973E+0000
 3.90099560911738E-0001  1.13023334143561E+0000
 4.66644666556022E-0001  1.12878881905322E+0000
 5.43018537789620E-0001  1.12752473663060E+0000
 6.19408202746501E-0001  1.12630242108070E+0000
 6.96126069843486E-0001  1.12485256809884E+0000
 2.72880812363922E-0001  2.43932521055335E+0000
 2.40155966309545E-0001  2.38112200900106E+0000
 3.48204487794533E-0001  2.43813835563763E+0000
 4.24625231427048E-0001  2.43767494944233E+0000
 5.01113369123935E-0001  2.43791635033965E+0000
 5.77183335891366E-0001  2.43823104408801E+0000
 6.53059504415465E-0001  2.43807025354911E+0000
 7.29847411624740E-0001  2.43697612656148E+0000
 7.69571930698666E-0001  2.36836238920192E+0000
 6.88837269853321E-0001  2.37603376413665E+0000
 6.14793692744017E-0001  2.37718246360194E+0000
 5.40284005519946E-0001  2.37621925080317E+0000
 4.64584201160115E-0001  2.37537500517986E+0000
 3.87692047335880E-0001  2.37462212689904E+0000
 3.11717906877328E-0001  2.37720985723601E+0000
 9.39427996593006E-0001  2.30657828012447E+0000
 8.89139508447610E-0001  2.34610963112391E+0000
 6.06565039344043E-0002  1.19698411062301E+0000
 1.11787151761725E-0001  1.15790599950397E+0000
 9.35598097763216E-0001  1.19539790388047E+0000
 8.83179107237539E-0001  1.15370459449969E+0000
 6.06246691814269E-0002  2.30101079286629E+0000
 1.13904891578241E-0001  2.33653756604636E+0000
 7.16433239705173E-0002  1.27880265628370E+0000
 1.24973100544305E-0001  1.22438687979928E+0000
 6.04796950219563E-0002  1.35617547510920E+0000
 6.41142950549020E-0002  1.42897548826163E+0000
 7.77712699486459E-0002  1.51160794381303E+0000
 6.54966454586540E-0002  1.59433218201489E+0000
 6.36495390652510E-0002  1.66751492288379E+0000
 7.67639204756703E-0002  1.74509891270351E+0000
 6.86724402973513E-0002  1.82827324477454E+0000
 6.91412602925677E-0002  1.90482385862997E+0000
 8.04544616934554E-0002  1.98859055828736E+0000
 6.56727171536948E-0002  2.07158562789315E+0000
 6.10131300492854E-0002  2.14439802553237E+0000
 7.08831633502199E-0002  2.22083822758110E+0000
 1.22141791346694E-0001  2.27160786152615E+0000
 9.21614657797258E-0001  1.27915988748350E+0000
 8.66320854910436E-0001  1.22045716659508E+0000
 9.35492022326613E-0001  1.36090222872186E+0000
 9.38292168994303E-0001  1.43312567678077E+0000
 9.25326803500876E-0001  1.51002658269829E+0000
 9.32932054980476E-0001  1.59252233840497E+0000
 9.32891736617256E-0001  1.66839073124668E+0000
 9.23037719168416E-0001  1.74922124252001E+0000
 9.33201830344003E-0001  1.82993464436201E+0000
 9.33627141768922E-0001  1.90370083031324E+0000
 9.18473667901110E-0001  1.98321289942851E+0000
 9.28372262217543E-0001  2.06876861325211E+0000
 9.31092481985194E-0001  2.14635297297744E+0000
 9.25253867660964E-0001  2.22826472936427E+0000
 8.77435851930684E-0001  2.28411677391401E+0000
 8.61109545429470E-0001  2.23350296193019E+0000
 8.67707700793792E-0001  2.17993595685348E+0000
 8.65217458904816E-0001  2.11167724295078E+0000
 8.55445770005508E-0001  2.03979248210730E+0000
 8.35695944909811E-0001  1.97060530267262E+0000
 8.76167691445774E-0001  1.92594374607275E+0000
 8.73914731147067E-0001  1.86732784457565E+0000
 8.68626325446524E-0001  1.80146704712158E+0000
 8.57322584708909E-0001  1.74849937761054E+0000
 8.69213932400917E-0001  1.69626288395504E+0000
 8.72161212774535E-0001  1.63023710941685E+0000
 8.67207262582291E-0001  1.56227349275858E+0000
 8.52066143710774E-0001  1.49892356562913E+0000
 8.86782855056871E-0001  1.45703131520981E+0000
 8.82146829475893E-0001  1.40237680965184E+0000
 8.70894321960652E-0001  1.34022836464851E+0000
 8.42992045572335E-0001  1.28450670354197E+0000
 1.10813475641515E-0001  2.16958164324376E+0000
 1.41585299555038E-0001  2.21190325713097E+0000
 1.18705858705734E-0001  2.11491128307685E+0000
 1.33858648141539E-0001  2.05003774784989E+0000
 1.35219510111259E-0001  1.93114658966548E+0000
 1.59281594620545E-0001  1.98886105634671E+0000
 1.30495386919728E-0001  1.86514740275353E+0000
 1.35628247774421E-0001  1.79667885541449E+0000
 1.17932897930175E-0001  1.69015448288478E+0000
 1.51455908887543E-0001  1.73307733579146E+0000
 1.21698070769473E-0001  1.63340319927090E+0000
 1.29855434352184E-0001  1.56926100107458E+0000
 1.30026355131249E-0001  1.45084055201342E+0000
 1.54898292625218E-0001  1.51153715809851E+0000
 1.16403540745639E-0001  1.38681209881446E+0000
 1.10713014026118E-0001  1.33193976240696E+0000
 1.44676035602400E-0001  1.28950512525433E+0000
 8.16613456514372E-0001  1.17211727091361E+0000
 7.38807201035099E-0001  1.19173059932280E+0000
 6.59127155737474E-0001  1.18847086850178E+0000
 5.83416677033426E-0001  1.19102261671829E+0000
 5.07177553895821E-0001  1.19155325767215E+0000
 4.31516123382259E-0001  1.19458960582763E+0000
 3.55267380460912E-0001  1.19612232422345E+0000
 2.82115381027139E-0001  1.19600896365628E+0000
 2.24927955535439E-0001  1.20170554362366E+0000
 1.72695890471109E-0001  1.17996747203192E+0000
 1.88375195738244E-0001  1.24315991627353E+0000
 1.70972099284944E-0001  2.30671219676568E+0000
 2.16581160167933E-0001  2.33177977671332E+0000
 2.73450672672103E-0001  2.32336368576639E+0000
 3.47919943392117E-0001  2.30668995903856E+0000
 4.29095360268581E-0001  2.31264787400852E+0000
 5.04689800869895E-0001  2.31317287885372E+0000
 5.79334260056751E-0001  2.31544115545150E+0000
 6.50058678642538E-0001  2.31910253291751E+0000
 7.15687719417457E-0001  2.31651176759200E+0000
 7.72544637456372E-0001  2.29792864801524E+0000
 8.29047491353933E-0001  2.32480774470418E+0000
 8.20633065149791E-0001  2.26543961747563E+0000
 7.97923157998019E-0001  1.23786081332803E+0000
 8.17779258990918E-0001  1.33215865482368E+0000
 8.25335056081593E-0001  1.38227131626674E+0000
 8.36078385839881E-0001  1.44070739965785E+0000
 7.83413877965227E-0001  1.29718085740921E+0000
 7.39386946095220E-0001  1.26117638963644E+0000
 6.90621932443733E-0001  1.23825893810162E+0000
 6.26375508409492E-0001  1.25866466706446E+0000
 5.45385147951098E-0001  1.25362686998319E+0000
 4.73076061896006E-0001  1.25377413643201E+0000
 3.96823492787685E-0001  1.26707289825005E+0000
 3.18152643889052E-0001  1.25714042500260E+0000
 2.50987011587872E-0001  1.25305823031756E+0000
 2.11986667917597E-0001  1.31034023360602E+0000
 1.60358879744259E-0001  1.34840661282612E+0000
 2.80359080631762E-0001  1.30999882596790E+0000
 7.31176948804119E-0001  2.26993104093155E+0000
 6.81931325024501E-0001  2.26771575141935E+0000
 7.69144504241293E-0001  2.24252326494380E+0000
 8.14512814083574E-0001  2.20976060669757E+0000
 8.09054786770581E-0001  2.15006071344699E+0000
 7.99625578683532E-0001  2.08515692805980E+0000
 7.85282426054421E-0001  2.01933901450095E+0000
 6.19761703976039E-0001  2.26173418980395E+0000
 5.46410878420372E-0001  2.24523997452206E+0000
 4.68422886627096E-0001  2.25411863830243E+0000
 4.01256070779112E-0001  2.25191324590222E+0000
 2.93558617855104E-0001  2.27125432018292E+0000
 3.38659739330822E-0001  2.23582445861327E+0000
 2.30764676920017E-0001  2.27212983320316E+0000
 1.74876462061010E-0001  2.25264776041336E+0000
 2.53494231804953E-0001  1.36095499237972E+0000
 2.05645833048304E-0001  1.36730702521629E+0000
 1.72723233236515E-0001  1.40453972372191E+0000
 1.94238166493532E-0001  1.46157886137028E+0000
 2.29660754674080E-0001  1.41229821370693E+0000
 3.43355260665439E-0001  1.32058858146479E+0000
 3.04169116961205E-0001  1.35791883658535E+0000
 2.89131501541107E-0001  1.40787758520897E+0000
 4.50265808096565E-0001  1.30607721053936E+0000
 4.06118299823294E-0001  1.34122933237024E+0000
 3.54498214651681E-0001  1.39018049642957E+0000
 5.07278400565616E-0001  1.30973367766760E+0000
 2.15385992925271E-0001  1.51872875928759E+0000
 1.82103419326186E-0001  1.55721346454417E+0000
 1.77156470334189E-0001  1.60747901727653E+0000
 2.62724452252634E-0001  1.47153716831781E+0000
 1.76089216321423E-0001  1.67168423288284E+0000
 7.36140368203330E-0001  1.31077702346181E+0000
 6.89407267791926E-0001  1.29125715909732E+0000
 7.66253761493914E-0001  1.35661246709489E+0000
 7.78849861659889E-0001  1.42155115477573E+0000
 6.41681043960445E-0001  1.33100573359030E+0000
 5.74976871248010E-0001  1.31702155359614E+0000
 7.02231333912063E-0001  1.34766593230002E+0000
 7.20017209646857E-0001  1.40469055485478E+0000
 1.85452374630333E-0001  1.89508312299252E+0000
 1.86481353353487E-0001  1.94438112220167E+0000
 1.88849930784374E-0001  1.83488506140408E+0000
 1.97522788405558E-0001  1.77359808537872E+0000
 2.04788649887194E-0001  1.72125700910399E+0000
 2.19632961784509E-0001  1.98074156642791E+0000
 2.00033760755936E-0001  2.03827492621996E+0000
 1.78996058311631E-0001  2.09800809598369E+0000
 1.61875099192999E-0001  2.15586055932958E+0000
 2.08916403316603E-0001  2.20088696777378E+0000
 2.76991399336225E-0001  2.21826792317586E+0000
 2.12229056673930E-0001  2.13987500240302E+0000
 2.64085332125961E-0001  2.15552933031201E+0000
 3.25957951748218E-0001  2.17398634590662E+0000
 3.86266089598247E-0001  2.19284039621685E+0000
 4.37163846328560E-0001  2.20936369775079E+0000
 4.91912657868519E-0001  2.19237981151641E+0000
 5.58241356306277E-0001  2.17096977176825E+0000
 6.02501639941679E-0001  2.20887111837443E+0000
 6.58325345749994E-0001  2.21403987143010E+0000
 7.16570322407789E-0001  2.22497978978178E+0000
 7.59423083768715E-0001  2.18710390261329E+0000
 7.47834958192358E-0001  2.12673442970463E+0000
 7.34909800701937E-0001  2.06334338441201E+0000
 6.99415835337112E-0001  2.16856813828893E+0000
 6.29763171561395E-0001  2.15237557644496E+0000
 2.47266710651437E-0001  2.08909382906379E+0000
 3.13141250179510E-0001  2.11107204203118E+0000
 3.76594098579256E-0001  2.13039041870089E+0000
 4.37954978297407E-0001  2.15557071478666E+0000
 2.61157941449599E-0001  2.02291311238009E+0000
 3.01213305959137E-0001  2.05799127195507E+0000
 3.63719231544126E-0001  2.05944841873019E+0000
 4.32513963147441E-0001  2.08943211101069E+0000
 5.03271680989165E-0001  2.11902294768007E+0000
 5.75574838464453E-0001  2.10793807825874E+0000
 6.84571877534632E-0001  2.10617946947990E+0000
 6.29701052913133E-0001  2.09006956199534E+0000
 2.19968160396053E-0001  1.63425367064584E+0000
 2.39613535546934E-0001  1.68217347585479E+0000
 2.33214291053844E-0001  1.57906678847282E+0000
 2.65123297811694E-0001  1.53145079081475E+0000
 3.30230838675121E-0001  1.45438554602014E+0000
 3.15288541299776E-0001  1.51445056809637E+0000
 2.98994773630391E-0001  1.57347766774748E+0000
 2.73755730203691E-0001  1.63087414352293E+0000
 8.19122425104766E-0001  1.90487523544280E+0000
 8.12735484936209E-0001  1.83805122285312E+0000
 8.11537611075875E-0001  1.77577414523637E+0000
 7.26334623428289E-0001  2.00666678022604E+0000
 7.59673426301290E-0001  1.95047586641850E+0000
 6.65799358892107E-0001  2.03599062397801E+0000
 7.56537984006957E-0001  1.87685433035035E+0000
 7.46664024386010E-0001  1.80201623330075E+0000
 6.85997661025107E-0001  1.96419246544906E+0000
 7.08732122101635E-0001  1.91080585524073E+0000
 6.92289177968081E-0001  1.85491002534344E+0000
 8.14189413898985E-0001  1.71977784856473E+0000
 8.15673078976239E-0001  1.66145735664197E+0000
 8.15041373241364E-0001  1.60052234834334E+0000
 8.05707984359807E-0001  1.54141577883930E+0000
 7.91283737461566E-0001  1.48209529717127E+0000
 7.34121262241398E-0001  1.46293835158710E+0000
 7.40871724563679E-0001  1.52704157689818E+0000
 7.67767752682903E-0001  1.57764679750534E+0000
 7.61721173285454E-0001  1.63011170899514E+0000
 7.61701542372331E-0001  1.69184027693976E+0000
 7.69678005201787E-0001  1.74484084389720E+0000
 6.69560924065812E-0001  1.78889623619825E+0000
 7.14293552682049E-0001  1.73479877769522E+0000
 6.94642724355840E-0001  1.66006412561726E+0000
 7.15489156291150E-0001  1.58914864815089E+0000
 6.76777882191835E-0001  1.54152397198824E+0000
 6.94939005572641E-0001  1.49453505362919E+0000
 6.78754713027695E-0001  1.44772616269045E+0000
 6.59881368564144E-0001  1.39165876521098E+0000
 5.97199886061600E-0001  1.37977865170537E+0000
 5.31933490742488E-0001  1.36932648928418E+0000
 4.68021862553310E-0001  1.35858558418866E+0000
 4.23733439474148E-0001  1.40488138261922E+0000
 3.84736683866868E-0001  1.44439279253769E+0000
 3.74992762246331E-0001  1.49788553517685E+0000
 3.59651837030340E-0001  1.55797772829291E+0000
 6.19396082398400E-0001  1.43909245009996E+0000
 6.44161418392371E-0001  1.49345208989703E+0000
 5.55318201962231E-0001  1.43057752674468E+0000
 4.88793393231418E-0001  1.42027260267393E+0000
 4.40219216211043E-0001  1.47463856080934E+0000
 5.13525096660634E-0001  1.48363374557152E+0000
 5.81048040196028E-0001  1.49137248823041E+0000
 3.46921592715028E-0001  1.62705684792384E+0000
 3.03812967268462E-0001  1.68922364468200E+0000
 2.59253959311405E-0001  1.74575803365703E+0000
 2.45148743243597E-0001  1.80994086595526E+0000
 2.38841168334091E-0001  1.86887016556554E+0000
 2.32813614186421E-0001  1.92607801694207E+0000
 2.78016027938889E-0001  1.96395058137417E+0000
 3.20773612782677E-0001  2.00743432608618E+0000
 2.88449890552513E-0001  1.90344719749239E+0000
 3.45255791193832E-0001  1.94309806218470E+0000
 2.92320593128180E-0001  1.84379535933594E+0000
 2.94091717971397E-0001  1.79274764678601E+0000
 3.29786533558122E-0001  1.75137522298333E+0000
 3.73533012123286E-0001  1.69811458856094E+0000
 3.43439002720890E-0001  1.87490059986566E+0000
 3.43939549154429E-0001  1.81287577203162E+0000
 4.04073644845900E-0001  1.76954270352577E+0000
 4.01883483506431E-0001  1.59352785267461E+0000
 4.16800312783795E-0001  1.64621753653554E+0000
 4.39788165343983E-0001  1.70528326573794E+0000
 4.19815646827666E-0001  1.54147954723747E+0000
 4.75923481225162E-0001  1.52993606084873E+0000
 5.39834350969554E-0001  1.55501688077461E+0000
 6.14043910723059E-0001  1.54646989104419E+0000
 4.66213487423671E-0001  1.59491949461326E+0000
 4.72447264818568E-0001  1.65841510782714E+0000
 5.36780030995041E-0001  1.63985140281849E+0000
 5.91287605985201E-0001  1.59895052414396E+0000
 6.51145245630819E-0001  1.59851073586107E+0000
 3.75270794671433E-0001  1.99721058554019E+0000
 4.26511329687519E-0001  2.02261944971352E+0000
 4.87020404722408E-0001  2.04954900402447E+0000
 5.39671862095422E-0001  2.06732917009121E+0000
 5.92788563490999E-0001  2.04786925395236E+0000
 6.06280172238447E-0001  1.97362180070895E+0000
 6.49154268347743E-0001  1.90760260762105E+0000
 3.90737981925440E-0001  1.90129723799902E+0000
 4.20085205013006E-0001  1.95345888429162E+0000
 3.99916113687913E-0001  1.84490043552896E+0000
 4.80445245169098E-0001  1.98662695483499E+0000
 5.39695742269043E-0001  2.01227221572022E+0000
 4.44979666614342E-0001  1.89013855039961E+0000
 4.77381718804595E-0001  1.93323139160496E+0000
 5.31963704387791E-0001  1.94864035674044E+0000
 5.78544558486982E-0001  1.89879764932631E+0000
 6.23072988585213E-0001  1.84329450678041E+0000
 5.09425538022895E-0001  1.88729895155479E+0000
 5.51356787468451E-0001  1.83233808069741E+0000
 4.72317167965342E-0001  1.82065495604327E+0000
 4.69215315337765E-0001  1.75360975464571E+0000
 5.27243238159807E-0001  1.76676386307663E+0000
 5.02644538674079E-0001  1.70581166430529E+0000
 5.97522865822951E-0001  1.77722958568078E+0000
 5.70388484526469E-0001  1.71095033428486E+0000
 6.14625688460413E-0001  1.65491089305530E+0000
 6.43505706652256E-0001  1.72114165875528E+0000
 5.99060363614260E-0002  5.41771503645052E-0001
 1.45047185600617E+0000  5.50882813088399E-0001
 1.43967619225708E+0000  5.94853064943515E-0002
 5.86404358159856E-0002  5.80933368724420E-0002
 1.39137369592206E+0000  5.43812665757021E-0001
 5.28221010246873E-0002  1.19830993768799E-0001
 1.44481113693352E+0000  1.22303790585025E-0001
 5.66299343235733E-0002  4.78816718289414E-0001
 1.43241411991285E+0000  4.85601451519186E-0001
 1.23532222313409E-0001  5.45971736039217E-0001
 1.02350946760889E-0001  5.00840649825874E-0001
 1.22406147340617E-0001  5.48694343724245E-0002
 9.76669610484170E-0002  9.88596755385565E-0002
 1.37414507813469E+0000  5.71060891834424E-0002
 1.39804824140861E+0000  1.02502055001999E-0001
 1.32191266946021E+0000  5.41935426895233E-0001
 1.25155422733320E+0000  5.41181473310698E-0001
 1.18114716387463E+0000  5.40592402077975E-0001
 1.11047148236853E+0000  5.39200132286036E-0001
 1.03859830526558E+0000  5.37002068689865E-0001
 9.64165424236435E-0001  5.35048085313005E-0001
 1.44202140047259E+0000  1.90279779802504E-0001
 1.38912089592561E+0000  1.56555736120255E-0001
 5.52298168208659E-0002  1.86413533722399E-0001
 1.05395340788912E-0001  1.50619530902602E-0001
 6.19225503981266E-0002  4.08735556558114E-0001
 1.15600017366658E-0001  4.46552719071067E-0001
 1.43992099676040E+0000  4.10054044131561E-0001
 1.43814114808570E+0000  2.63446986005506E-0001
 1.38005510198688E+0000  2.24372341650232E-0001
 1.43806765207515E+0000  3.38031186450920E-0001
 5.93065989972082E-0002  2.57709471628796E-0001
 1.13854792127067E-0001  2.15321355268149E-0001
 6.34111746817107E-0002  3.32876382710815E-0001
 1.35894100270443E-0001  3.69167682759373E-0001
 1.23343730537048E-0001  2.86645731606424E-0001
 8.87761157353809E-0001  5.34366463388339E-0001
 1.92080588231245E-0001  5.42127708191921E-0001
 1.56086475597136E-0001  4.91090674827340E-0001
 8.11303851358664E-0001  5.34328632229758E-0001
 7.35097445232892E-0001  5.33740889377276E-0001
 6.58446861443705E-0001  5.32216906832367E-0001
 5.80764642222236E-0001  5.30791138067441E-0001
 5.02430071900263E-0001  5.30586487554393E-0001
 4.23909175320124E-0001  5.30859730629420E-0001
 3.44421793747001E-0001  5.31039746911465E-0001
 2.66010359482435E-0001  5.35317858307588E-0001
 2.22239005753764E-0001  4.80386151153480E-0001
 2.98859145178309E-0001  4.58353719625122E-0001
 3.85444254560644E-0001  4.61707445004959E-0001
 4.65004920718724E-0001  4.61825023880272E-0001
 5.44901500236723E-0001  4.60043393714871E-0001
 6.24963046974961E-0001  4.61900435865677E-0001
 7.02163487372059E-0001  4.66869395954684E-0001
 7.77131757115562E-0001  4.69030830276784E-0001
 1.36870259381440E+0000  3.02998813379056E-0001
 1.38164106287384E+0000  3.76687437568375E-0001
 1.38740302466337E+0000  4.35004366008266E-0001
 1.35772916195468E+0000  4.84456423611420E-0001
 8.52447873299127E-0001  4.68834040236855E-0001
 9.29418765476527E-0001  4.67988443444711E-0001
 1.00613714119920E+0000  4.70931936183754E-0001
 1.07938697591434E+0000  4.76832624579628E-0001
 1.14941052097374E+0000  4.80774024031677E-0001
 1.21830370709244E+0000  4.82399065559122E-0001
 1.28796166472073E+0000  4.82162181133987E-0001
 1.32530968026467E+0000  4.18222622186657E-0001
 1.92216590542967E-0001  6.13785361320508E-0002
 1.49070733685472E-0001  1.10885184079235E-0001
 1.30150021978361E+0000  6.35898460745803E-0002
 1.34248782286836E+0000  1.17059471580964E-0001
 2.74073990637960E-0001  7.53393457860278E-0002
 2.13011738578849E-0001  1.27177447548998E-0001
 3.56038944650746E-0001  6.30781229167046E-0002
 4.28390951669818E-0001  6.18051239019979E-0002
 5.05293756642790E-0001  7.70538454156728E-0002
 5.91005551470231E-0001  7.06330599570189E-0002
 6.70448509902186E-0001  7.03976597656402E-0002
 7.49929310086669E-0001  6.98129562580691E-0002
 8.29025525485110E-0001  6.88706535635202E-0002
 9.07925015841410E-0001  6.86231659237641E-0002
 9.86381470659408E-0001  6.70983170322207E-0002
 1.06401635649280E+0000  6.63521092821758E-0002
 1.14220873369682E+0000  6.67978407486340E-0002
 1.22229425851934E+0000  6.75876436927951E-0002
 1.26481085957178E+0000  1.39786082961776E-0001
 1.17787717824409E+0000  1.35352300968315E-0001
 1.09959072741257E+0000  1.31495290725193E-0001
 1.02433803889943E+0000  1.32721548594500E-0001
 9.48324962218091E-0001  1.34893455853011E-0001
 8.68028404955154E-0001  1.40876983456148E-0001
 7.90375419895606E-0001  1.33911251518866E-0001
 7.09726141079179E-0001  1.45698618191703E-0001
 6.29924541445310E-0001  1.36241762084651E-0001
 5.56155744786465E-0001  1.40105505002417E-0001
 4.87293971604332E-0001  1.52469775404069E-0001
 4.47894007158199E-0001  1.14363981438032E-0001
 3.92697778898363E-0001  1.16335126604510E-0001
 3.30544481001977E-0001  1.24989444225082E-0001
 2.74074422853058E-0001  1.50752241183979E-0001
 1.32730151843459E+0000  1.82817204057745E-0001
 1.31504285773419E+0000  2.50135821454886E-0001
 1.33044225243135E+0000  3.55813853306841E-0001
 1.29752779439222E+0000  3.12504489962460E-0001
 1.63727550642992E-0001  1.72406637651292E-0001
 1.76125599959791E-0001  2.38133474105613E-0001
 1.91470020564900E-0001  3.06666229355614E-0001
 2.14795032838061E-0001  3.72032293932655E-0001
 1.80716001448747E-0001  4.30665235598098E-0001
 2.39681328156687E-0001  4.24761993067071E-0001
 1.25296039669139E+0000  4.24778290106603E-0001
 1.27902995625028E+0000  3.68656161442252E-0001
 2.24907001364043E-0001  1.92303041677344E-0001
 3.18856909930191E-0001  1.74814038795950E-0001
 3.67524640641522E-0001  1.69618198295537E-0001
 4.25793437988861E-0001  1.64156311484817E-0001
 2.83052226452408E-0001  2.09890523709472E-0001
 2.39450340152567E-0001  2.55458196594402E-0001
 2.59211138620062E-0001  3.18560375729289E-0001
 3.01935910348863E-0001  2.67195831238111E-0001
 3.39088555617325E-0001  2.18820242278458E-0001
 3.98166430510200E-0001  2.18594523891611E-0001
 2.81797391421766E-0001  3.82372696482425E-0001
 3.52419632381430E-0001  3.92890651905127E-0001
 3.25817915838894E-0001  3.27637456566772E-0001
 3.64995037093281E-0001  2.72808692762837E-0001
 4.28050622196112E-0001  3.95276257805651E-0001
 3.94548203869498E-0001  3.31996849638483E-0001
 5.05293623890535E-0001  3.92477345510466E-0001
 4.65592794689054E-0001  3.30760808079092E-0001
 4.30413013488150E-0001  2.72607628515858E-0001
 5.90952378871775E-0001  3.82680503652027E-0001
 6.72549063865303E-0001  3.98801884402375E-0001
 7.44792384551318E-0001  4.05526048103465E-0001
 8.16985125858481E-0001  4.04886596172068E-0001
 5.37259177139488E-0001  3.24278729347121E-0001
 4.97991792876146E-0001  2.67928667052555E-0001
 4.61183612907482E-0001  2.13556625729994E-0001
 8.92086206469845E-0001  4.02403883938919E-0001
 9.73914422418434E-0001  3.96346833158466E-0001
 1.05133861138531E+0000  4.12374092500242E-0001
 1.12036548827068E+0000  4.20713959835050E-0001
 1.18678803894607E+0000  4.24906364663016E-0001
 1.22036904709210E+0000  3.72323771395345E-0001
 1.24757036195978E+0000  3.28294246482563E-0001
 1.24437845538718E+0000  2.69128472823215E-0001
 1.27229141560930E+0000  2.08994003209140E-0001
 1.20992329356147E+0000  2.03102575149328E-0001
 5.97665193353798E-0001  3.11039957245902E-0001
 6.54034519902636E-0001  3.30222714436751E-0001
 7.18388138283650E-0001  3.45612939653639E-0001
 5.66058907441375E-0001  2.60785773237079E-0001
 5.27442927153085E-0001  2.05583040748085E-0001
 5.95973420160710E-0001  1.98652101469046E-0001
 7.81536290890371E-0001  3.47955384470047E-0001
 8.53915792172958E-0001  3.35570126988070E-0001
 9.25834813145941E-0001  3.40797977757609E-0001
 6.56237562617056E-0001  1.91964199338517E-0001
 6.40020582022604E-0001  2.57232777094880E-0001
 9.80307179009877E-0001  3.31460365059021E-0001
 1.03227767463684E+0000  3.48472018679336E-0001
 1.09594958885188E+0000  3.60947760399837E-0001
 1.15931885549132E+0000  3.68449404220007E-0001
 1.19654634443214E+0000  3.18858654398079E-0001
 1.17174671925487E+0000  2.62010121067181E-0001
 1.12843490960237E+0000  2.03344809636103E-0001
 1.06066883204451E+0000  1.84403622822399E-0001
 9.87045540806210E-0001  2.12087036281997E-0001
 7.05542855034947E-0001  2.21996212679896E-0001
 7.04631326950958E-0001  2.85968976139857E-0001
 7.52784778857618E-0001  3.05203414312713E-0001
 7.57016775242564E-0001  2.55546324307478E-0001
 7.65624304899319E-0001  1.95567121184978E-0001
 8.02351050107859E-0001  2.90933969153481E-0001
 8.19918464466272E-0001  1.82641796027601E-0001
 8.11165894078852E-0001  2.33608986570040E-0001
 8.57686463941538E-0001  2.67720079591803E-0001
 9.00929968819034E-0001  2.94294013345388E-0001
 9.53854852685341E-0001  2.84713370389715E-0001
 8.64398010653203E-0001  2.09245109975231E-0001
 9.16230938191897E-0001  1.87954267020546E-0001
 9.13357629182870E-0001  2.42668979434114E-0001
 1.06393468181079E+0000  2.42369837201559E-0001
 1.01565370078021E+0000  2.86972300725636E-0001
 1.07650214159076E+0000  3.02731382995647E-0001
 1.13589439004938E+0000  3.12946270074915E-0001
 1.11530256846163E+0000  2.64680484195081E-0001
 1.04651314077544E+0000  7.54218106995885E-0001
 1.45348685922456E+0000  7.54218106995885E-0001
 1.45348685922456E+0000  6.45781893004115E-0001
 1.04651314077544E+0000  6.45781893004115E-0001
 1.44808743169399E+0000  7.00000000000000E-0001
 1.05191256830601E+0000  7.00000000000000E-0001
 1.10922456414260E+0000  7.37757201646090E-0001
 1.10922456414260E+0000  6.62242798353909E-0001
 1.39077543585740E+0000  7.37757201646090E-0001
 1.39077543585740E+0000  6.62242798353909E-0001
 1.31759042414780E+0000  7.47839506172839E-0001
 1.33977361436378E+0000  7.00000000000000E-0001
 1.31759042414780E+0000  6.52160493827160E-0001
 1.18240957585220E+0000  7.47839506172839E-0001
 1.16022638563622E+0000  7.00000000000000E-0001
 1.18240957585220E+0000  6.52160493827160E-0001
 1.25000000000000E+0000  7.49279835390946E-0001
 1.28213635180848E+0000  7.00000000000000E-0001
 1.25000000000000E+0000  6.50720164609053E-0001
 1.21786364819152E+0000  7.00000000000000E-0001
 5.00114831344165E-0002  9.54245482824285E-0001
 1.45347393498043E+0000  9.54100177104797E-0001
 1.45348521623460E+0000  8.45660826554968E-0001
 5.00114831343724E-0002  8.45754501717474E-0001
 5.57864554708225E-0002  8.99999988406320E-0001
 1.44807650626841E+0000  8.99820752744824E-0001
 1.39072174006230E+0000  9.37346799445828E-0001
 1.39077814633316E+0000  8.61816713363349E-0001
 1.17347883277962E-0001  8.62105853514385E-0001
 1.17347883278183E-0001  9.37894092381772E-0001
 1.31732572623097E+0000  9.46796664545916E-0001
 1.33968358090882E+0000  8.98893288361910E-0001
 1.31776569514372E+0000  8.50995326435915E-0001
 1.24886529678367E+0000  9.47028961449215E-0001
 1.28182659677393E+0000  8.97510938018543E-0001
 1.25144870398927E+0000  8.47751018871687E-0001
 1.17816888010998E+0000  9.44265797684216E-0001
 1.21587057758712E+0000  8.93600368446613E-0001
 1.19322935443085E+0000  8.44399480329053E-0001
 1.10544991571122E+0000  9.44319441882505E-0001
 1.03273302815124E+0000  9.47398379485213E-0001
 9.59134955441472E-0001  9.48920290893776E-0001
 1.14168463343501E+0000  8.80646014326965E-0001
 1.09038932506338E+0000  8.44330552147730E-0001
 1.06582723828540E+0000  8.93606459798637E-0001
 1.03014903931077E+0000  8.47400286613047E-0001
 9.94557488040762E-0001  8.97544084336362E-0001
 9.58691613046488E-0001  8.48920623395553E-0001
 9.20809054009213E-0001  8.99018465831944E-0001
 8.83557173841264E-0001  8.49560903591965E-0001
 8.83633239370693E-0001  9.49560815709137E-0001
 8.45279854314600E-0001  8.99604077064872E-0001
 8.07331752446514E-0001  8.49822255259423E-0001
 8.07344803228106E-0001  9.49822060464233E-0001
 7.69003102991811E-0001  8.99839961532528E-0001
 7.30765768146794E-0001  8.49928589367175E-0001
 7.30768007306915E-0001  9.49927508478862E-0001
 6.92528432507936E-0001  8.99935278560602E-0001
 6.54192859396040E-0001  8.49974040850498E-0001
 6.54193243575179E-0001  9.49967750315808E-0001
 6.16247613630879E-0001  8.99973820818739E-0001
 5.77923034398323E-0001  8.50006556356475E-0001
 5.77923100313036E-0001  9.49969894036645E-0001
 5.40725011594762E-0001  8.99989404792409E-0001
 5.02526567922103E-0001  8.50102071677201E-0001
 5.02526579231239E-0001  9.49888388292913E-0001
 4.67203174072993E-0001  8.99995697572483E-0001
 4.29308187466540E-0001  8.50620771341838E-0001
 4.29308189406643E-0001  9.49375333355941E-0001
 3.98824508816672E-0001  8.99998215974596E-0001
 3.61141027833624E-0001  8.53628642826748E-0001
 3.61141028165107E-0001  9.46369698295651E-0001
 3.44845445955126E-0001  8.99999152454916E-0001
 3.01560332455713E-0001  8.71153717189135E-0001
 2.54824274776117E-0001  8.44449200591691E-0001
 3.01560332504511E-0001  9.28845487988453E-0001
 2.54824274786221E-0001  9.55550540718011E-0001
 1.94800896992462E-0001  9.48907396328600E-0001
 1.72719233302388E-0001  8.99999925598815E-0001
 1.94800896990741E-0001  8.51092466496316E-0001
 2.39298605972593E-0001  8.99999819273003E-0001
 5.79450326180840E-0002  2.55686065646405E+0000
 5.90143486331872E-0002  2.94315984770480E+0000
 1.44087081679701E+0000  2.93720218698146E+0000
 1.44427144233808E+0000  1.06259756541976E+0000
 1.05771902482326E+0000  1.05966763572760E+0000
 1.38258268815270E+0000  1.05602439022386E+0000
 1.11826845783143E+0000  1.05388422171623E+0000
 5.34088959811960E-0002  2.88265748527758E+0000
 5.27377015590070E-0002  2.61772881670601E+0000
 1.20379855039867E-0001  2.55377281461951E+0000
 9.76295846342363E-0002  2.59823372868908E+0000
 1.37502216218533E+0000  2.93934154646690E+0000
 1.44813095290203E+0000  2.87218270535293E+0000
 1.40101926059440E+0000  2.89168885955558E+0000
 1.22997553342878E-0001  2.94569966866404E+0000
 9.87322964988455E-0002  2.90203049639728E+0000
 1.05628972640977E+0000  1.12487739774711E+0000
 1.10032742843363E+0000  1.10029684330114E+0000
 1.31901109930189E+0000  1.05427883125724E+0000
 5.52833383097399E-0002  2.81619032081124E+0000
 1.07423422933192E-0001  2.84884995113301E+0000
 1.18359593970701E+0000  1.05516862492188E+0000
 1.15368268620889E+0000  1.10817224855105E+0000
 5.19031730859440E-0002  2.68191835335245E+0000
 1.08948449656082E-0001  2.65507443746932E+0000
 1.45462513470782E+0000  1.12222324079160E+0000
 1.39984943581581E+0000  1.11733777738821E+0000
 1.34664991094433E+0000  1.10193218887439E+0000
 1.25213319908666E+0000  1.05576489673348E+0000
 1.22034849355564E+0000  1.11319040902070E+0000
 1.28984370764892E+0000  1.11195153692570E+0000
 5.34733940831414E-0002  2.74780625182565E+0000
 1.17394354721589E-0001  2.77497108156430E+0000
 9.62595286020674E-0002  2.71375774551515E+0000
 1.87798404097022E-0001  2.55981058243872E+0000
 1.48136912126947E-0001  2.60773190924544E+0000
 2.65987128666705E-0001  2.57499076533356E+0000
 2.07671196190974E-0001  2.62236798931550E+0000
 3.48879231765514E-0001  2.56677325020992E+0000
 4.25168933884548E-0001  2.56434335767526E+0000
 5.00855433796394E-0001  2.56385194451644E+0000
 5.76590593299310E-0001  2.56411785430950E+0000
 6.52877220920720E-0001  2.56562991896444E+0000
 7.29940524618510E-0001  2.56601007116844E+0000
 8.06700548376925E-0001  2.56509109509043E+0000
 8.82906482414420E-0001  2.56526382520317E+0000
 9.58752239803314E-0001  2.56668716849680E+0000
 1.30257636609565E+0000  2.93516251738591E+0000
 1.34250879841607E+0000  2.87199569845656E+0000
 1.92579314919154E-0001  2.93922213653735E+0000
 1.50817289160162E-0001  2.88978552037649E+0000
 1.06401466991909E+0000  1.19757509486410E+0000
 1.11567728931402E+0000  1.15488273289541E+0000
 1.22070371301256E+0000  2.92608376662715E+0000
 1.27196059025624E+0000  2.87355406942018E+0000
 1.14072184187649E+0000  2.93722688527068E+0000
 1.06794835782432E+0000  2.93839093780280E+0000
 9.89177707711908E-0001  2.92482409758226E+0000
 9.04034469542343E-0001  2.93320062915905E+0000
 8.25932501634388E-0001  2.93619437872278E+0000
 7.49127149041990E-0001  2.93770798114963E+0000
 6.73702689366097E-0001  2.93862272270385E+0000
 5.99285229421731E-0001  2.93587769901122E+0000
 5.18595968841089E-0001  2.92291214333991E+0000
 4.34313860135135E-0001  2.93139599178276E+0000
 3.56325293378131E-0001  2.93180691221589E+0000
 2.72657483187956E-0001  2.92440154340881E+0000
 2.14266774746191E-0001  2.87544607044061E+0000
 1.07625038207958E+0000  1.28418948751772E+0000
 1.06124323587530E+0000  1.36423032582299E+0000
 1.05911600360039E+0000  1.43811005846212E+0000
 1.05982134336481E+0000  1.51292511785357E+0000
 1.06208369353060E+0000  1.58838450505068E+0000
 1.06714325708727E+0000  1.66490349374949E+0000
 1.08089982200650E+0000  1.74870210379769E+0000
 1.07189622944150E+0000  1.83424536935279E+0000
 1.06914633222059E+0000  1.91344452987596E+0000
 1.06706167072758E+0000  1.99156597070839E+0000
 1.06596623760469E+0000  2.06876729520077E+0000
 1.06771504554935E+0000  2.14655837282175E+0000
 1.06777456977027E+0000  2.22528392488342E+0000
 1.06626090159051E+0000  2.30254298975456E+0000
 1.06879703953760E+0000  2.37940646829253E+0000
 1.06964585604192E+0000  2.45615218122650E+0000
 1.13587070478966E+0000  1.22676414762222E+0000
 1.68904414691335E-0001  2.82746478596004E+0000
 3.19024143649132E-0001  2.63290724992426E+0000
 2.60075489230271E-0001  2.64307625504978E+0000
 3.90787588796421E-0001  2.62839810144285E+0000
 4.64337616378246E-0001  2.62703682021735E+0000
 5.39035592081369E-0001  2.62761360253963E+0000
 6.12929313173342E-0001  2.62761162512982E+0000
 6.90110764823149E-0001  2.63603992650042E+0000
 7.68416350913313E-0001  2.62929944960880E+0000
 8.43555536336939E-0001  2.62997318870271E+0000
 9.19200051960191E-0001  2.62983146336689E+0000
 1.44833207600411E+0000  2.80648302448145E+0000
 1.39856370451429E+0000  2.83772214765614E+0000
 1.44034319864441E+0000  2.74337931394154E+0000
 1.43795871159996E+0000  2.62398316984448E+0000
 1.45133651693124E+0000  2.56903728300035E+0000
 1.43848691578606E+0000  2.46799042581244E+0000
 1.44050566574325E+0000  2.40470378294123E+0000
 1.43207003221214E+0000  2.35238530669982E+0000
 1.44514153491678E+0000  2.30265445667128E+0000
 1.45207814010104E+0000  2.24608988633382E+0000
 1.45802259966836E+0000  2.14440639647378E+0000
 1.45935775159015E+0000  2.09541760602793E+0000
 1.43927472942258E+0000  1.99044292452084E+0000
 1.44635837668602E+0000  1.92962231738844E+0000
 1.44867697571266E+0000  1.82065366396127E+0000
 1.45029258973940E+0000  1.76679990329117E+0000
 1.45444475425620E+0000  1.66147640570565E+0000
 1.45628689528280E+0000  1.61068889925468E+0000
 1.44384112192169E+0000  1.50338138427612E+0000
 1.44499252906542E+0000  1.43789103508836E+0000
 1.43128392419916E+0000  1.36097539197368E+0000
 1.43613531792963E+0000  1.27888024628193E+0000
 1.42900482791248E+0000  1.19118087657168E+0000
 2.67955697199044E-0001  2.85777623030880E+0000
 3.24843806439322E-0001  2.86655942962643E+0000
 3.95610385126579E-0001  2.86848448292041E+0000
 4.66930571504932E-0001  2.86517238262878E+0000
 2.32686528419043E-0001  2.81402618194228E+0000
 5.25442910883241E-0001  2.85500501389954E+0000
 5.77883619410601E-0001  2.87293386694516E+0000
 6.41318734980065E-0001  2.88079742376459E+0000
 7.10379930637050E-0001  2.87735319593169E+0000
 7.84747958127490E-0001  2.87407755354733E+0000
 8.59790900037822E-0001  2.87218007285603E+0000
 9.33516463110270E-0001  2.86600518987574E+0000
 1.00032178801731E+0000  2.85112291010435E+0000
 1.04473902647320E+0000  2.88504896633394E+0000
 1.10147288386161E+0000  2.88324564464172E+0000
 1.16473267120700E+0000  2.87564093199003E+0000
 1.21756645763891E+0000  2.86100192338976E+0000
 1.34196267477422E+0000  1.17006843270610E+0000
 1.37046129767556E+0000  1.24975646953559E+0000
 1.18387858541855E+0000  1.17161069584239E+0000
 1.25895693109857E+0000  1.17647449255757E+0000
 1.29897272848095E+0000  1.24184574132092E+0000
 1.38606195320517E+0000  1.31136878395545E+0000
 1.33063042345188E+0000  1.30519480088822E+0000
 1.15666794025714E+0000  1.30214675113367E+0000
 1.11595627877981E+0000  1.34597858497676E+0000
 1.11613687665884E+0000  1.40657756413613E+0000
 1.11749470574104E+0000  1.47650635084573E+0000
 1.12023380987883E+0000  1.54823406673646E+0000
 1.12530391508220E+0000  1.62003389053389E+0000
 1.13457229148643E+0000  1.69019526604601E+0000
 1.15097478051322E+0000  1.74651391865558E+0000
 1.14171245150469E+0000  1.80505676362720E+0000
 1.13961895104520E+0000  1.88037413232175E+0000
 1.13630132296434E+0000  1.95869227561154E+0000
 1.13095631628947E+0000  2.03480754805481E+0000
 1.13006458457392E+0000  2.10809296025064E+0000
 1.14248508606090E+0000  2.18773239355527E+0000
 1.13018660055556E+0000  2.26750138555523E+0000
 1.13080742490415E+0000  2.33780300727292E+0000
 1.14606830666017E+0000  2.41678273366962E+0000
 1.21873548775553E+0000  1.25018018175464E+0000
 1.27308971184878E+0000  1.29940014211876E+0000
 1.49578291949137E-0001  2.70901859688121E+0000
 1.90838173076443E-0001  2.76170989347636E+0000
 1.66394023496006E-0001  2.65713189033758E+0000
 2.17635295021592E-0001  2.69146651038478E+0000
 2.90059747261661E-0001  2.69364874097840E+0000
 2.58830215449894E-0001  2.75331218550573E+0000
 3.58355826588184E-0001  2.69055634353781E+0000
 4.28959926617283E-0001  2.68877154806783E+0000
 3.26437637177466E-0001  2.75057386600076E+0000
 3.94866067025139E-0001  2.74903851358038E+0000
 2.95323991529543E-0001  2.80844789726314E+0000
 3.61190108669333E-0001  2.80843947793592E+0000
 4.30058819264920E-0001  2.80753266385053E+0000
 4.97561666897845E-0001  2.80570395406405E+0000
 4.64194245470499E-0001  2.74835713936837E+0000
 5.01218394789659E-0001  2.68924232410051E+0000
 5.32500735958356E-0001  2.74985379897308E+0000
 5.78282401938053E-0001  2.69382100024292E+0000
 5.66242931604637E-0001  2.80830267388848E+0000
 6.16416159277574E-0001  2.83470819857885E+0000
 6.70245015459243E-0001  2.82528881014153E+0000
 7.43138294495552E-0001  2.80762463449175E+0000
 5.87505009239695E-0001  2.75369564822216E+0000
 6.26390666718909E-0001  2.78621818137807E+0000
 6.40679535777985E-0001  2.67844739877014E+0000
 6.34108484081984E-0001  2.73028254877204E+0000
 6.83826581915472E-0001  2.76503117066044E+0000
 6.87966893360319E-0001  2.70448185595029E+0000
 7.37965858167245E-0001  2.68079909862722E+0000
 7.41110328098378E-0001  2.73629095613460E+0000
 8.02225157269216E-0001  2.69788326843328E+0000
 8.81884945986245E-0001  2.69246998164728E+0000
 1.29998332870178E+0000  2.82813209526614E+0000
 1.34843652760839E+0000  2.79836861899812E+0000
 1.24842521189443E+0000  2.81894838120403E+0000
 1.40295477246993E+0000  2.78561396415110E+0000
 1.18201035598114E+0000  2.81078244123481E+0000
 1.12592113928938E+0000  2.83550489097599E+0000
 1.06477462183138E+0000  2.82766121416137E+0000
 1.37909844314734E+0000  2.74211670804128E+0000
 1.41167412374216E+0000  2.68606216783478E+0000
 1.28858585361789E+0000  2.77779367538173E+0000
 1.32736118132314E+0000  2.74520600859622E+0000
 1.34382114708432E+0000  2.69407015018567E+0000
 1.36882345171905E+0000  2.63282364903572E+0000
 1.39591847778242E+0000  2.57597589968319E+0000
 1.42280554988708E+0000  2.52522733795827E+0000
 1.38096738224512E+0000  2.48589548341034E+0000
 1.38664320898206E+0000  2.43211594408915E+0000
 1.38583407483649E+0000  2.37573102263987E+0000
 1.38886909911076E+0000  2.31883727753627E+0000
 1.39783212678831E+0000  2.25861427991528E+0000
 1.41741716493421E+0000  2.18918070549307E+0000
 1.41333822415377E+0000  2.11743368939754E+0000
 1.42542804041471E+0000  2.05524796112039E+0000
 1.37616412686697E+0000  2.01164378665744E+0000
 1.38769805061355E+0000  1.94614352868373E+0000
 1.40481921965685E+0000  1.87152516397160E+0000
 1.38827321375061E+0000  1.78494329854547E+0000
 1.41451287067348E+0000  1.70840259290789E+0000
 1.40142414183962E+0000  1.62829058959830E+0000
 1.42556568261412E+0000  1.56367754265445E+0000
 1.38765737594260E+0000  1.51238101150906E+0000
 1.40483133433550E+0000  1.46633879896358E+0000
 1.38999893119120E+0000  1.41665069670023E+0000
 1.36179890986430E+0000  1.36203705999385E+0000
 1.29339811717480E+0000  1.36676068899581E+0000
 1.35766683577357E+0000  1.46138992135008E+0000
 1.33942024233279E+0000  1.41127205673000E+0000
 1.22371192974964E+0000  1.33301935515575E+0000
 1.16948306990153E+0000  1.37274884560955E+0000
 1.23089738446256E+0000  1.40687958040266E+0000
 1.29423849535882E+0000  1.44952195053575E+0000
 1.17352815100387E+0000  1.44189129996361E+0000
 1.23102477164099E+0000  1.47733544103574E+0000
 1.17613225430502E+0000  1.51130008435792E+0000
 1.32985485785270E+0000  1.51217511047000E+0000
 1.27740750462570E+0000  1.51084095972995E+0000
 1.23394508758487E+0000  1.54357887495259E+0000
 1.18056716633669E+0000  1.58025454054479E+0000
 1.36418469386323E+0000  1.56732342745972E+0000
 1.29797448356740E+0000  1.57159349272086E+0000
 1.24056460010842E+0000  1.61014883376409E+0000
 1.18722350349113E+0000  1.64823155978297E+0000
 1.35234258154357E+0000  1.67064248368982E+0000
 1.34263178484704E+0000  1.61582288373283E+0000
 1.29723311100023E+0000  1.64126445902611E+0000
 1.24644450997254E+0000  1.67597017466613E+0000
 1.19588871397685E+0000  1.71278671715329E+0000
 1.35481302377897E+0000  1.72666554886380E+0000
 1.30344088356722E+0000  1.70340895084081E+0000
 1.25431650903691E+0000  1.73998062000691E+0000
 1.31549573792802E+0000  1.76593047725871E+0000
 1.32930236434393E+0000  1.83462583593110E+0000
 1.20180086386564E+0000  1.77582882231172E+0000
 1.20508430156516E+0000  1.84467630608641E+0000
 1.21357331297876E+0000  1.92612961100993E+0000
 1.19745160587786E+0000  2.00583191354065E+0000
 1.33342577580576E+0000  1.90468756778020E+0000
 1.26282859728869E+0000  1.80595865956164E+0000
 1.27097189293427E+0000  1.87470991920883E+0000
 1.28161709531623E+0000  1.93218155638171E+0000
 1.26396838166558E+0000  1.98644125607521E+0000
 1.32614629069607E+0000  1.96893946572943E+0000
 1.36443356166093E+0000  2.07654978734803E+0000
 1.31400440426737E+0000  2.03253911532093E+0000
 1.25101785293441E+0000  2.05302592590968E+0000
 1.18889273287448E+0000  2.07589491489134E+0000
 1.30229640694557E+0000  2.09863450081764E+0000
 1.35537043659353E+0000  2.14379971141786E+0000
 1.23949387543745E+0000  2.11881389618776E+0000
 1.18437235609803E+0000  2.13479726990373E+0000
 1.28945859565139E+0000  2.16707860286812E+0000
 1.22092560324379E+0000  2.18345219426844E+0000
 1.19635722390656E+0000  2.24844067851904E+0000
 1.27338669481981E+0000  2.24385033790406E+0000
 1.34527885475786E+0000  2.21392100058435E+0000
 1.33820820802432E+0000  2.28100237077760E+0000
 1.28975380080703E+0000  2.30815509468157E+0000
 1.23372499298075E+0000  2.30490244372752E+0000
 1.17743469115250E+0000  2.30320533048140E+0000
 1.33412889269131E+0000  2.34263624033884E+0000
 1.33278785003117E+0000  2.40370758913396E+0000
 1.34127768044287E+0000  2.45466735874694E+0000
 1.37012420957343E+0000  2.53246492823232E+0000
 1.32646716067506E+0000  2.50290689276042E+0000
 1.19609732394153E+0000  2.35737913835166E+0000
 1.26932055348605E+0000  2.36838408770508E+0000
 1.27952304672759E+0000  2.44871087658869E+0000
 1.21922821002852E+0000  2.41319722640892E+0000
 1.32446272014161E+0000  2.57231901545434E+0000
 8.51104027341130E-0001  2.75442447721304E+0000
 7.91539392161217E-0001  2.76192567251085E+0000
 8.20119254035950E-0001  2.81340500932128E+0000
 8.90395064795189E-0001  2.81019762815924E+0000
 9.57379202758046E-0001  2.80450575150077E+0000
 1.01234419124081E+0000  2.79869217873845E+0000
 9.20460794845761E-0001  2.75066523256538E+0000
 9.54764480379680E-0001  2.69204220573918E+0000
 9.87237313246550E-0001  2.75035131647886E+0000
 9.93336985845363E-0001  2.63255236248242E+0000
 1.02646718290803E+0000  2.69638283014545E+0000
 1.05200830999600E+0000  2.75981966688221E+0000
 1.11661543220753E+0000  2.78019419170863E+0000
 1.03399330168169E+0000  2.57247532361554E+0000
 1.07023927256413E+0000  2.52085942822635E+0000
 1.13277081214002E+0000  2.49881181166743E+0000
 1.20513194351198E+0000  2.47472929081436E+0000
 1.26244830300556E+0000  2.52338367724359E+0000
 1.06684502406137E+0000  2.63789514438359E+0000
 1.11478662958393E+0000  2.57685780826193E+0000
 1.10461140778775E+0000  2.70563623883229E+0000
 1.19075324876862E+0000  2.54748940390852E+0000
 1.24835197347154E+0000  2.59414656521520E+0000
 1.29910586611542E+0000  2.64453146940829E+0000
 1.18103011837152E+0000  2.61700724811178E+0000
 1.12787505370276E+0000  2.64346626371403E+0000
 1.23231200524349E+0000  2.66014854276058E+0000
 1.17210223855246E+0000  2.67993486491705E+0000
 1.17036705240525E+0000  2.74176066782123E+0000
 1.23044507644866E+0000  2.76242604341490E+0000
 1.21641808350960E+0000  2.71159020005714E+0000
 1.27686417333465E+0000  2.71368086997208E+0000
