0.00549079
0.00539911
0.00531126
0.00522704
0.00514624
0.00506868
0.00499418
0.00492257
0.00485371
0.00478747
0.00472371
0.00466231
0.00460314
0.00454612
0.00449114
0.0044381
0.00438691
0.0043375
0.00428977
0.00424368
0.00419913
0.00415607
0.00411443
0.00407415
0.00403519
0.00399749
0.00396099
0.00392565
0.00389143
0.00385829
0.00382618
0.00379506
0.0037649
0.00373567
0.00370733
0.00367986
0.00365321
0.00362736
0.00360228
0.00357796
0.00355436
0.00353146
0.00350924
0.00348766
0.00346673
0.00344642
0.00342669
0.00340754
0.00338895
0.00337089
0.00335336
