0.0055072
0.00541535
0.00532735
0.00524297
0.00516203
0.00508432
0.00500968
0.00493794
0.00486895
0.00480259
0.00473871
0.0046772
0.00461793
0.0045608
0.00450571
0.00445257
0.00440129
0.00435177
0.00430396
0.00425777
0.00421313
0.00416997
0.00412824
0.00408789
0.00404885
0.00401106
0.00397449
0.00393908
0.00390478
0.00387156
0.00383937
0.00380818
0.00377795
0.00374864
0.00372023
0.00369268
0.00366596
0.00364005
0.00361491
0.00359052
0.00356685
0.00354388
0.00352159
0.00349995
0.00347895
0.00345856
0.00343877
0.00341955
0.00340089
0.00338277
0.00336518
