0.00551141
0.00541952
0.00533148
0.00524706
0.00516608
0.00508834
0.00501367
0.0049419
0.00487289
0.00480649
0.00474258
0.00468103
0.00462173
0.00456458
0.00450946
0.00445629
0.00440498
0.00435545
0.00430761
0.0042614
0.00421674
0.00417357
0.00413182
0.00409144
0.00405238
0.00401457
0.00397797
0.00394254
0.00390822
0.00387498
0.00384277
0.00381156
0.00378131
0.00375199
0.00372356
0.00369599
0.00366925
0.00364331
0.00361815
0.00359374
0.00357005
0.00354706
0.00352475
0.00350309
0.00348207
0.00346166
0.00344185
0.00342262
0.00340394
0.00338581
0.0033682
