0.00551272
0.00546626
0.0054208
0.0053763
0.00533273
0.00529007
0.00524829
0.00520736
0.00516728
0.005128
0.00508951
0.00505179
0.00501481
0.00497856
0.00494302
0.00490817
0.00487398
0.00484046
0.00480757
0.0047753
0.00474364
0.00471256
0.00468207
0.00465214
0.00462275
0.0045939
0.00456558
0.00453776
0.00451044
0.00448361
0.00445726
0.00443137
0.00440593
0.00438094
0.00435638
0.00433225
0.00430853
0.00428522
0.00426231
0.00423978
0.00421763
0.00419586
0.00417445
0.00415339
0.00413269
0.00411233
0.0040923
0.0040726
0.00405322
0.00403416
0.0040154
0.00399695
0.0039788
0.00396093
0.00394335
0.00392605
0.00390902
0.00389227
0.00387577
0.00385954
0.00384356
0.00382783
0.00381234
0.00379709
0.00378208
0.0037673
0.00375275
0.00373842
0.00372431
0.00371042
0.00369673
0.00368326
0.00366999
0.00365692
0.00364404
0.00363136
0.00361888
0.00360657
0.00359446
0.00358252
0.00357076
0.00355918
0.00354777
0.00353652
0.00352545
0.00351454
0.00350379
0.00349319
0.00348276
0.00347248
0.00346235
0.00345236
0.00344253
0.00343284
0.00342329
0.00341388
0.00340461
0.00339547
0.00338647
0.0033776
0.00336886
