0.00551
0.00546356
0.00541811
0.00537362
0.00533007
0.00528742
0.00524566
0.00520475
0.00516467
0.00512541
0.00508693
0.00504922
0.00501225
0.00497602
0.00494049
0.00490564
0.00487148
0.00483796
0.00480509
0.00477283
0.00474118
0.00471012
0.00467964
0.00464972
0.00462034
0.0045915
0.00456319
0.00453538
0.00450808
0.00448126
0.00445491
0.00442903
0.0044036
0.00437862
0.00435407
0.00432995
0.00430623
0.00428293
0.00426002
0.0042375
0.00421536
0.0041936
0.0041722
0.00415115
0.00413046
0.0041101
0.00409008
0.00407039
0.00405102
0.00403197
0.00401322
0.00399477
0.00397663
0.00395877
0.0039412
0.0039239
0.00390688
0.00389013
0.00387365
0.00385742
0.00384144
0.00382572
0.00381024
0.003795
0.00377999
0.00376522
0.00375067
0.00373635
0.00372225
0.00370836
0.00369469
0.00368122
0.00366796
0.0036549
0.00364203
0.00362936
0.00361687
0.00360458
0.00359247
0.00358054
0.00356879
0.00355721
0.00354581
0.00353457
0.0035235
0.0035126
0.00350185
0.00349127
0.00348084
0.00347056
0.00346043
0.00345046
0.00344063
0.00343094
0.0034214
0.003412
0.00340273
0.0033936
0.0033846
0.00337573
0.003367
