0.00549187
0.00546857
0.00544552
0.00542272
0.00540016
0.00537784
0.00535576
0.00533391
0.00531229
0.00529089
0.00526972
0.00524877
0.00522803
0.00520751
0.00518721
0.00516711
0.00514721
0.00512752
0.00510803
0.00508873
0.00506963
0.00505072
0.00503199
0.00501345
0.0049951
0.00497693
0.00495893
0.00494112
0.00492347
0.004906
0.0048887
0.00487156
0.00485459
0.00483779
0.00482115
0.00480466
0.00478834
0.00477217
0.00475615
0.00474028
0.00472456
0.00470899
0.00469356
0.00467828
0.00466314
0.00464814
0.00463328
0.00461855
0.00460396
0.0045895
0.00457518
0.00456098
0.00454691
0.00453298
0.00451917
0.00450548
0.00449192
0.00447848
0.00446516
0.00445195
0.00443887
0.0044259
0.00441304
0.0044003
0.00438767
0.00437515
0.00436274
0.00435043
0.00433824
0.00432615
0.00431416
0.00430228
0.0042905
0.00427882
0.00426725
0.00425577
0.00424439
0.00423311
0.00422193
0.00421083
0.00419984
0.00418893
0.00417812
0.0041674
0.00415676
0.00414622
0.00413576
0.00412539
0.00411511
0.00410491
0.0040948
0.00408477
0.00407482
0.00406496
0.00405518
0.00404548
0.00403586
0.00402631
0.00401685
0.00400746
0.00399814
0.00398891
0.00397974
0.00397065
0.00396164
0.00395269
0.00394382
0.00393502
0.00392629
0.00391763
0.00390904
0.00390051
0.00389206
0.00388367
0.00387535
0.0038671
0.00385891
0.00385078
0.00384272
0.00383473
0.00382679
0.00381892
0.00381111
0.00380336
0.00379567
0.00378804
0.00378047
0.00377296
0.0037655
0.00375811
0.00375077
0.00374349
0.00373626
0.00372909
0.00372198
0.00371492
0.00370792
0.00370097
0.00369407
0.00368723
0.00368044
0.0036737
0.00366701
0.00366037
0.00365378
0.00364724
0.00364075
0.00363432
0.00362793
0.00362158
0.00361529
0.00360904
0.00360284
0.00359669
0.00359059
0.00358453
0.00357852
0.00357255
0.00356663
0.00356075
0.00355491
0.00354912
0.00354338
0.00353767
0.00353201
0.00352639
0.00352081
0.00351527
0.00350978
0.00350432
0.00349891
0.00349353
0.0034882
0.00348291
0.00347765
0.00347244
0.00346727
0.00346213
0.00345703
0.00345197
0.00344694
0.00344196
0.00343701
0.00343209
0.00342721
0.00342237
0.00341757
0.0034128
0.00340806
0.00340336
0.00339869
0.00339406
0.00338946
0.0033849
0.00338037
0.00337587
0.0033714
0.00336697
0.00336257
0.0033582
0.00335387
