0.00551178
0.00541989
0.00533184
0.00524743
0.00516644
0.0050887
0.00501402
0.00494225
0.00487324
0.00480684
0.00474293
0.00468138
0.00462208
0.00456492
0.0045098
0.00445663
0.00440532
0.00435578
0.00430794
0.00426172
0.00421706
0.00417388
0.00413213
0.00409175
0.00405268
0.00401487
0.00397827
0.00394283
0.00390851
0.00387527
0.00384306
0.00381185
0.0037816
0.00375227
0.00372384
0.00369627
0.00366952
0.00364359
0.00361842
0.00359401
0.00357032
0.00354733
0.00352501
0.00350336
0.00348233
0.00346192
0.00344211
0.00342287
0.0034042
0.00338606
0.00336845
