0.00551182
0.00541993
0.00533189
0.00524747
0.00516648
0.00508874
0.00501406
0.00494229
0.00487328
0.00480688
0.00474297
0.00468142
0.00462212
0.00456496
0.00450984
0.00445667
0.00440535
0.00435582
0.00430797
0.00426176
0.00421709
0.00417392
0.00413217
0.00409179
0.00405272
0.00401491
0.00397831
0.00394287
0.00390855
0.0038753
0.00384309
0.00381188
0.00378163
0.0037523
0.00372387
0.0036963
0.00366956
0.00364362
0.00361845
0.00359404
0.00357035
0.00354736
0.00352504
0.00350339
0.00348236
0.00346195
0.00344214
0.0034229
0.00340423
0.00338609
0.00336848
