0.00550972
0.00541784
0.00532982
0.00524542
0.00516446
0.00508673
0.00501207
0.00494032
0.00487132
0.00480493
0.00474104
0.0046795
0.00462021
0.00456307
0.00450796
0.0044548
0.0044035
0.00435398
0.00430615
0.00425995
0.00421529
0.00417213
0.00413039
0.00409002
0.00405096
0.00401316
0.00397657
0.00394114
0.00390683
0.0038736
0.0038414
0.0038102
0.00377995
0.00375064
0.00372221
0.00369465
0.00366792
0.00364199
0.00361683
0.00359243
0.00356875
0.00354577
0.00352346
0.00350181
0.0034808
0.0034604
0.00344059
0.00342136
0.0034027
0.00338457
0.00336697
