0.00551136
0.00541948
0.00533143
0.00524702
0.00516604
0.0050883
0.00501363
0.00494186
0.00487285
0.00480645
0.00474254
0.004681
0.0046217
0.00456454
0.00450943
0.00445626
0.00440495
0.00435541
0.00430758
0.00426136
0.0042167
0.00417353
0.00413178
0.0040914
0.00405233
0.00401453
0.00397793
0.00394249
0.00390817
0.00387493
0.00384273
0.00381152
0.00378127
0.00375194
0.00372351
0.00369594
0.0036692
0.00364326
0.0036181
0.00359369
0.00357
0.00354701
0.0035247
0.00350305
0.00348202
0.00346162
0.00344181
0.00342257
0.0034039
0.00338576
0.00336815
