0.00551277
0.00546632
0.00542085
0.00537635
0.00533278
0.00529013
0.00524835
0.00520743
0.00516734
0.00512807
0.00508958
0.00505186
0.00501488
0.00497863
0.00494309
0.00490824
0.00487406
0.00484054
0.00480765
0.00477538
0.00474372
0.00471265
0.00468216
0.00465222
0.00462284
0.00459399
0.00456567
0.00453785
0.00451054
0.00448371
0.00445735
0.00443147
0.00440603
0.00438104
0.00435648
0.00433235
0.00430863
0.00428532
0.0042624
0.00423988
0.00421773
0.00419596
0.00417455
0.00415349
0.00413279
0.00411243
0.0040924
0.0040727
0.00405332
0.00403426
0.0040155
0.00399705
0.00397889
0.00396103
0.00394345
0.00392615
0.00390912
0.00389236
0.00387587
0.00385964
0.00384365
0.00382792
0.00381244
0.00379719
0.00378218
0.0037674
0.00375285
0.00373852
0.00372441
0.00371051
0.00369683
0.00368335
0.00367008
0.00365701
0.00364414
0.00363146
0.00361897
0.00360667
0.00359455
0.00358261
0.00357085
0.00355927
0.00354786
0.00353662
0.00352554
0.00351463
0.00350388
0.00349329
0.00348285
0.00347257
0.00346244
0.00345246
0.00344262
0.00343293
0.00342338
0.00341397
0.0034047
0.00339556
0.00338656
0.00337769
0.00336895
