0.00551069
0.00546425
0.0054188
0.00537431
0.00533075
0.0052881
0.00524633
0.00520542
0.00516534
0.00512608
0.0050876
0.00504988
0.00501292
0.00497668
0.00494115
0.0049063
0.00487213
0.00483861
0.00480573
0.00477347
0.00474182
0.00471076
0.00468027
0.00465035
0.00462097
0.00459213
0.00456381
0.004536
0.00450869
0.00448187
0.00445552
0.00442964
0.00440421
0.00437922
0.00435467
0.00433055
0.00430683
0.00428353
0.00426062
0.0042381
0.00421596
0.00419419
0.00417278
0.00415173
0.00413104
0.00411068
0.00409066
0.00407096
0.00405159
0.00403253
0.00401378
0.00399533
0.00397718
0.00395932
0.00394175
0.00392445
0.00390743
0.00389068
0.00387419
0.00385796
0.00384198
0.00382626
0.00381077
0.00379553
0.00378053
0.00376575
0.0037512
0.00373688
0.00372277
0.00370888
0.0036952
0.00368173
0.00366847
0.0036554
0.00364253
0.00362986
0.00361737
0.00360507
0.00359296
0.00358103
0.00356927
0.0035577
0.00354629
0.00353505
0.00352398
0.00351307
0.00350233
0.00349174
0.00348131
0.00347103
0.0034609
0.00345093
0.00344109
0.00343141
0.00342186
0.00341246
0.00340319
0.00339406
0.00338506
0.00337619
0.00336745
