0.00551278
0.00548943
0.00546632
0.00544347
0.00542086
0.00539849
0.00537636
0.00535446
0.00533279
0.00531134
0.00529013
0.00526913
0.00524835
0.00522778
0.00520743
0.00518728
0.00516734
0.0051476
0.00512806
0.00510872
0.00508957
0.00507061
0.00505185
0.00503327
0.00501487
0.00499666
0.00497862
0.00496076
0.00494308
0.00492557
0.00490823
0.00489106
0.00487405
0.0048572
0.00484052
0.004824
0.00480763
0.00479142
0.00477536
0.00475946
0.0047437
0.00472809
0.00471263
0.00469731
0.00468214
0.0046671
0.0046522
0.00463744
0.00462282
0.00460833
0.00459397
0.00457974
0.00456564
0.00455167
0.00453783
0.00452411
0.00451051
0.00449704
0.00448368
0.00447045
0.00445733
0.00444432
0.00443144
0.00441866
0.004406
0.00439345
0.00438101
0.00436868
0.00435645
0.00434433
0.00433232
0.00432041
0.0043086
0.00429689
0.00428529
0.00427378
0.00426237
0.00425106
0.00423984
0.00422872
0.0042177
0.00420676
0.00419592
0.00418517
0.00417451
0.00416394
0.00415346
0.00414306
0.00413275
0.00412253
0.00411239
0.00410233
0.00409236
0.00408247
0.00407266
0.00406293
0.00405328
0.00404371
0.00403422
0.0040248
0.00401546
0.0040062
0.00399701
0.00398789
0.00397885
0.00396988
0.00396099
0.00395216
0.00394341
0.00393472
0.00392611
0.00391756
0.00390908
0.00390067
0.00389232
0.00388404
0.00387583
0.00386768
0.00385959
0.00385157
0.00384361
0.00383572
0.00382788
0.00382011
0.00381239
0.00380474
0.00379715
0.00378961
0.00378213
0.00377472
0.00376735
0.00376005
0.0037528
0.00374561
0.00373847
0.00373139
0.00372436
0.00371739
0.00371047
0.0037036
0.00369678
0.00369002
0.00368331
0.00367665
0.00367004
0.00366348
0.00365697
0.00365051
0.00364409
0.00363773
0.00363141
0.00362515
0.00361893
0.00361275
0.00360662
0.00360054
0.00359451
0.00358851
0.00358257
0.00357667
0.00357081
0.003565
0.00355923
0.0035535
0.00354781
0.00354217
0.00353657
0.00353101
0.0035255
0.00352002
0.00351459
0.00350919
0.00350383
0.00349852
0.00349324
0.00348801
0.00348281
0.00347765
0.00347253
0.00346744
0.00346239
0.00345738
0.00345241
0.00344748
0.00344258
0.00343771
0.00343289
0.00342809
0.00342334
0.00341861
0.00341393
0.00340927
0.00340466
0.00340007
0.00339552
0.003391
0.00338652
0.00338206
0.00337765
0.00337326
0.0033689
