TITLE = "Written by meshio v4.3.11"
VARIABLES = "X", "Y"
ZONE NODES = 1109, ELEMENTS = 2083,
DATAPACKING = BLOCK, ZONETYPE = FETRIANGLE
0.0 2.0 6.123233995736766e-17 1.0 1.0431949467976935 1.090787971065538 1.1394702117410709 1.1900113864863902 1.2416323027185532 1.2938574487205614 1.346389098229119 1.3990361664448758 1.4516659387955573 1.5041744178603107 1.5564684939243134 1.6084555200546504 1.6600387148506492 1.7111199221630133 1.7616017390312624 1.8113872723923259
1.8603646891939642 1.9086432311785602 1.957251612030698 0.9987942557974844 1.0560535012728214 1.109012977351118 1.1615297167846026 1.2141895982740343 1.2669806553435101 1.3198411924967492 1.3727125513609875 1.425538303795729 1.4782619908471981 1.5308244844752958 1.5831618305039925 1.635202852165842 1.6868697747258365 1.7380848567429792 1.7887928903880954 1.8390299524442988
1.8891851172503373 1.9410158640563606 1.9994060614054534 0.9945295916746522 1.034732505399514 1.0815474100678037 1.1336319032931577 1.186753663632827 1.240003493560216 1.2931874962732162 1.346285563939774 1.3992971061555577 1.45221067747491 1.5050043835228328 1.5576477255628651 1.610103286276999 1.6623242031784482 1.7142478021100656 1.7657801717404704 1.8167577798077086
1.8668719567170138 1.9154618940776178 1.96152892803368 0.9883435915057457 1.0442009296040322 1.1028447238689403 1.1586690275092586 1.2129242021833322 1.266529550300892 1.3198402496737072 1.372992218983633 1.4260350250347673 1.4789818566600628 1.5318317875838954 1.5845790385693155 1.6372196323203194 1.6897567771839868 1.7422121097004597 1.7946474079666674 1.8471652719754748
1.899626987079901 1.950363687293582 1.9972601141934625 0.9789246772530038 1.0266976395436191 1.078410995231109 1.1328090285730472 1.1867788549990888 1.2403068877215917 1.2935961480926035 1.3467523716020913 1.399820420549205 1.4528190402655554 1.5057557607904588 1.55863736888987 1.6114751424839826 1.664292910422941 1.7171419249356676 1.7701477088998072 1.8236596807714596
1.878583044848068 1.9363058382581513 1.9939595514704471 1.0097583729295723 1.0591451644091516 1.1099297399518442 1.1621246948507642 1.2148558336895305 1.2677643062005242 1.3207230791951243 1.373682627562665 1.426622321069395 1.479535245744266 1.5324216043488479 1.5852890604546455 1.6381514493068254 1.6910251310762388 1.7439120729898883 1.796757133911702 1.8493420465615347
1.9007243188304592 1.9471310015795615 1.9898232343254156 0.9658455215731377 1.040441492559631 1.08879966457489 1.1387484094137983 1.1902013227189314 1.2424257966276628 1.2949994367937983 1.3477197160218244 1.4004962775374616 1.4532891694493577 1.5060826997932242 1.5588731155250612 1.6116671007486538 1.6644776278915348 1.7173140953757986 1.7701531180914805 1.8229047492607802
1.8756013868106323 1.9288885201824362 1.9838538522679645 0.9512140371005805 1.0029965872995619 1.0606804123702902 1.1131310455249197 1.1650078885509845 1.2171204299860705 1.269458569201993 1.3219402634437867 1.3745026067325925 1.4271080336521484 1.4797341606313588 1.532367532561807 1.5849993116601924 1.6376251695039974 1.6902265055439036 1.7427089290142503 1.7947040268201258
1.8451600337318 1.8924894499800584 1.9358361995655962 1.9773711771204907 0.9335950820015024 0.9829675452437258 1.032416127744598 1.0867903993367738 1.1395293404328395 1.1918040186677628 1.244049963823523 1.2963387470753829 1.3486770165704696 1.4010562468821386 1.4534650028351754 1.5058896675772229 1.558315412901362 1.6107303183863224 1.6631420529538836 1.7155804652226914
1.7680872191680865 1.8205452471040544 1.8718729233367148 1.9201502527719743 1.9687208603034658 0.9132118168062108 0.9619544087328294 1.0106290585163582 1.060933226880559 1.113920164687405 1.1664933162882432 1.218754957286282 1.270907258767588 1.3230348374415812 1.3751738322411127 1.4273343943696661 1.4795121019583528 1.5316903454969364 1.5838433890917167 1.6359489853116864
1.6880429255073572 1.7402675343068998 1.7930227684550597 1.847151173289299 1.9027155417181691 1.9593113946290959 0.9391776800965894 0.9877255053308487 1.0372827499499084 1.0887213079919555 1.1412995077705201 1.1936068112697749 1.245656748125096 1.297589512797265 1.3494865955304136 1.401385850107925 1.4532967783827215 1.5052070908452777 1.5570812301986354 1.6088530634123588
1.6604323821763642 1.7117886204470112 1.7629216214346957 1.813852602434954 1.8638729407151966 1.9059030399133547 1.949249858205935 0.8902453002747508 0.963549028425036 1.012746200433186 1.064455604092394 1.1165721682638814 1.1687461424588854 1.220649608330181 1.2723711347748066 1.3240175890863957 1.3756484830333378 1.4272882656363308 1.478934925437261 1.530561246030776
1.5821014216873877 1.6334261662441831 1.6843469845671286 1.7348770260899833 1.7852561312842266 1.836385684226221 1.8868797041646508 1.9363049147123153 0.8650457633734863 0.9148415658579642 0.9870583238639877 1.0403943442160868 1.0927585724448805 1.1444846010045018 1.1960320517391003 1.247443990383132 1.298793676897313 1.3501365983551292 1.4015000270473343 1.452888605067955
1.5042891982675002 1.5556601611736847 1.6068923591150222 1.6577067361936544 1.7075477888041262 1.756175379835988 1.8032990101514763 1.8486942329495872 1.9228184067146645 0.8375178630992215 0.8880162870791815 0.938303881371951 1.0178739859281216 1.0700898704958983 1.1211423646539778 1.1719894001969537 1.2228829641365797 1.2738338820942408 1.3248448918406623 1.3759181464910268
1.427050360987227 1.4782371397688694 1.5294767883028828 1.5807648440043587 1.632040928788664 1.682961678901823 1.7324570731383067 1.7808443426989269 1.828934017205738 1.8786002888036581 0.8076182455242523 0.8585367694084427 0.9098539890509777 0.9611378320523258 1.0015824849927233 1.0497895681900473 1.0988155696121802 1.1484996899983586 1.1986328700572226 1.2490737305977104
1.299711952073672 1.3504865319768675 1.4013619733123404 1.4523208986261822 1.5033662752608983 1.5545401881611247 1.6059473866393488 1.6577503530525883 1.7097337052656265 1.759295204849725 1.8083837582246152 1.8584726088735308 1.9063589431947492 0.7751612620257823 0.8258589062317776 0.8769501507749125 0.927000326591846 0.9723725845004869 1.0239621424479695 1.0741073545102786
1.123958104395874 1.1739432544068351 1.2241408764460187 1.2745359220474763 1.325086102815468 1.3757525147025378 1.426504969478071 1.477328566359781 1.5282412198716768 1.5793330196700965 1.6308522392907248 1.6834071957481433 1.7377768007775412 1.7876065649052562 1.8388257620206678 1.8890495825425497 0.7406459458297533 0.7922028297119127 0.8449284689943356 0.8961821583514514
0.9449398785670511 0.9952017030828514 1.0471628138484494 1.098029015368301 1.1484372713600697 1.1987585610138045 1.249129950057932 1.2995944824443708 1.350149084370418 1.4007721907562847 1.4514324596636246 1.502105516900694 1.5527943003176763 1.603580060304226 1.654746271661877 1.7072653985132955 1.7658704385238686 1.8185196226177975 1.8707084429607541 0.7049411519417039
0.7586325422936135 0.8143953498331935 0.8672097048177742 0.9177898509847054 0.968236656489915 1.019477131902696 1.0711741276378748 1.1222281112631045 1.172901064533508 1.2234331458959447 1.2739471766444064 1.3244973360333385 1.3750925571640846 1.4257076694972661 1.4762916557241 1.526776296380145 1.5770768946558844 1.6270839712259393 1.6766361276581379 1.7256462644273582
1.8003314647924242 1.851352064850369 0.6636540186424295 0.7081674747761332 0.7501552801476171 0.7948655396639849 0.8432316825459936 0.892614091587837 0.9425293757404536 0.9931310439340553 1.0443066071210296 1.09567482654436 1.1467123805920125 1.19749152868153 1.2481472590711165 1.2987710567255852 1.3494179527009034 1.4000984159215948 1.450782683640098 1.5014121744452509
1.55192487285578 1.6022858012335564 1.6525658418618765 1.7031870309018493 1.7549302450624693 1.8303574071376796 0.584281172185341 0.6230083544581688 0.6699904024129612 0.7184762192058509 0.7691254307048532 0.818006353876259 0.8673271464325925 0.9170966802098042 0.9673774081265224 1.01814657096863 1.0692432004144226 1.1204181400777564 1.1714136208156587 1.222242212235221
1.272980087673492 1.323701191513755 1.374467461147922 1.4252934951430036 1.476144013802043 1.5269655859458637 1.5777372783254233 1.6285445736308137 1.6797131794732296 1.731672632741156 1.7818993127578628 0.4896730220282205 0.5373426261711483 0.587143295470302 0.6352984483251473 0.6872637300368036 0.7395165260344826 0.7912179893503501 0.8413785221510117 0.8914553339855208
0.9417520139471571 0.9923563845637118 1.0432356249534893 1.0942832820136392 1.1453537160856828 1.1963192212566645 1.2471765441734015 1.2979748751223985 1.3487840443386907 1.3996922321189453 1.4507141177174563 1.5017935475949238 1.5528679660687892 1.603946291132202 1.6551735152588465 1.7066653684005328 1.7573689739638063 1.806726330733793 0.39946685537845034 0.4474443735208282
0.5246881081445293 0.5682666876510556 0.6179662919346809 0.6640510103429228 0.713591677190731 0.7644663352529935 0.8153935681776234 0.865792949052999 0.9162024996244428 0.966777663282083 1.0175446700569497 1.0684675478895864 1.119477036991075 1.1704905315381446 1.2214397807287185 1.272315100595475 1.323148451037406 1.37401945354722 1.4250741593630276 1.4763086067273434
1.5275982131001244 1.5788315084267337 1.6300054721234198 1.6811660748002406 1.7319310394050609 1.7819398184442832 0.30769065049974387 0.3562141613824771 0.43901989490792365 0.48783200519987774 0.539685707302278 0.5910514220605989 0.6404549817606039 0.6890973280683914 0.7390458617611081 0.7895998981666683 0.8402537024716635 0.8907874534701467 0.941385868030214 0.9921069792548557
1.0429486605795617 1.0938814187959218 1.1448643979643467 1.1958521689847896 1.2467998367190236 1.2976789251962586 1.348500371704529 1.3993609853289057 1.4505345226665909 1.5019323437354646 1.5532587476412685 1.6043105575021603 1.6551346637539064 1.7057742393873365 1.7560205883668178 0.10360758775909859 0.15501415359776807 0.20586252048343487 0.25488134957914454 0.2947054528501174
0.3491532284674611 0.40097333977043725 0.46014004827663785 0.5103911014141684 0.5633653479812714 0.6145041027621397 0.6644617609538056 0.7141889400688719 0.7644281323381168 0.8149477818724964 0.8655641622089287 0.916198609076407 0.9669072005507822 1.0177029189177809 1.068575477207306 1.1195077151807076 1.1704820039169843 1.2214788793870353 1.2724471710931746 1.3233098143141961
1.3740275692803312 1.4247133055916248 1.4759261900042102 1.527294452454568 1.5781638884273816 1.6284615629992705 1.6787427128314771 1.7288846565643532 0.0 0.04856290429070765 0.08431119987196638 0.13429590295987437 0.18657200375512767 0.2388578898211051 0.2839068288594389 0.3335214570121759 0.3835746328750165 0.43287538130455816 0.48550012340428095 0.5366070954423974
0.5883321075246206 0.6391660003931953 0.6894163819919795 0.7396033201446588 0.7900128174682874 0.840578744442317 0.8912334769606528 0.9419432997420664 0.9927170241553177 1.0435508781567808 1.0944371770266093 1.1453758959364069 1.196375298494121 1.2474423304463653 1.2984884919301547 1.349319616548857 1.3997681337664571 1.449921025605834 1.5009923919631187 1.5516971123859733
1.6010942029613229 1.6506949412434364 1.700425353932472 0.0 0.045187183315871786 0.1010130554795732 0.15882925336648757 0.21108710957859836 0.2585051670710737 0.3120645766730401 0.3625000635561571 0.4118514646877243 0.4612593036686699 0.5122466349436048 0.5630165505482136 0.6139729508368804 0.664569331110392 0.7149460251811933 0.7653385059048077 0.8158614809208938
0.8664947477007259 0.9172067964485688 0.967974299346356 1.0187902217457383 1.0696474944244128 1.1205476682492232 1.171518030237584 1.2226051552959394 1.2738764486318317 1.3251715711507672 1.3760428008376078 1.4259572564490104 1.4747464146787752 1.524972402183277 1.5728789884863914 1.6214291586070042 1.6705101393107948 0.0 0.04652239794621939 0.08763925542895493
0.13585816581026738 0.18661987831489632 0.23571306163109543 0.2866693878625632 0.3387976649830016 0.38901440301622076 0.4385754572787284 0.488389616193051 0.5388325099063148 0.5893244825809828 0.6399006023282892 0.6903798176461582 0.7408272300096379 0.7913408483550373 0.841960532429428 0.8926706703827165 0.9434453678238445 0.9942626674437467 1.045112611031037 1.095991731924509
1.1469151337409782 1.1979569106540784 1.2492331113421862 1.3009976598226465 1.3530652692863223 1.4045903645839706 1.4538603562060448 1.4983694871137438 1.5423206528917432 1.5901988610171212 1.6389759194128881 0.0 0.05133971324984103 0.10885341409043912 0.16062810957239984 0.21129021829991906 0.26223213382939875 0.3135702529167015 0.3647843013738418 0.4149751380885705
0.46485573286866966 0.514874194249975 0.5651525792704087 0.6155088306341977 0.6659406765216493 0.7164026306031852 0.766928950107579 0.8175538138246647 0.8682787552349462 0.9190777972257341 0.9699219444537976 1.0207883282681092 1.0716728562290945 1.1225753302905668 1.1735195654064536 1.2246583810697607 1.2762061223831942 1.3289367124611564 1.383138708383805 1.439102148676054
1.4966567966591449 1.5525400353551284 1.605751078910796 0.0 0.04004829929052194 0.0850973174722904 0.13599704867541193 0.1865705618949551 0.23750231400727312 0.2886593543814317 0.3397651489528113 0.3905561260751087 0.44080932416371443 0.4908885224301382 0.5410205316133884 0.5912675822681579 0.6415926485756329 0.6920125261707142 0.7425335693127568 0.7931738808545913
0.8439344720277093 0.8947885032839619 0.9456946365694829 0.9966181910799126 1.0475365232613223 1.0984605836123702 1.1493767063856357 1.2002752524601932 1.2514088507941006 1.3029225663361697 1.3562852530372156 1.4113456119211834 1.4670357218663412 1.5200534020052154 1.5731325769248126 0.0 0.05386421156143891 0.1076458224567311 0.16035395340179623 0.2120095788851686
0.2634104809635775 0.31462632067407365 0.36558972357755176 0.4162340149848292 0.46655484807054826 0.5167539186018644 0.5669605236296972 0.6172305992146773 0.6675876775412171 0.7180732707818498 0.7687142689708807 0.8195166675673577 0.8704549002652996 0.9214732313508495 0.9725086739524778 1.0235256045976362 1.0745034117408787 1.1254951323166165 1.1764280272420469 1.2271533753554986
1.2781466265003958 1.3290729965839247 1.3827101388438916 1.4369440777936655 1.488641265529984 1.5399232597143544 0.0 0.04009002575311588 0.08602746639029092 0.1357125706413238 0.18681978567227409 0.23810661388196575 0.2893577562171897 0.3404390588101564 0.39127886790205557 0.44185836038381165 0.4922225808144863 0.5424905803994405 0.5927508188708048 0.6430638759029297
0.6934881235744383 0.7440898126785822 0.7949072655682501 0.8459284324470662 0.8970999107057483 0.9483256510870368 0.9995125302423834 1.050641370323324 1.1016970862370767 1.1528618020048058 1.2038831613404548 1.2541840429908362 1.3048947841706535 1.3540277355074055 1.4070721367941983 1.4559017860010528 1.505056069084214 0.0 0.05442999492892469 0.10822358951493227
0.1605290843212764 0.21233850853708064 0.26382441374192755 0.31507475094297777 0.36608889424680185 0.4168614950286967 0.467414408140697 0.5178028174623018 0.5681093924572522 0.6184055307265884 0.6687625466902802 0.719269368774298 0.7700276775756397 0.8210811314730618 0.8723868476789916 0.9238597614074834 0.975341629927387 1.0266885137151873 1.0779578891727164 1.1291339375805483
1.1808180609398904 1.2323140079756443 1.281818780998341 1.3328216480641024 1.3781404294975288 1.4218305346711384 1.4683590377183402 0.0 0.040176192429334616 0.08634925594657038 0.13611342847618452 0.18706469175063709 0.23835503310522552 0.28961959904778967 0.3407366564026177 0.3916548921497507 0.4423661597764869 0.4928946905252637 0.5432881187792352 0.5936071103225319
0.6439161345972988 0.694300159389574 0.7448904986794005 0.7958455330633804 0.8472045492540977 0.8988640002117295 0.9507203092664847 1.0025043739335557 1.0539657983162267 1.1054199836441942 1.156748977909518 1.2098674642678273 1.263428693685283 1.312305447654389 1.3748275057904265 1.429083170333805 0.0 0.05465893165942762 0.1085442116035302 0.16081637738768068
0.21250939982706246 0.26395302459630526 0.3152005582951408 0.36625393219171004 0.41710882610025435 0.46777587677821725 0.5182831597832226 0.5686657906063446 0.6189709898521577 0.6692591078045683 0.7196348393880293 0.7702939358509872 0.8214958384855616 0.8732418802597914 0.9253089765271495 0.9776433384499237 1.029758338764497 1.08111864197012 1.1328166081815407 1.183926901978092
1.2396360975514586 1.2985379380915842 1.3446377911891263 1.3927418996119116 0.0 0.040216683371748954 0.08648539181389339 0.1362839044982266 0.1871842259613931 0.2383798107724207 0.28959209540866937 0.34070221301466963 0.39166226833882334 0.44245509308681724 0.49308635516488386 0.5435719829606268 0.5939255819240422 0.6441860708319171 0.6944072588500909 0.7447140818417256
0.7954061661878589 0.8469270307964258 0.8991531243079982 0.9516102130713722 1.0045366881152749 1.0570121391898848 1.1077059321876148 1.1600017350972294 1.209378595070591 1.267290452515059 1.317883753884637 1.3531045908444435 0.0 0.054745501263259444 0.10862418887286346 0.16084009149083256 0.2124390751397724 0.26377803004245454 0.3149590104044316 0.36600069589846507
0.41690776152228515 0.46767250739797245 0.5182885346221743 0.5687538295493297 0.6190591765661708 0.6692479285695659 0.7193433617009359 0.7694815240996987 0.8201319457849252 0.8720886069604927 0.9248861918265184 0.9774910228944494 1.0311515709959511 1.084285699075473 1.133369744508467 1.1888363461645493 1.2343718924445497 1.280034669086368 0.0 0.04020227791784526
0.08644471360723285 0.13618860264370627 0.1869993324815775 0.23806902517916007 0.28913595050890234 0.3401459127883902 0.39109517921706793 0.44198804717602097 0.49276695405809706 0.5433755633390291 0.5938247413428827 0.6440737009794276 0.6941940551224303 0.7440869192190043 0.793878282060095 0.8443421053857089 0.8969215417439046 0.9503081380534311 1.0020948022775478 1.0565075697904691
1.1112194311747334 1.157617482778869 1.2020985038879446 1.2390109501562654 0.0 0.054648235738665826 0.10841780954285841 0.16053196487990526 0.21200978169398235 0.26314982750235677 0.3140744090896068 0.3649627259277459 0.415911179228296 0.4669095677261083 0.5177283149750538 0.568312315083514 0.6187858249519559 0.6690286636030942 0.7191832855065606 0.7687263192368133
0.8178480622419517 0.867859743392122 0.9213168403331572 0.9747046202470007 1.0228242080731091 1.0769545322984624 1.122509889542678 1.160148784582161 0.0 0.04014009076240367 0.086163321064893 0.13573547840651431 0.18645835709791506 0.23735991471752207 0.28803645340092143 0.3385530761365996 0.3893543515982671 0.4404980798346913 0.4916951855005236 0.5425013343010433
0.5929821123700191 0.6436871751578771 0.6941439915317096 0.7446590437202418 0.7934832171673262 0.8414383761080855 0.8905724211615687 0.9445887459446978 0.9929534953122897 1.038698282887493 1.08093065577606 0.0 0.05431911323231506 0.107761425832432 0.15981428055224797 0.2112696461080462 0.2620603237674632 0.3121196530692451 0.3622061486727674 0.41338773257445477
0.46487004248837666 0.5163241517631347 0.5668418809787076 0.6170977075835173 0.6688032625053115 0.719882071559202 0.7718452169059878 0.8193139378151992 0.8660583698841602 0.9125488185887463 0.9549533739466223 1.03571849988107 0.0 0.04010523373887607 0.08569527201957071 0.1348374855007098 0.1856266082526297 0.2364840224988896 0.2861494631464669 0.334944751010222
0.3852967381209576 0.4371847881067893 0.48899838077803526 0.5405541140097124 0.5900633522866078 0.6403520221314232 0.6945737460078755 0.7463608546854023 0.8047314863534811 0.8537372801611741 0.9034802743170984 0.9471766853263054 0.994610713620251 0.0 0.05406008552861413 0.10705695535165055 0.15877607947120576 0.21057049108105313 0.2606956806639459 0.30771975430424164
0.35716339656943247 0.4079100916203344 0.46092203796320175 0.5123448724755749 0.5633289522799132 0.6116362459112972 0.6623832210121937 0.7196853469696406 0.7691123881361519 0.8523078073932824 0.8982666064728893 0.0 0.040453881564352596 0.08621613969336626 0.13524229857061273 0.18505136986589213 0.23607975663538205 0.2802150132740853 0.3296259087764985 0.37960475470102084
0.4303457169658899 0.4841201365808815 0.5314690451931756 0.5844118844786625 0.6329026229796876 0.681437886908202 0.7618240382645476 0.8100450256158086 0.0 0.05625558078722167 0.11082053575016407 0.16236937493652054 0.21208597391883288 0.25347483484284505 0.3041511812126217 0.3543132814271021 0.4040376112652799 0.4521084024830173 0.49342762533317375 0.542444573329093
0.62166199463326 0.668763640004734 0.7183649756459722 0.0 0.04757286795646695 0.09650598199719618 0.14752987599299683 0.19970218789027896 0.23514056066662758 0.2841567754474194 0.33457566476703476 0.38593282663180595 0.43924343350812267 0.47555065177994404 0.5246786001919349 0.5767630405227236 0.03994401919693888 0.08385214263875858 0.13170805320666118 0.1827128675979737
0.21455314626140776 0.2657756532221969 0.3164476137093271 0.36819886623181647 0.4209446215133454 0.0 0.05422890344721674 0.1075583075987872 0.16070801008217778
2.0 0.0 1.0 -2.4492935982947064e-16 0.0 0.0 0.0 0.0 0.0 0.0 0.0 0.0 0.0 0.0 0.0 0.0 0.0 0.0 0.0 0.0
0.0 0.0 0.0 0.04909210309153033 0.0432252134814389 0.045268939130018025 0.0444800592297032 0.04385754616147122 0.04348279632640196 0.04329159769776038 0.04322783013761049 0.043258735037064615 0.043367709565435564 0.04354820513162481 0.043798850993168464 0.04411920369497074 0.04450339778674677 0.04493339625515686 0.045364471386538874 0.04566361621770836
0.0450923271032544 0.04142459195101883 0.04873809203418881 0.10445521185393145 0.08508197902130739 0.08984124632400863 0.08873007338368503 0.0875215804633674 0.08681918915372394 0.08645818448034717 0.08631983215446255 0.08634341613749028 0.0865009556289068 0.08678156277963918 0.08718441994009055 0.0877131970636877 0.08836946875253661 0.08914182201440991 0.08998885198386598 0.09079030749628358
0.09103534809072963 0.08854226701998279 0.08064367753257462 0.1522397619859009 0.13427906926725372 0.13209914132577263 0.1307337878111501 0.12990974828616253 0.12947412606647818 0.1292896332706715 0.12929422125696563 0.1294609088378939 0.12977991876096134 0.13025081162347224 0.1308796361149449 0.13167374486017808 0.1326326854788735 0.13372963382145442 0.13488344722863574 0.1358596387343562
0.13564785097919405 0.12950273081408623 0.10465197681800903 0.2042216351543152 0.1841801976116025 0.17460554946345036 0.17325636234134686 0.17273790096091213 0.1723846251728706 0.17219803530741126 0.17217996992105014 0.17232889490945486 0.17264297474833615 0.1731234480887722 0.17377527192023232 0.1746057266086034 0.17561618818466873 0.17678019777082735 0.17799020081687714 0.17896884082945433
0.17914722824428425 0.17677260113616855 0.15532323425609249 0.2378421304095465 0.22159279727553738 0.217039903824905 0.21598635197895266 0.215498341467496 0.2152152582598044 0.2151178893322168 0.2152050081419236 0.21547411658466772 0.21592278882590038 0.21655216144017947 0.21736690173981285 0.21837196711019086 0.2195594208326177 0.2208679103380845 0.2220786182169943 0.22275680975409953
0.22279157261802857 0.22385218511885752 0.20150309213196332 0.25911856061871236 0.2687558892487821 0.2632661205112609 0.2605240797648574 0.25926421769246316 0.2585877879282917 0.2582609037709777 0.25820300300881344 0.2583733943089581 0.25875076502465794 0.25932499147455906 0.26009382125842145 0.26106173101537744 0.26223722642786024 0.2636240536743865 0.26517846068350587 0.2666698049824742
0.26780758228635776 0.27023114218377964 0.25362155437098927 0.30853177408950216 0.2997960174707516 0.3088465790825637 0.3059831311634121 0.30371362668586044 0.3024104254815887 0.30170715878255205 0.30141295386786576 0.30142591860775897 0.3016904501464929 0.3021792897182432 0.30288074478912946 0.3037922665030301 0.3049250876178558 0.30631314094677625 0.30803929129653107 0.31023162889932504
0.31273048868884173 0.314922628720086 0.31862357272234015 0.3000053797736401 0.3583297683176881 0.3497113345540634 0.34751439458168387 0.3500472675782054 0.3481848761320841 0.34647365961013965 0.34541216257220836 0.34485766126493184 0.3446808999254587 0.3448020119353913 0.34517796854813737 0.34579038413586155 0.3466330779753766 0.34770485205684726 0.3490307228042266 0.35069866019834617
0.3529846557758953 0.3565360060069355 0.36148818754819334 0.36554594324299233 0.35233247679710383 0.40748518702585945 0.40006754589704024 0.3947344509088667 0.3924793948957655 0.39205654332667805 0.3905167863545881 0.3892638369294666 0.3885029324152784 0.38814827481940944 0.38811818040375434 0.3883646635582119 0.3888675427107256 0.3896244096005169 0.39063603271177116 0.39188949482953067
0.39340396557914703 0.3952779963001391 0.39794875322625906 0.40293125221648235 0.4114698747487514 0.4013712232791315 0.4501454469071311 0.44367952154348966 0.43883724408467634 0.43567702377933143 0.4343236252904999 0.43312774678572946 0.432282918133556 0.43180624562705805 0.43164584926728344 0.43176303586763226 0.4321437617037804 0.4327953293306242 0.4337378503215063 0.434980090306377
0.4364706913439834 0.4381951674071001 0.44019265223848847 0.44298687968984346 0.4496511832789018 0.46270715239969734 0.44768849693078205 0.45548139955295497 0.49361594357834937 0.4868493943107226 0.48086797087156385 0.47811758496953405 0.47693245616646823 0.47613630874186935 0.47562239479573126 0.47537460526966024 0.47537863613813314 0.47563386215264836 0.476158995095241 0.4769953756798402
0.47819938490703057 0.47979880861997576 0.48164652027562926 0.4836648869866761 0.48574561722174275 0.48872656728304675 0.5082260009009902 0.500722754886307 0.5016929611521197 0.4994528285600292 0.5366767310667382 0.5262289711553552 0.5224318052706152 0.5208267564031176 0.5200726991770455 0.5195867673172464 0.5192969388722505 0.5192101526150078 0.5193436326586531 0.5197259435820155
0.5204083471837433 0.5214790139830294 0.5230672748910212 0.5252659671731597 0.5276844281043354 0.5301115984679691 0.5319988527973256 0.5338511085045319 0.5502448316879314 0.5464099459103154 0.5462894671999194 0.5441649119573941 0.5704189588237081 0.5666942779973617 0.5650805840531193 0.5642385951291405 0.5637522435262633 0.5634301202499222 0.5632625811721317 0.5632770848634822
0.5635073654610946 0.5640009103098412 0.564838604460401 0.5661756066907807 0.5682962271042388 0.5715460585063108 0.5748785825093251 0.5777482138754164 0.5783762629106056 0.5670673942426059 0.5897056634426434 0.5914840099667574 0.5911019863731072 0.5892824614196325 0.612210540385201 0.6110540670486265 0.6097523982403772 0.6088482877499611 0.608236311118513 0.607821249561453
0.607550915028037 0.6074385870178893 0.607514084942239 0.6078125295817836 0.6083838189955485 0.609323894753306 0.6108577060651098 0.6135528465900537 0.6186650767878638 0.6229268985061585 0.6244208735552753 0.6177222630859899 0.6048103667277863 0.6317634192121261 0.6356789222194418 0.6366681113477924 0.6369349193261499 0.6466331387035694 0.6546613353038687 0.6545446755223525
0.6537350968327967 0.6530184269826292 0.6524638423067789 0.6520623197712162 0.6518124792634019 0.6517355714540903 0.6518574884914378 0.6522014724399406 0.6527985265166794 0.653721146407003 0.6552102148742072 0.6582035803323234 0.6670928797570284 0.6708437127224006 0.6665605592793163 0.6568802590242907 0.6718955148875084 0.6789653962949374 0.6808567891163807 0.6825628164720665
0.6878265316744969 0.693796921061811 0.6978488613815574 0.698184431800975 0.6977388374408482 0.6971931038460957 0.6967078461804698 0.6963391869219105 0.6961239033215227 0.696094683826622 0.6962711654286045 0.6966549173756977 0.6972321876512637 0.6979935651573806 0.6990411654694609 0.7012649905623614 0.7172783490640184 0.7142429086717165 0.7074248521471033 0.7092657980609973
0.721308464997106 0.7233837392012042 0.7263093264057463 0.7304699382596602 0.7351536728250644 0.7390573867986698 0.741511943602383 0.7419804046828029 0.7417566493527449 0.7413427150959598 0.74092621753699 0.7406040386360652 0.7404439789392291 0.7404890756278694 0.740751948725164 0.741206705013397 0.7417835622613064 0.7423594819400062 0.742744713950491 0.7420056448458641
0.7619672315995909 0.756634344960811 0.7480396670897566 0.7579659204209569 0.7693560185817568 0.7673265850518849 0.7700091421592613 0.7737017206785334 0.7776371722996298 0.7811764681829617 0.783876054626161 0.7855023122117756 0.7859394524237827 0.7858133863356122 0.7854750907102306 0.7851053742368271 0.7848291635362811 0.784739941928215 0.7848888577248968 0.7852747251696978
0.7858320705186466 0.786403642913543 0.7866460135832715 0.7854275515961044 0.7759502640278868 0.8060966208440714 0.8115512995675158 0.782215181567914 0.7993238428229201 0.8090407220104412 0.814394578670715 0.8148108417149555 0.8175545498345572 0.8208586033627393 0.8240167364976192 0.8266501867364828 0.8285693649020994 0.8296836833473322 0.8300144300073561 0.8298981326004329
0.8295781512964566 0.8292194769939827 0.8289738148213817 0.8289607599984755 0.8292280876810207 0.8297354431937288 0.8303192791795869 0.8305884556765633 0.8295456259286985 0.8243518089782459 0.8157294365480612 0.8719061483312007 0.8433640388939366 0.8553865097247477 0.8391544711427193 0.8490588245140067 0.8557243682753718 0.8596208585249719 0.861642421279122 0.8644444982369642
0.8672990002923471 0.8698159389638358 0.8718077586842653 0.8731920643115126 0.8739491486387118 0.8741442429795381 0.8739788693666247 0.8736242762879572 0.8732278350061736 0.8729865924039243 0.8730506762841924 0.8734441071536583 0.874040066406652 0.8744813053788022 0.873975447707617 0.8710546050416615 0.8656127919696247 0.8577528582483447 0.916747637823001 0.8943117647691735
0.8948716281236992 0.8967275944803389 0.8928774256538362 0.8917396976019634 0.8975701381712338 0.9021757511184002 0.9055719766057418 0.9081583016009205 0.9108112634045865 0.9132398164070223 0.9152552617605085 0.9167694171194573 0.917754028127103 0.9182308070995037 0.9182766557036025 0.9180225033620553 0.9175821530641297 0.9170831477940536 0.9168185290503456 0.916983411745403
0.9175447566134803 0.918227309738359 0.9183994187455222 0.9170631364982356 0.9137600431804569 0.9081247069883929 0.9514864495067938 0.9344043403316246 0.9415737985154569 0.9309347675103149 0.9409136291851383 0.9403537395086097 0.9396434084755351 0.9412548471076669 0.945228508914831 0.9488093133281205 0.9518489419846125 0.9544408361646496 0.9568223222663451 0.9588616151659151
0.9604649614852889 0.9615920076363588 0.9622466240142721 0.9624795518495687 0.9623726786271695 0.9620069789553177 0.9614337158676132 0.9607416716060208 0.9604496051381232 0.9608222710628759 0.9617147301337214 0.962608809041525 0.9625786003402378 0.9609183380783882 0.9572834967928023 0.994618252275083 0.9879122492328798 0.9785809228981563 0.9669723355074406 0.9953056016084623
0.9832895240885996 0.9734347272291076 0.9809607285614643 0.9806609791714259 0.9847856885644389 0.985618906400922 0.9867090358105475 0.9890968993790603 0.9923210045320038 0.9953780659568139 0.9981143875049617 1.0005046500295 1.0025797946830806 1.004265453476616 1.005508294877433 1.006292382283275 1.0066453077148056 1.0066529019178823 1.0064060860766078 1.0059342402970426
1.0051917813919344 1.004166813088183 1.003928553299496 1.0048356653863646 1.006473615999692 1.0077245393964407 1.0074083802838738 1.0054639945300674 1.0404818924101253 0.9988201261122303 1.034030454698582 1.0341200739570267 1.026901371004668 1.0196962079326142 1.0375316729097963 1.0300393357856208 1.0230422750573052 1.0210491761050717 1.0257136461324057 1.0272397744392847
1.0299701954053087 1.0316531629014518 1.0336345926959365 1.0362156462837493 1.039074308967102 1.0417942570632086 1.0442478686534198 1.0463749994332552 1.0481445964344833 1.0495014813773962 1.050406101412825 1.0508562172676934 1.050904987180163 1.0507012079142055 1.0503633371496781 1.0498476447930098 1.0489346823129482 1.047325704974984 1.0474867783120165 1.0498000333663835
1.0526571903077617 1.0534738146953058 1.0528787279186649 1.0848006712643419 1.0542331778783127 1.0767206944088428 1.0732764875643979 1.068960959494553 1.0743552998707664 1.0765715497976474 1.071594017733561 1.0685021034321553 1.0689748581204626 1.0716515161481088 1.0736106993367733 1.0759580686121544 1.0780793031035214 1.0804090670110549 1.0829778230749372 1.0855894191449207
1.0880385056844466 1.0902238436862766 1.0920782179877395 1.0935512352242003 1.0945890254166253 1.0951491036504069 1.0952388698493194 1.0949422899922008 1.0945403128757294 1.0942227007187153 1.0938440197390131 1.092861149252827 1.090170640411771 1.0920454362614844 1.097510356212837 1.0994096118405399 1.09972536319748 1.129418257555841 1.1017380476929681 1.1213836188667843
1.116444432113739 1.1155231092514597 1.1173846410445918 1.1185430069677715 1.1182902521608014 1.1158026897895321 1.1149555420228834 1.115994332956896 1.1180458616665259 1.120087079934243 1.12235368582049 1.124643596564868 1.1270466584833023 1.1295099393376378 1.131906020372399 1.1341124714037822 1.1360446543476277 1.1376321926260535 1.138813676884139 1.1395244512464562
1.1397004571906335 1.139356071784041 1.138597743083622 1.1379763786303307 1.1378432115139576 1.137984597026683 1.1373736592268284 1.133067051859735 1.14168543229432 1.145423827917314 1.1461928003545814 1.1730222354483895 1.1535104752238585 1.1617151879783856 1.160369816517305 1.161353378876551 1.1621867795632388 1.162329398701305 1.161944175142991 1.161094124896358
1.1613501465339349 1.1626706031918546 1.1645744817461254 1.1666483050832062 1.1688904117405712 1.1711936676235233 1.1735347806480092 1.175846629021277 1.1780394979928512 1.1800237999264274 1.1817200920651139 1.1830474904268782 1.18393384496254 1.1842918804110805 1.1840016694959905 1.1830842334862737 1.1815858001263384 1.1805446295687272 1.1804220122645965 1.1807722456163963
1.1802568420214365 1.1880495117085679 1.1922933668258056 1.2210932541000263 1.1988627945225048 1.2017031939644054 1.2047204568506373 1.2052739208782899 1.2060525525420913 1.2064911157758758 1.2066309968977267 1.2066548186372248 1.2068011745134801 1.2076875227030792 1.2092197418542885 1.211131782247249 1.213215787772262 1.2154084047591887 1.2176329739027993 1.2198445562637952
1.221988164589128 1.2239941652308044 1.22578045485748 1.2272597042481441 1.2283276708558455 1.228908148643228 1.2288813285380238 1.228000716016499 1.2263350464420877 1.2236204384208587 1.221837908955097 1.2213196275626863 1.2221298940067693 1.2274768287909807 1.2350116984943498 1.2635052640608537 1.24454093239011 1.2468585819942413 1.2489073988644026 1.2497974874463855
1.2504967016143582 1.2509994315145219 1.251422774705098 1.2519324404261574 1.252723652403514 1.2540173640357557 1.2557201599753296 1.2576647303646757 1.2597162324197364 1.2618078971059254 1.2638929218285988 1.265943586702116 1.267925293914922 1.2697747632469294 1.2713939199009279 1.2726753264780066 1.2734683009540622 1.2737323843860369 1.2733142732080145 1.2716777802960448
1.269161874849797 1.2645969087354032 1.2623910041469444 1.2631501662954083 1.2687124223031023 1.2761803768240276 1.311111447147624 1.2888673596312055 1.290382993540623 1.2919119954315432 1.2933492909505429 1.2942877606049126 1.2950832032847464 1.2958162827617574 1.2965971406014 1.2975514934161498 1.2987898633010033 1.3003670333060067 1.3021912124805928 1.3041323431887961
1.3060866405391462 1.3080137708963815 1.309915521342157 1.311797572333709 1.313648184451296 1.315391736474992 1.3168805885892558 1.3179780324231598 1.3184342873680883 1.318384615853307 1.3176636276986031 1.3150136055088992 1.3118352338202384 1.3045348710093858 1.303773593379256 1.3099359043279732 1.3171204306792808 1.3530081697232126 1.333693110826265 1.3352577661436549
1.3366123730473556 1.3378688197595854 1.338912102440074 1.3399056196265688 1.3409308822681185 1.342071948979909 1.3434050740947803 1.3449695804468913 1.346744409071525 1.3486283410755502 1.3504972538312763 1.352266433758142 1.3539567078622674 1.3556454772082347 1.3573736679035102 1.3591547662503338 1.360874262540498 1.3622653679645254 1.3631722099513117 1.3630914930213696
1.3627580618544834 1.3620626623101526 1.3577711487250197 1.3547396957663747 1.3429509633006051 1.3524615629102323 1.3579107983777396 1.4002965201683144 1.3777912049388936 1.3789199068451177 1.3800886506262107 1.3813098338957819 1.3825430767834352 1.3837423743111137 1.38498154157939 1.3863151576901251 1.3877916706512234 1.3894396726651546 1.391247294786647 1.3931489875352632
1.395020931320147 1.396720840811223 1.398186882435703 1.3995599069756697 1.4010282110287802 1.402640313022724 1.4044593533270426 1.4062926679724679 1.4075806738420413 1.4082406839316983 1.407037544216245 1.4064350536068226 1.4065098365816904 1.3978396317663486 1.3887577931982922 1.399185939133424 1.4419055041674855 1.4223116970013026 1.42355383520669 1.424754069403228
1.426031559744564 1.4273786186179351 1.428789547457595 1.4303017345735871 1.43194052993306 1.433718117966212 1.435626755098675 1.4376159351756468 1.4395832475667243 1.4413597958216795 1.442759447152798 1.4437588365995098 1.4447354892205004 1.4460193316949208 1.4475716764534765 1.44961214261127 1.4518229890575347 1.4528595658213839 1.4531710484632938 1.4494374370812193
1.4484280744357818 1.4503512588359937 1.4276780241601599 1.4353640656869617 1.4889510827228325 1.4662776734642688 1.4671973574504646 1.4682673322284907 1.4695012581072562 1.470886317252827 1.472406936311384 1.4740597994483597 1.4758535927188214 1.4777804293126011 1.479823223722327 1.4819526700662955 1.4840809822105956 1.486058570559804 1.4876408229683191 1.4885566399787933
1.488857443177771 1.4893861405044384 1.4906104720865376 1.492147847181787 1.4947281797313474 1.4978915167080509 1.4980181601268845 1.4980847141139373 1.489274405958183 1.4880925659828663 1.5043877197208626 1.4727891791548753 1.5303475589634608 1.5105991936724936 1.5117109184235444 1.5129241080988598 1.5143190392326507 1.51588734863117 1.517631962766801 1.5195455965009799
1.521614772202357 1.5238050336693083 1.5260860363226938 1.5284234364099463 1.5306602375086331 1.5325978212265368 1.5338660501699752 1.534035841824727 1.5333024311302619 1.5334212943536976 1.5348975346691935 1.5363558764241112 1.5400030091595198 1.5453893869617612 1.5421186080913998 1.5428093832925487 1.5248321205005688 1.5367209395127512 1.5771999315694318 1.5544580807524193
1.5553026993015142 1.55638459175422 1.557727614650579 1.559303541080053 1.5610835247479025 1.5630671309266184 1.565225852438657 1.567544999606719 1.56998301836372 1.5725071745640473 1.5750635802275943 1.5773730185054124 1.5792331161425277 1.5800512629069432 1.5790901448663204 1.5768282700169185 1.576795669671194 1.5792747530634736 1.580228539368885 1.5855746334537981
1.595754149377616 1.5814675981682895 1.5984239697121552 1.5699846704324436 1.6184593283841555 1.598693536024474 1.5997575906421322 1.6010580791094207 1.6026477201096359 1.6044895316028205 1.6065039279215063 1.6086924340259738 1.6110244702582504 1.6135815575571661 1.6163279488255216 1.619103560650547 1.6219007092260203 1.6241960045931327 1.6260192743559967 1.6262555651864519
1.6235520199322786 1.6190501732399531 1.6196075855830137 1.6251752584451504 1.623752526472374 1.6313306521978421 1.65528594142489 1.6291270047582342 1.6651153170113053 1.6425538708185476 1.6433199269407304 1.6444110384531925 1.6459043589641353 1.647834067075134 1.6500185949497077 1.6521719777506951 1.6543865150359407 1.6567710586373623 1.659752550280148 1.6629255581721947
1.6658651084511686 1.668893568846252 1.6709645238386104 1.673145840273108 1.6725808553051142 1.6670818835940038 1.6594184954354527 1.6626786832938067 1.6771284880297408 1.6642317963330524 1.6827325745356978 1.7062619642416141 1.686902094615129 1.687754694994355 1.688974753121719 1.690916921237968 1.6935087851148307 1.6960870906778367 1.6978880225678405 1.6997699962065644
1.702422214376286 1.7062477269699936 1.7099926953601956 1.7125296060065616 1.7157752957610226 1.7172760538092937 1.7211790774430364 1.7186958165808348 1.7086157485383269 1.6977361853470514 1.7125933745039892 1.710931672804062 1.7525652027798664 1.7310307785127412 1.7316406149596713 1.7321333425444547 1.733598426244331 1.7365100046890742 1.740339563465295 1.742687128894195
1.7426792569322083 1.7448009767151451 1.7480375194938484 1.7537043986934435 1.7577681380868722 1.7579154895732354 1.7623170578241432 1.7620598477397174 1.7702419444033484 1.7587434345549136 1.7414895844284404 1.7614926417031305 1.7351511543239726 1.793394038171128 1.7757912524911095 1.7761310586314554 1.7759846425454844 1.778363367350443 1.7838653441645398 1.789271145280289
1.7876601425266803 1.7862919744943924 1.7896553079215158 1.7940412114334399 1.8037302191801443 1.8050816723300152 1.8002370217365498 1.8096903009024154 1.8026191916014185 1.8093013572803331 1.7869295183906049 1.8388031426948668 1.8204691152503432 1.820769769741281 1.8199221771859042 1.8192542041404383 1.8246527261595242 1.8375143459492564 1.834709977438931 1.8313059057321142
1.8283084286831062 1.835648532191799 1.8416519510578127 1.8562936320390127 1.8491477024050995 1.8395714131305767 1.8492225757659073 1.8286134245583683 1.8781806812638542 1.865025452644563 1.864390881266206 1.8632817351280215 1.8613206532300517 1.8865368971643401 1.8829690282457463 1.87840569079262 1.8736508965365908 1.8688065880646616 1.8899299477115616 1.8846633692634673
1.9009303944196898 1.8848753788533654 1.866534693426608 1.9185969537486671 1.909393005304406 1.9082104247175684 1.907335357946597 1.904274363239434 1.9391725873818655 1.9316955002938958 1.9260933879820028 1.9191683589684578 1.9116628002357787 1.9426403623912665 1.929951389672971 1.915031173398225 1.9554662596770178 1.9542655558075517 1.9520333772438276 1.9488712937270174
1.9884584349262449 1.9822621678663783 1.974806549456851 1.965815249433579 1.9551996383026944 1.960056656525997 1.9992646713306654 1.9971057083856338 1.993532777632569
986 1009 1008
1009 986 987
1098 1107 1097
1 1106 1097
1 1097 1107
919 893 920
553 517 518
520 487 521
554 553 518
550 549 3
925 951 950
1033 989 1012
1033 1011 989
918 944 917
1029 1068 1049
1029 1050 1068
843 844 872
812 813 841
873 844 845
844 873 872
730 761 729
1068 1067 1049
1032 1011 1033
964 965 989
1011 988 989
988 964 989
142 164 163
923 948 922
972 948 973
1036 1015 1016
1098 1108 1107
1070 1054 1071
1106 1084 1097
517 552 516
552 553 587
552 517 553
589 554 555
520 555 554
520 554 519
519 554 518
520 519 487
721 753 752
593 558 559
629 595 630
684 685 717
684 717 716
652 685 684
685 652 653
686 685 653
685 686 717
655 656 688
871 843 872
924 925 950
720 721 752
686 718 717
748 716 717
716 748 747
921 895 922
810 779 780
533 500 534
670 637 671
569 533 534
605 639 604
639 605 640
1065 1081 1064
1009 1030 1008
1050 1030 1051
1029 1030 1050
1030 1029 1008
974 996 973
1072 1087 1071
840 812 841
750 781 780
925 926 951
982 958 983
1022 1001 1023
979 1001 978
825 853 824
852 823 824
853 852 824
852 853 881
880 852 881
933 958 932
631 664 630
664 631 665
669 670 702
698 665 666
698 730 729
908 880 881
1012 990 991
990 1012 989
965 990 989
1011 1032 1031
1010 1009 987
1010 988 1011
988 1010 987
23 42 22
43 23 2
23 43 42
41 21 22
41 42 62
42 41 22
59 39 60
36 16 17
164 185 163
103 82 83
141 120 121
141 162 161
947 921 922
948 947 922
972 947 948
947 972 971
1013 1014 1035
972 994 971
1015 994 1016
1099 1087 1100
1109 1099 1100
1099 1108 1098
1108 1099 1109
1052 1053 1070
1053 1052 1034
1070 1053 1054
1052 1070 1069
1070 1085 1069
1085 1098 1097
1085 1084 1069
1084 1085 1097
946 919 920
623 589 624
690 722 721
722 753 721
813 783 814
753 783 752
694 662 695
593 628 627
662 628 629
460 489 459
520 556 555
556 520 521
586 552 587
618 653 652
618 619 653
654 686 653
813 842 841
842 870 841
842 813 814
843 842 814
871 842 843
842 871 870
897 924 923
656 689 688
689 690 721
720 689 721
689 720 688
720 719 688
718 719 750
747 779 778
747 748 779
718 749 717
779 749 780
749 750 780
749 718 750
749 748 717
748 749 779
531 566 530
532 531 498
408 383 409
531 497 498
497 531 530
144 124 145
212 234 233
292 270 271
291 270 292
944 943 916
944 916 917
916 889 917
703 734 702
703 670 671
670 703 702
704 703 671
570 605 604
569 570 604
570 569 534
603 569 604
603 637 602
672 704 671
704 672 705
1025 1004 1026
982 1004 981
1082 1081 1065
1028 1029 1049
985 986 1008
1063 1045 1064
1063 1044 1045
948 949 973
949 924 950
949 948 923
924 949 923
949 974 973
974 949 950
974 997 996
1087 1088 1100
1072 1088 1087
1017 1037 1016
1037 1036 1016
1092 1104 1091
1104 1092 1105
811 810 780
811 840 839
810 811 839
840 811 812
811 781 812
781 811 780
902 903 929
903 930 929
928 901 902
928 902 929
901 928 927
928 953 927
952 976 951
953 952 927
952 926 927
926 952 951
900 901 927
873 900 872
901 900 873
926 900 927
931 905 932
878 905 877
957 982 981
957 931 932
957 958 982
958 957 932
977 953 978
977 952 953
952 977 976
930 955 929
1001 1002 1023
979 1002 1001
854 853 825
761 792 791
822 792 823
792 822 791
851 822 823
852 851 823
880 851 852
851 880 879
663 629 630
663 662 629
662 663 695
664 663 630
634 599 600
595 596 630
596 631 630
599 598 564
566 601 600
734 733 702
732 733 764
1045 1046 1064
1046 1025 1026
1046 1065 1064
1025 1046 1045
1046 1047 1065
1047 1046 1026
986 962 987
880 907 879
933 907 934
908 907 880
907 908 934
939 965 964
940 939 913
939 940 965
1030 1031 1051
1031 1032 1051
1031 1030 1009
1011 1031 1010
1010 1031 1009
42 63 62
63 82 62
82 63 83
43 63 42
63 43 83
20 39 19
59 78 58
39 38 19
38 59 58
59 38 39
38 18 19
15 34 14
50 30 51
70 50 51
34 33 14
33 34 54
34 55 54
184 162 163
185 184 163
226 225 205
225 204 205
182 160 161
248 226 227
82 81 62
143 122 123
123 102 103
945 970 969
996 995 973
995 1017 1016
995 972 973
1017 995 996
995 994 972
994 995 1016
1013 1035 1034
1054 1035 1036
1035 1015 1036
1035 1014 1015
1053 1035 1054
1035 1053 1034
1086 1070 1071
1087 1086 1071
1099 1086 1087
1086 1099 1098
1086 1085 1070
1085 1086 1098
554 588 553
553 588 587
589 588 554
623 588 589
815 843 814
843 815 844
781 782 812
812 782 813
782 783 813
783 782 752
660 626 627
626 660 659
594 593 559
594 595 629
594 628 593
628 594 629
433 461 432
490 432 461
461 433 462
491 461 462
492 491 462
524 560 559
594 560 595
560 594 559
487 488 521
488 522 521
522 488 459
522 459 489
558 523 559
523 524 559
522 523 558
489 523 522
592 593 627
593 592 558
592 626 591
626 592 627
625 658 624
658 625 659
625 626 659
626 625 591
551 585 550
551 550 516
552 551 516
551 586 585
586 551 552
549 585 584
549 550 585
584 619 618
619 584 585
586 620 619
619 620 653
586 619 585
620 654 653
840 868 839
867 868 895
868 867 839
871 898 870
924 898 925
897 898 924
898 897 870
658 657 624
657 623 624
623 657 656
657 658 690
689 657 690
657 689 656
654 687 686
687 655 688
687 718 686
687 654 655
687 719 718
719 687 688
808 809 838
810 809 779
778 809 808
809 778 779
893 894 920
894 921 920
894 895 921
894 867 895
530 565 529
599 565 600
565 564 529
565 599 564
566 565 530
565 566 600
499 500 533
532 499 533
499 532 498
5 24 4
85 64 65
64 85 84
145 124 104
166 144 145
166 165 144
253 274 252
209 208 188
107 127 106
168 147 169
66 65 46
384 361 385
361 386 385
271 270 249
292 271 293
343 319 320
295 319 318
317 316 293
293 316 292
324 301 325
833 832 802
803 833 802
832 833 861
833 862 861
888 889 916
832 801 802
801 800 770
772 803 802
641 674 640
570 571 605
568 532 533
569 568 533
603 568 569
568 603 602
673 639 640
674 673 640
673 706 705
706 673 674
673 672 639
672 673 705
639 638 604
638 603 604
637 638 671
603 638 637
638 672 671
672 638 639
1005 982 983
1006 1005 983
1005 1004 982
1004 1005 1026
1047 1066 1065
1048 1083 1066
1066 1082 1065
1082 1066 1083
959 933 934
958 959 983
933 959 958
1028 1007 1029
1029 1007 1008
1007 1028 1006
1007 985 1008
1018 1017 996
997 1018 996
975 974 950
951 975 950
976 975 951
975 997 974
1073 1088 1072
1055 1054 1036
1054 1055 1071
1055 1072 1071
1037 1055 1036
1059 1058 1040
1076 1092 1091
1076 1059 1060
846 818 847
874 873 845
901 874 902
874 901 873
846 874 845
904 931 930
903 904 930
904 905 931
905 904 877
954 928 929
953 954 978
954 979 978
928 954 953
954 955 979
955 954 929
931 956 930
956 957 981
957 956 931
956 955 930
1003 1004 1025
1004 1003 981
853 882 881
854 882 853
763 732 764
697 664 665
697 698 729
698 697 665
728 697 729
760 761 791
761 760 729
790 760 791
760 728 729
596 597 631
634 633 599
633 598 599
637 636 602
636 637 670
669 636 670
636 601 602
698 699 730
699 698 666
733 701 702
701 669 702
669 701 668
701 733 732
700 701 732
701 700 668
822 821 791
821 790 791
908 935 934
963 988 987
988 963 964
963 962 937
962 963 987
906 933 932
906 878 879
905 906 932
906 905 878
906 907 933
907 906 879
858 830 859
858 886 857
886 914 913
914 940 913
39 40 60
41 40 21
20 40 39
40 20 21
79 59 60
79 100 99
79 78 59
78 79 99
18 37 17
37 36 17
38 37 18
37 38 58
70 69 50
92 72 93
53 72 52
53 33 54
78 77 58
76 77 97
76 75 56
75 55 56
36 35 16
35 36 56
35 15 16
15 35 34
35 55 34
55 35 56
94 113 93
162 183 161
183 182 161
204 183 205
183 204 182
184 183 162
183 184 205
205 227 226
205 206 227
206 184 185
184 206 205
97 117 116
117 118 138
118 139 138
301 302 325
225 247 246
247 225 226
247 248 269
248 247 226
100 101 120
120 101 121
162 142 163
142 143 164
142 141 121
141 142 162
142 122 143
122 142 121
1014 993 1015
994 993 971
993 994 1015
993 970 971
921 946 920
947 946 921
946 947 971
946 945 919
946 970 945
970 946 971
622 623 656
655 622 656
622 588 623
588 622 587
783 784 814
784 783 753
784 815 814
815 784 785
660 692 659
719 751 750
751 720 752
751 781 750
751 719 720
751 782 781
782 751 752
694 661 662
628 661 627
661 628 662
661 660 627
528 495 529
564 528 529
496 530 529
496 497 530
496 495 466
495 496 529
433 434 462
434 433 407
407 408 435
491 525 524
492 525 491
525 492 526
525 560 524
490 489 460
490 460 432
490 491 524
490 461 491
490 523 489
523 490 524
557 522 558
522 557 521
556 557 591
557 556 521
557 592 591
592 557 558
556 590 555
589 590 624
590 589 555
590 556 591
625 590 591
590 625 624
895 896 922
896 923 922
896 897 923
868 896 895
900 899 872
899 926 925
899 871 872
899 900 926
899 898 871
898 899 925
838 810 839
867 838 839
808 838 837
838 809 810
383 384 409
384 383 360
384 360 361
410 384 385
384 410 409
411 410 385
386 411 385
410 411 437
499 470 500
500 470 471
441 414 415
497 468 498
6 25 5
25 24 5
166 167 188
167 166 145
274 273 252
275 254 276
275 276 298
254 275 253
275 274 253
165 187 186
187 166 188
166 187 165
208 187 188
208 230 229
230 208 209
28 8 9
66 47 67
47 66 46
337 361 360
341 317 318
366 343 367
294 295 318
317 294 318
294 317 293
293 271 272
278 277 256
255 234 256
255 254 233
234 255 233
254 255 276
255 277 276
277 255 256
324 300 301
278 300 277
300 278 301
545 546 581
442 470 441
442 441 415
470 442 471
417 392 418
890 889 861
890 918 917
862 890 861
889 890 917
891 890 862
890 891 918
892 862 863
892 891 862
860 832 861
889 860 861
888 860 889
860 888 859
771 801 770
801 771 802
771 772 802
707 706 674
706 707 738
535 570 534
535 502 536
535 571 570
571 535 536
606 641 640
605 606 640
571 606 605
601 567 602
532 567 531
567 566 531
567 601 566
568 567 532
567 568 602
1028 1027 1006
1027 1047 1026
1027 1005 1006
1005 1027 1026
959 984 983
984 1006 983
1007 984 985
984 1007 1006
1092 1093 1105
1093 1094 1105
1042 1021 1022
1038 1037 1017
1018 1038 1017
1019 1020 1040
1019 1018 997
1104 1103 1091
1074 1088 1073
1101 1109 1100
1089 1100 1088
1101 1089 1102
1089 1101 1100
758 788 757
844 816 845
816 815 785
815 816 844
875 903 902
875 846 847
875 874 846
874 875 902
1024 1025 1045
1024 1044 1023
1044 1024 1045
1002 1024 1023
1003 1024 1002
1024 1003 1025
980 1002 979
955 980 979
980 956 981
956 980 955
1003 980 981
980 1003 1002
826 796 827
826 854 825
826 795 796
795 826 825
736 704 705
795 765 796
733 765 764
765 733 734
765 795 764
765 766 796
766 765 734
856 855 827
826 855 854
855 826 827
795 794 764
794 795 825
794 825 824
794 763 764
730 762 761
762 792 761
562 597 596
597 632 631
665 632 666
631 632 665
632 597 598
633 632 598
632 633 666
635 669 668
635 634 600
634 635 668
601 635 600
636 635 601
635 636 669
700 667 668
667 634 668
633 667 666
667 633 634
667 699 666
699 667 700
663 696 695
697 696 664
696 663 664
696 697 728
727 696 728
696 727 695
759 760 790
760 759 728
727 759 758
759 727 728
821 820 790
878 850 879
850 851 879
851 850 822
850 821 822
985 961 986
961 962 986
882 909 881
909 908 881
909 882 910
909 935 908
938 939 964
938 963 937
963 938 964
888 887 859
887 858 859
858 887 886
887 914 886
943 942 916
81 61 62
61 41 62
61 40 41
40 61 60
171 150 172
150 171 149
29 30 50
29 28 9
29 10 30
10 29 9
69 49 50
29 49 28
49 29 50
90 70 91
90 109 89
90 69 70
69 90 89
133 113 134
71 70 51
52 71 51
70 71 91
72 71 52
92 71 72
71 92 91
10 11 30
33 13 14
73 94 93
72 73 93
53 73 72
73 53 54
57 76 56
36 57 56
57 37 58
37 57 36
57 77 76
77 57 58
96 76 97
96 97 116
115 96 116
96 115 95
96 75 76
75 96 95
114 94 95
115 114 95
114 113 94
113 114 134
287 309 286
332 309 333
98 78 99
118 98 99
77 98 97
98 77 78
117 98 118
98 117 97
100 119 99
119 118 99
119 100 120
119 139 118
224 225 246
225 224 204
180 202 201
326 349 325
302 326 325
356 332 333
247 268 246
290 247 269
267 268 289
268 267 246
102 122 121
103 102 82
102 81 82
123 122 102
102 101 81
101 102 121
993 969 970
992 1014 1013
993 992 969
992 993 1014
621 620 586
654 621 655
621 586 587
620 621 654
621 622 655
622 621 587
754 755 785
722 754 753
784 754 785
754 784 753
727 726 695
726 694 695
726 758 757
726 727 758
726 725 694
725 726 757
658 691 690
691 658 659
691 722 690
692 691 659
527 562 526
897 869 870
870 869 841
869 840 841
869 868 840
869 896 868
896 869 897
865 894 893
865 866 894
837 866 865
894 866 867
866 838 867
838 866 837
438 466 437
411 438 437
413 387 388
414 413 388
389 414 388
414 389 415
469 470 499
469 499 498
470 469 441
468 469 498
44 45 65
65 45 46
24 45 44
44 65 64
25 45 24
45 25 46
85 104 84
104 124 84
145 104 125
104 105 125
105 104 85
127 126 106
147 126 127
126 105 106
105 126 125
86 85 65
66 86 65
105 86 106
86 105 85
107 128 127
213 234 212
170 191 169
171 170 149
250 228 207
228 250 249
250 271 249
319 296 320
296 319 295
296 273 274
273 296 295
211 191 212
211 212 233
167 189 188
189 209 188
189 167 168
189 210 209
207 208 229
207 228 186
250 207 229
207 187 208
187 207 186
210 231 209
231 253 252
231 230 209
230 231 252
26 6 7
26 25 6
25 26 46
26 47 46
416 442 415
342 341 318
319 342 318
342 319 343
341 342 365
342 366 365
366 342 343
387 363 388
315 314 291
315 291 292
316 315 292
339 315 316
257 278 256
542 543 578
456 429 430
582 583 617
546 582 581
322 321 298
322 345 321
321 344 320
343 344 367
344 343 320
345 344 321
420 419 394
419 420 446
370 394 369
479 451 480
477 476 448
502 503 536
836 864 835
864 863 835
863 864 892
831 801 832
800 831 830
830 831 859
801 831 800
860 831 832
831 860 859
834 833 803
863 834 835
833 834 862
834 863 862
834 804 835
804 834 803
773 772 741
772 773 803
804 773 774
773 804 803
836 806 807
743 775 774
676 709 708
709 676 677
772 740 741
709 740 708
740 709 741
771 740 772
444 417 418
501 500 471
500 501 534
472 501 471
501 472 502
535 501 502
501 535 534
1048 1028 1049
1067 1048 1049
1048 1067 1083
1048 1066 1047
1048 1027 1028
1027 1048 1047
1079 1095 1094
1059 1041 1060
1041 1042 1060
1041 1059 1040
1020 1041 1040
1021 1041 1020
1041 1021 1042
1000 977 978
1001 1000 978
1022 1000 1001
1021 1000 1022
1073 1056 1057
1055 1056 1072
1056 1073 1072
1056 1055 1037
1038 1056 1037
1056 1038 1057
998 975 976
975 998 997
1019 998 1020
998 1019 997
1058 1039 1040
1038 1039 1057
1039 1058 1057
1039 1038 1018
1019 1039 1018
1039 1019 1040
1075 1058 1059
1076 1075 1059
1075 1076 1091
755 786 785
786 816 785
876 848 877
904 876 877
848 876 847
876 904 903
875 876 903
876 875 847
770 769 738
800 769 770
735 766 734
703 735 734
735 703 704
736 735 704
699 731 730
731 700 732
763 731 732
731 699 700
762 731 763
731 762 730
793 794 824
823 793 824
792 793 823
794 793 763
762 793 792
793 762 763
560 561 595
561 596 595
561 525 526
525 561 560
561 562 596
562 561 526
819 848 847
818 819 847
788 819 818
819 820 848
848 849 877
820 849 848
849 878 877
849 820 821
850 849 821
849 850 878
935 960 934
960 959 934
984 960 985
960 984 959
961 960 935
960 961 985
962 936 937
937 936 910
936 961 935
961 936 962
909 936 935
936 909 910
886 885 857
885 886 913
885 856 857
914 941 940
968 942 943
80 79 60
101 80 81
79 80 100
80 101 100
80 61 81
61 80 60
196 195 174
136 115 116
195 173 174
216 196 217
196 216 195
68 69 89
68 88 67
88 68 89
68 49 69
154 133 134
31 52 51
30 31 51
11 31 30
31 11 12
94 74 95
74 75 95
55 74 54
75 74 55
73 74 94
74 73 54
267 288 266
288 287 266
288 267 289
311 288 289
141 140 120
140 141 161
160 140 161
139 140 160
119 140 139
140 119 120
245 267 266
267 245 246
245 224 246
224 245 223
224 203 204
204 203 182
203 224 223
202 203 223
179 158 180
179 180 201
159 139 160
139 159 138
158 159 180
159 158 138
350 326 327
326 350 349
303 326 302
326 303 327
431 406 458
356 355 332
693 692 660
725 693 694
693 661 694
661 693 660
693 724 692
724 693 725
724 723 692
723 754 722
754 723 755
723 724 755
723 691 692
691 723 722
597 563 598
598 563 564
563 528 564
562 563 597
527 563 562
563 527 528
467 496 466
467 468 497
496 467 497
468 467 439
467 438 439
438 467 466
387 412 386
412 411 386
438 412 439
412 438 411
413 412 387
412 413 439
440 468 439
413 440 439
440 414 441
440 413 414
440 469 468
469 440 441
146 147 168
125 146 145
167 146 168
146 167 145
146 126 147
126 146 125
88 87 67
87 107 106
87 66 67
87 88 107
87 86 66
86 87 106
109 108 89
108 88 89
88 108 107
108 128 107
193 171 172
148 147 127
147 148 169
148 128 149
128 148 127
170 148 149
148 170 169
251 230 252
273 251 252
230 251 229
229 251 272
297 321 320
321 297 298
297 275 298
275 297 274
297 296 274
296 297 320
191 190 169
211 190 191
190 168 169
190 211 210
189 190 210
190 189 168
254 232 233
211 232 210
232 254 253
232 211 233
232 231 210
231 232 253
8 27 7
27 8 28
26 27 47
27 26 7
392 391 367
391 366 367
391 392 417
416 391 417
362 387 386
361 362 386
363 362 339
362 363 387
340 339 316
340 316 317
341 340 317
340 363 339
280 303 302
303 280 281
213 235 234
234 235 256
257 235 236
235 257 256
509 479 480
479 509 508
509 542 508
509 543 542
512 513 546
512 545 511
545 512 546
429 428 403
616 617 651
650 616 651
616 582 617
582 616 581
323 300 324
368 392 367
368 345 369
368 344 345
344 368 367
452 481 480
426 452 425
451 452 480
452 451 425
450 451 479
475 476 505
641 607 642
606 607 641
503 537 536
542 541 508
806 835 805
805 804 774
804 805 835
775 805 774
806 805 775
806 836 835
682 683 715
683 650 651
710 709 677
709 710 741
675 707 674
641 675 674
675 641 642
707 675 708
675 676 708
676 675 642
739 771 770
739 707 708
739 770 738
707 739 738
739 740 771
740 739 708
419 445 418
445 419 446
445 444 418
443 472 471
442 443 471
443 416 417
416 443 442
443 444 472
444 443 417
1044 1043 1023
1043 1022 1023
1043 1042 1022
1096 1080 1064
1096 1064 1081
1080 1063 1064
1095 1080 1096
1079 1080 1095
1080 1079 1063
1000 999 977
999 1021 1020
977 999 976
999 1000 1021
998 999 1020
999 998 976
1074 1073 1057
1058 1074 1057
1074 1089 1088
1075 1074 1058
817 818 846
817 846 845
816 817 845
786 817 816
756 724 725
724 756 755
756 725 757
756 786 755
706 737 705
737 706 738
737 736 705
769 737 738
789 788 758
789 759 790
759 789 758
820 789 790
819 789 820
789 819 788
911 937 910
911 938 937
966 990 965
990 966 991
940 966 965
941 966 940
915 887 888
915 888 916
887 915 914
942 915 916
941 915 942
915 941 914
196 197 217
198 197 176
135 114 115
114 135 134
136 135 115
158 137 138
117 137 116
137 117 138
137 136 116
113 112 93
112 92 93
133 112 113
238 216 217
154 153 133
13 32 12
32 53 52
53 32 33
32 13 33
32 31 12
31 32 52
310 334 333
309 310 333
310 309 287
334 310 311
310 288 311
288 310 287
334 335 358
335 334 311
358 359 382
335 359 358
268 290 289
290 268 247
313 290 269
200 179 201
203 181 182
181 202 180
181 160 182
181 203 202
159 181 180
181 159 160
400 426 425
400 399 375
399 400 425
352 328 329
373 398 397
350 373 349
241 240 219
220 241 219
405 431 430
431 405 381
379 403 378
355 379 378
379 355 356
380 379 356
334 357 333
357 356 333
357 334 358
357 380 356
407 435 434
435 408 409
466 465 437
495 465 466
492 493 526
493 527 526
128 129 149
129 150 149
108 129 128
129 108 109
193 214 213
214 235 213
235 214 236
191 192 212
192 213 212
170 192 191
192 170 171
192 193 213
193 192 171
294 273 295
294 272 251
293 272 294
250 272 271
229 272 250
294 251 273
48 68 67
49 48 28
47 48 67
68 48 49
27 48 47
48 27 28
366 390 365
389 390 415
390 389 365
390 416 415
390 391 416
391 390 366
315 338 314
338 337 314
337 338 361
338 315 339
362 338 339
338 362 361
364 341 365
389 364 365
364 389 388
363 364 388
340 364 363
364 340 341
258 257 236
580 545 581
646 647 680
647 646 612
481 510 480
510 481 511
509 510 543
510 509 480
453 426 427
453 452 426
452 453 481
457 456 430
431 457 430
457 485 456
457 431 458
457 486 485
486 457 458
583 547 548
547 582 546
513 547 546
582 547 583
514 547 513
547 514 548
486 515 485
514 515 548
515 514 485
485 484 456
514 484 485
484 514 513
402 377 378
403 402 378
428 402 403
402 428 427
300 299 277
276 299 298
277 299 276
299 322 298
299 323 322
323 299 300
345 346 369
322 346 345
346 370 369
323 346 322
393 419 418
392 393 418
394 393 369
419 393 394
368 393 392
393 368 369
349 348 325
348 324 325
421 422 448
422 396 397
396 422 421
451 424 425
399 424 398
424 399 425
450 424 451
478 479 508
478 450 479
447 421 448
420 447 446
476 447 448
421 447 420
475 447 476
447 475 446
572 607 606
572 571 536
572 606 571
607 572 573
572 537 573
537 572 536
504 475 505
504 537 503
612 577 578
577 542 578
577 541 542
609 574 575
647 681 680
650 682 649
650 683 682
773 742 774
742 773 741
742 743 774
710 742 741
742 711 743
711 742 710
472 473 502
444 473 472
473 503 502
445 473 444
1079 1093 1078
1079 1094 1093
1089 1090 1102
1103 1090 1091
1090 1103 1102
1090 1075 1091
1090 1074 1075
1074 1090 1089
787 788 818
817 787 818
788 787 757
787 817 786
756 787 786
787 756 757
858 829 830
829 858 857
796 797 827
766 797 796
737 768 736
768 737 769
882 883 910
855 883 854
883 882 854
883 911 910
938 912 939
939 912 913
912 885 913
911 912 938
968 941 942
968 967 941
967 966 941
966 967 991
218 198 219
240 218 219
218 197 198
197 218 217
197 175 176
175 196 174
175 154 176
175 197 196
175 153 154
153 175 174
336 359 335
245 244 223
244 245 266
308 309 332
309 308 286
377 354 378
354 355 378
200 221 220
221 200 201
156 135 136
376 400 375
352 376 375
351 350 327
328 351 327
352 351 328
351 352 375
405 404 380
429 404 430
404 429 403
404 405 430
404 379 380
379 404 403
431 381 406
381 358 382
406 381 382
357 405 380
357 381 405
381 357 358
435 436 464
436 410 437
410 436 409
436 435 409
436 465 464
465 436 437
435 463 434
463 492 462
434 463 462
463 435 464
493 463 464
463 493 492
527 494 528
465 494 464
528 494 495
494 465 495
493 494 527
494 493 464
194 173 195
173 194 172
194 193 172
194 214 193
278 279 301
279 302 301
257 279 278
279 280 302
279 258 280
258 279 257
238 237 216
237 258 236
543 579 578
579 580 614
428 454 427
454 453 427
395 421 420
395 420 394
370 395 394
371 395 370
396 395 371
395 396 421
372 396 371
372 373 397
373 372 349
396 372 397
348 372 371
372 348 349
347 371 370
346 347 370
347 323 324
347 346 323
348 347 324
347 348 371
423 422 397
398 423 397
423 424 450
424 423 398
537 538 573
538 574 573
504 538 537
538 504 505
476 506 505
506 476 477
644 610 645
609 610 644
610 609 575
608 607 573
574 608 573
607 608 642
609 608 574
743 744 775
714 682 715
746 714 715
714 681 682
648 681 647
681 648 649
649 648 614
681 649 682
615 580 581
616 615 581
615 616 650
580 615 614
649 615 650
615 649 614
644 678 677
678 644 645
678 710 677
678 711 710
475 474 446
474 445 446
474 504 503
504 474 475
474 473 445
473 474 503
1077 1093 1092
1077 1076 1060
1076 1077 1092
1077 1078 1093
1079 1062 1063
1062 1043 1044
1063 1062 1044
1078 1062 1079
829 828 798
856 828 857
828 856 827
828 829 857
828 797 798
797 828 827
829 799 830
799 800 830
799 769 800
799 829 798
768 799 798
799 768 769
797 767 798
735 767 766
767 735 736
767 797 766
768 767 736
767 768 798
884 883 855
884 855 856
885 884 856
883 884 911
884 912 911
912 884 885
218 239 217
239 238 217
239 218 240
239 260 238
129 130 150
130 129 109
92 111 91
112 111 92
173 152 174
152 153 174
312 335 311
312 311 289
290 312 289
312 290 313
312 336 335
336 312 313
264 265 286
265 287 286
287 265 266
265 264 243
265 244 266
244 265 243
285 264 286
264 285 263
308 285 286
285 308 307
244 222 223
202 222 201
222 202 223
222 244 243
221 222 243
222 221 201
264 242 243
241 242 263
242 241 220
242 264 263
221 242 220
242 221 243
198 199 219
199 220 219
199 200 220
154 155 176
135 155 134
155 154 134
156 155 135
157 137 158
179 157 158
137 157 136
157 156 136
400 401 426
426 401 427
401 402 427
402 401 377
376 401 400
401 376 377
374 399 398
399 374 375
373 374 398
374 373 350
351 374 350
374 351 375
214 215 236
215 194 195
216 215 195
194 215 214
237 215 216
215 237 236
259 260 281
280 259 281
258 259 280
260 259 238
237 259 258
259 237 238
580 544 545
545 544 511
544 510 511
510 544 543
579 544 580
544 579 543
482 512 511
481 482 511
453 482 481
454 482 453
455 428 429
455 429 456
484 455 456
455 454 428
422 449 448
449 478 477
449 477 448
478 449 450
423 449 422
449 423 450
539 538 505
574 539 575
539 540 575
538 539 574
539 506 540
506 539 505
507 478 508
541 507 508
478 507 477
540 507 541
507 506 477
506 507 540
646 611 612
611 646 645
611 577 612
610 611 645
643 676 642
676 643 677
643 644 677
643 609 644
643 608 609
608 643 642
776 806 775
806 776 807
776 777 807
744 776 775
711 712 743
712 744 743
613 647 612
613 612 578
579 613 578
613 579 614
613 648 647
648 613 614
1061 1077 1060
1042 1061 1060
1043 1061 1042
1077 1061 1078
1061 1062 1078
1062 1061 1043
304 328 327
303 304 327
304 303 281
262 241 263
241 262 240
130 110 131
110 90 91
90 110 109
110 130 109
110 111 131
111 110 91
111 132 131
132 112 133
153 132 133
132 111 112
132 152 131
152 132 153
151 173 172
130 151 150
150 151 172
151 130 131
151 152 173
152 151 131
331 308 332
355 331 332
308 331 307
354 331 355
330 331 354
331 330 307
376 353 377
353 352 329
353 354 377
353 376 352
330 353 329
353 330 354
306 330 329
330 306 307
177 199 198
177 198 176
177 155 156
155 177 176
482 483 512
512 483 513
483 484 513
483 482 454
455 483 454
483 455 484
576 540 541
540 576 575
577 576 541
576 610 575
576 611 610
611 576 577
745 714 746
745 746 777
745 776 744
776 745 777
646 679 645
679 678 645
679 646 680
678 679 711
679 712 711
712 679 680
260 282 281
282 304 281
285 284 263
262 284 283
284 285 307
284 262 263
284 306 283
306 284 307
199 178 200
178 157 179
200 178 179
157 178 156
177 178 199
178 177 156
714 713 681
713 712 680
681 713 680
712 713 744
745 713 714
713 745 744
262 261 240
261 239 240
239 261 260
261 262 283
282 261 283
261 282 260
304 305 328
306 305 283
328 305 329
305 306 329
282 305 304
305 282 283
