TITLE = "Written by meshio v4.3.8"
VARIABLES = "X", "Y"
ZONE NODES = 743, ELEMENTS = 1376,
DATAPACKING = BLOCK, ZONETYPE = FETRIANGLE
0.01 0.02 0.02 0.01 0.010336450956240802 0.010675133794712582 0.011033409106276985 0.011407243934728088 0.011792092046842116 0.012184175087808616 0.012580967566777939 0.012980852911381964 0.013382792000687316 0.01378609676432668 0.01419028995081236 0.014595018816049639 0.015000000000000032 0.015404981183950426 0.015809710049187714 0.0162139032356734
0.016617207999312763 0.017019147088618115 0.017419032433222136 0.017815824912191455 0.018207907953157947 0.018592756065271963 0.018966590893723052 0.01932486620528744 0.019663549043759207 0.010367035344923345 0.010759823349623348 0.011161568325331892 0.01156429774094954 0.011966863547731008 0.01236961179780317 0.012772876337181008 0.01317677451167503 0.013581273382944722 0.013986265889046202 0.014391616362941843
0.014797181646674387 0.015202818353326056 0.015608383637058623 0.01601373411095429 0.016418726617055786 0.01682322548832551 0.017227123662819546 0.017630388202197384 0.01803313645226953 0.018435702259050953 0.018838431674668518 0.019240176650376858 0.01963296465507657 0.020000000000000004 0.01 0.010473330308934313 0.010912596244844862 0.011333088595325835 0.011745494958813758 0.012154312100871433
0.012561525057433324 0.012968069248812017 0.01337439407522345 0.013780704387813116 0.014187076214871922 0.01459351716841979 0.015000000000000388 0.015406482831581001 0.015812923785128878 0.016219295612187698 0.016625605924777385 0.01703193075118885 0.01743847494256754 0.017845687899129423 0.01825450504118708 0.01866691140467496 0.019087403755155885 0.019526669691066312 0.02 0.010325563923926273
0.010711207471997754 0.011118395022673564 0.011529343208736356 0.011939892422018768 0.012349415324213128 0.012758079563962195 0.013166165284392338 0.013573902445102709 0.013981447507859278 0.014388896163279001 0.014796302576406538 0.015203697423594467 0.015611103836722014 0.016018552492141753 0.016426097554898326 0.016833834715608693 0.017241920436038838 0.0176505846757879 0.018060107577982223 0.01847065679126454
0.018881604977327174 0.01928879252800267 0.019674436076073627 0.019999999999999997 0.01 0.010455196188255904 0.010888428404775522 0.011309172580121003 0.011724303908288219 0.012136631114557987 0.012547363408290803 0.012957109460569324 0.013366225625940656 0.013774940942758076 0.014183409156274503 0.014591736400528554 0.015000000000000572 0.015408263599472604 0.01581659084372667 0.016225059057243106
0.01663377437406052 0.01704289053943184 0.017452636591710338 0.017863368885443112 0.018275696091712815 0.01869082741987991 0.019111571595225238 0.01954480381174463 0.02 0.010324004933402924 0.010701759274849938 0.01110437043957961 0.011514379181550339 0.011925908295465776 0.012337236865524348 0.012747978747161473 0.01315814932563085 0.01356786648250819 0.013977257602935665 0.014386434473381334
0.01479549104657693 0.015204508953424335 0.015613565526619924 0.016022742397065592 0.016432133517493053 0.0168418506743704 0.017252021252839738 0.01766276313447681 0.018074091704535302 0.018485620818450607 0.01889562956042112 0.01929824072515043 0.01967599506659698 0.02 0.01 0.010451665635145062 0.010881285715173323 0.01129987224638877 0.011714381253347372 0.012127126952107268
0.012538872659558324 0.012949930553680947 0.013360481033818209 0.013770658876153419 0.014180575774087137 0.01459032773062796 0.01500000000000065 0.01540967226937335 0.015819424225914158 0.016229341123847878 0.01663951896618307 0.01705006944632032 0.017461127340442896 0.017872873047893874 0.018285618746653676 0.018700127753612152 0.01911871428482744 0.01954833436485549 0.02 0.010323256056041424
0.01069953812267913 0.011100014252133724 0.011508465836683 0.011919352913692172 0.012330771335150951 0.01274208577458522 0.01315311932607728 0.013563861896220794 0.01397436218532267 0.01438468712798787 0.014794907290735838 0.01520509270926546 0.015615312872013414 0.0160256378146786 0.016436138103780452 0.01684688067392395 0.017257914225415973 0.017669228664850177 0.018080647086308875 0.01849153416331791
0.018899985747866974 0.019300461877321238 0.0196767439439585 0.02 0.01 0.010451107436279066 0.010879644089617417 0.011296946653013349 0.01171047293702463 0.01212274036274523 0.01253447739392523 0.012945884700158687 0.013357031818226364 0.013767966086476168 0.014178736569577736 0.0145893961883396 0.01500000000000062 0.015410603811661627 0.015821263430423463 0.016232033913525012
0.0166429681817748 0.01705411529984245 0.017465522606075846 0.017877259637255796 0.018289527062976308 0.018703053346987474 0.01912035591038328 0.019548892563721446 0.02 0.01032290608570936 0.010699075416997085 0.011098960365957063 0.011506595402153184 0.01191680519755399 0.01232785808762683 0.012739131183593724 0.013150393360199101 0.013561566036939662 0.013972635766429427 0.014383618950961867
0.014794546077874428 0.015205453922126678 0.015616381049039223 0.016027364233571668 0.01643843396306141 0.01684960663980194 0.017260868816407274 0.01767214191237412 0.01808319480244688 0.01849340459784757 0.018901039634043527 0.01930092458300325 0.019677093914290577 0.02 0.01 0.010451262177200509 0.01087951075740807 0.011296314012293276 0.011709272846415689 0.012121077108388363
0.012532556003643999 0.012943930049856766 0.013355242719648148 0.013766498155221586 0.014177700400500681 0.014588861410915198 0.015000000000000454 0.015411138589085714 0.015822299599500253 0.01623350184477935 0.016644757280352772 0.017056069950144116 0.017467443996356836 0.017878922891612418 0.018290727153585037 0.018703685987707372 0.019120489242592475 0.019548737822799908 0.02 0.010322732478178371
0.010699088388653327 0.011098878074020324 0.011506205637768158 0.011916040299814681 0.012326783023181022 0.012737884884333707 0.013149133577641612 0.01356043600348519 0.01397174918911839 0.014383055814072052 0.014794353241266253 0.015205646758734481 0.015616944185928692 0.01602825081088234 0.016439563996515517 0.016850866422359074 0.017262115115666967 0.017673216976819617 0.018083959700185906 0.018493794362232363
0.01890112192598008 0.019300911611346887 0.019677267521821584 0.02 0.01 0.010451508261298247 0.010879704842320983 0.011296334081457051 0.011709045925798443 0.01212059382049892 0.01253187375683807 0.012943146828256142 0.013354466759488879 0.013765827041424442 0.014177210418335426 0.014588603705302483 0.015000000000000274 0.015411396294698043 0.01582278958166508 0.01623417295857604
0.016645533240511587 0.017056853171744307 0.017468126243162352 0.017879406179501494 0.018290954074201945 0.01870366591854329 0.0191202951576793 0.01954849173870198 0.02 0.010322657294542436 0.010699165285892905 0.011098973479232848 0.011506207597733348 0.011915892598686115 0.012326484102166262 0.012737475859944107 0.013148678080266 0.013560001479863183 0.013971394558453127 0.014382825156445072
0.014794273370197675 0.015205726629802633 0.015617174843555218 0.016028605441547123 0.016439998520137063 0.016851321919734253 0.017262524140056135 0.01767351589783395 0.018084107401314085 0.018493792402266826 0.018901026520767295 0.019300834714107182 0.019677342705457557 0.02 0.01 0.010451611625332369 0.010879806529202252 0.011296394820520056 0.011709039324346996 0.012120509569564604
0.012531721122615934 0.012942950823723822 0.013354259683667132 0.013765640666621764 0.014177070970363366 0.014588529373687138 0.015000000000000036 0.01541147062631293 0.015822929029636695 0.016234359333378277 0.0166457403163329 0.0170570491762762 0.01746827887738407 0.017879490430435397 0.018290960675653008 0.018703605179479957 0.019120193470797762 0.019548388374667644 0.019999999999999997 0.010322657294542447
0.010699165285892844 0.011098973479232738 0.011506207597733211 0.011915892598685958 0.012326484102166094 0.012737475859943918 0.013148678080265786 0.013560001479862964 0.013971394558452902 0.014382825156444831 0.014794273370197434 0.015205726629802387 0.015617174843554993 0.016028605441546915 0.016439998520136844 0.016851321919734 0.01726252414005588 0.01767351589783371 0.018084107401313852 0.018493792402266628
0.018901026520767136 0.01930083471410709 0.01967734270545757 0.02 0.009999999999999998 0.010451508261298068 0.01087970484232075 0.01129633408145676 0.01170904592579811 0.01212059382049856 0.012531873756837694 0.012943146828255748 0.013354466759488455 0.013765827041423997 0.014177210418334958 0.014588603705301998 0.014999999999999772 0.01541139629469755 0.015822789581664595 0.01623417295857556
0.016645533240511094 0.017056853171743803 0.017468126243161856 0.017879406179501012 0.0182909540742015 0.01870366591854289 0.019120295157678942 0.019548491738701695 0.02 0.010322732478178403 0.010699088388653142 0.011098878074019972 0.011506205637767702 0.01191604029981416 0.012326783023180465 0.012737884884333127 0.013149133577640994 0.01356043600348454 0.013971749189117715 0.014383055814071361
0.014794353241265558 0.01520564675873379 0.015616944185927987 0.016028250810881616 0.016439563996514785 0.01685086642235834 0.017262115115666207 0.017673216976818874 0.018083959700185205 0.018493794362231745 0.0189011219259796 0.019300911611346616 0.01967726752182163 0.02 0.01 0.010451262177200164 0.010879510757407609 0.011296314012292717 0.011709272846415047 0.012121077108387652
0.01253255600364324 0.012943930049855968 0.013355242719647303 0.013766498155220713 0.014177700400499808 0.014588861410914334 0.014999999999999588 0.015411138589084829 0.015822299599499344 0.016233501844778418 0.016644757280351818 0.017056069950143166 0.017467443996355893 0.017878922891611516 0.018290727153584176 0.0187036859877066 0.019120489242591823 0.01954873782279941 0.02 0.010322906085709398
0.010699075416996794 0.01109896036595654 0.011506595402152507 0.011916805197553188 0.01232785808762595 0.012739131183592784 0.01315039336019812 0.013561566036938649 0.013972635766428388 0.01438361895096083 0.014794546077873384 0.015205453922125628 0.01561638104903816 0.01602736423357059 0.016438433963060307 0.016849606639800816 0.017260868816406167 0.017672141912373044 0.018083194802445874 0.01849340459784668
0.018901039634042823 0.019300924583002855 0.01967709391429066 0.02 0.009999999999999998 0.01045110743627863 0.010879644089616825 0.011296946653012624 0.011710472937023786 0.01212274036274428 0.012534477393924208 0.012945884700157614 0.013357031818225253 0.013767966086475033 0.014178736569576576 0.014589396188338419 0.014999999999999434 0.015410603811660435 0.015821263430422273 0.0162320339135238
0.016642968181773563 0.017054115299841202 0.01746552260607464 0.017877259637254613 0.018289527062975194 0.01870305334698649 0.01912035591038244 0.019548892563720808 0.02 0.010323256056041473 0.010699538122678803 0.011100014252133103 0.011508465836682183 0.01191935291369122 0.012330771335149895 0.012742085774584093 0.013153119326076108 0.013563861896219597 0.013974362185321445 0.014384687127986618
0.014794907290734568 0.015205092709264184 0.015615312872012123 0.016025637814677314 0.01643613810377916 0.016846880673922638 0.017257914225414644 0.01766922866484888 0.018080647086307643 0.01849153416331683 0.018899985747866138 0.019300461877320794 0.019676743943958602 0.02 0.01 0.010451665635144589 0.010881285715172663 0.011299872246387965 0.011714381253346432 0.012127126952106222
0.012538872659557193 0.012949930553679764 0.013360481033817003 0.013770658876152187 0.014180575774085881 0.014590327730626677 0.014999999999999365 0.015409672269372034 0.01581942422591282 0.016229341123846528 0.01663951896618172 0.017050069446318948 0.017461127340441522 0.017872873047892552 0.01828561874665243 0.01870012775361104 0.01911871428482652 0.019548334364854824 0.02 0.010324004933402959
0.010701759274849582 0.011104370439578968 0.011514379181549501 0.011925908295464797 0.012337236865523278 0.01274797874716034 0.013158149325629686 0.013567866482507011 0.01397725760293446 0.014386434473380104 0.014795491046575692 0.015204508953423084 0.015613565526618656 0.016022742397064294 0.016432133517491728 0.016841850674369042 0.01725202125283839 0.017662763134475488 0.018074091704534043 0.018485620818449462
0.018895629560420225 0.01929824072514998 0.019675995066597105 0.019999999999999997 0.01 0.010455196188255462 0.010888428404774868 0.0113091725801202 0.011724303908287314 0.01213663111455701 0.012547363408289769 0.012957109460568246 0.01336622562593956 0.013774940942756969 0.014183409156273386 0.01459173640052743 0.01499999999999945 0.01540826359947146 0.01581659084372549 0.016225059057241885
0.01663377437405927 0.01704289053943057 0.017452636591709064 0.01786336888544186 0.018275696091711608 0.018690827419878816 0.0191115715952243 0.019544803811743977 0.02 0.010325563923926332 0.010711207471997395 0.011118395022672941 0.011529343208735585 0.011939892422017904 0.01234941532421222 0.012758079563961265 0.013166165284391393 0.013573902445101755 0.013981447507858324 0.014388896163278037
0.01479630257640557 0.015203697423593492 0.015611103836721024 0.016018552492140715 0.01642609755489725 0.0168338347156076 0.017241920436037717 0.01765058467578677 0.01806010757798112 0.01847065679126351 0.018881604977326317 0.019288792528002172 0.01967443607607374 0.019999999999999997 0.01 0.010473330308933815 0.010912596244844251 0.011333088595325183 0.011745494958813071 0.012154312100870724
0.012561525057432599 0.01296806924881129 0.013374394075222723 0.013780704387812395 0.014187076214871206 0.014593517168419074 0.01499999999999967 0.015406482831580252 0.015812923785128108 0.016219295612186893 0.01662560592477655 0.01703193075118798 0.017438474942566645 0.017845687899128514 0.018254505041186166 0.01866691140467405 0.019087403755155018 0.019526669691065562 0.02 0.010367035344923402
0.010759823349623167 0.011161568325331548 0.011564297740949142 0.01196686354773059 0.012369611797802745 0.012772876337180581 0.013176774511674611 0.013581273382944327 0.01398626588904582 0.014391616362941468 0.014797181646674007 0.015202818353325667 0.015608383637058201 0.01601373411095385 0.01641872661705532 0.016823225488325023 0.01722712366281904 0.01763038820219684 0.018033136452268984 0.018435702259050443
0.01883843167466809 0.019240176650376643 0.01963296465507669 0.02 0.010336450956240794 0.010675133794712568 0.01103340910627696 0.01140724393472806 0.011792092046842081 0.012184175087808582 0.0125809675667779 0.01298085291138193 0.013382792000687293 0.013786096764326666 0.014190289950812356 0.014595018816049648 0.015000000000000048 0.015404981183950449 0.015809710049187742 0.01621390323567343
0.016617207999312798 0.017019147088618153 0.01741903243322217 0.017815824912191483 0.01820790795315797 0.018592756065271984 0.01896659089372307 0.019324866205287453 0.019663549043759217 0.01 0.01 0.01 0.01 0.01 0.01 0.01 0.009999999999999998 0.009999999999999998 0.01 0.009999999999999998
0.01 0.01 0.01
0.0 0.0 0.01 0.01 0.0 0.0 0.0 0.0 0.0 0.0 0.0 0.0 0.0 0.0 0.0 0.0 0.0 0.0 0.0 0.0
0.0 0.0 0.0 0.0 0.0 0.0 0.0 0.0 0.0 0.00037722923889814777 0.0003739894017152533 0.00037012007027868005 0.0003670703136897413 0.00036484616991796067 0.00036324883939661183 0.00036209707076471204 0.00036126650185624944 0.0003606756976384814 0.0003602712117871693 0.0003600185570118998
0.00035989707155873775 0.00035989707155874843 0.00036001855701192447 0.00036027121178721597 0.0003606756976385524 0.00036126650185635276 0.00036209707076484697 0.00036324883939678953 0.0003648461699181884 0.00036707031369002767 0.0003701200702790331 0.0003739894017156707 0.0003772292388984599 0.000349110820207276 0.0007007662536911585 0.000723615894843754 0.000726560580731818 0.0007263976561494195 0.0007252466959360182 0.0007239127538787618
0.0007226644516371251 0.0007215962280206797 0.0007207361267512213 0.0007200842823272989 0.0007196306038090536 0.0007193637981634374 0.0007192758165281921 0.0007193637981634697 0.0007196306038091238 0.0007200842823274109 0.0007207361267513845 0.0007215962280209119 0.0007226644516374394 0.0007239127538791739 0.0007252466959365463 0.0007263976561500939 0.0007265605807326702 0.0007236158948447813 0.0007007662536911572 0.0010695759686091227
0.0010765508813602278 0.0010803800441865049 0.0010817292872226263 0.001081787885515563 0.001081268506573185 0.0010805405219855768 0.0010797982993058855 0.0010791438122955675 0.001078628556201407 0.0010782768665211907 0.001078099183708274 0.001078099183708297 0.0010782768665212686 0.0010786285562015433 0.0010791438122957728 0.0010797982993061776 0.0010805405219859853 0.0010812685065737298 0.0010817878855162802 0.0010817292872235481
0.001080380044187688 0.0010765508813617175 0.0010695759686109396 0.0010581599997277675 0.0014172109435956048 0.0014278099762094249 0.0014322645868590875 0.001435687202995452 0.0014374260375276113 0.0014380452844529612 0.0014380402926781664 0.0014377289015332642 0.0014373073529574028 0.0014368949097026355 0.0014365622442474222 0.0014363493347029647 0.0014362763278647926 0.001436349334703028 0.0014365622442475598 0.001436894909702864
0.0014373073529577393 0.0014377289015337319 0.001438040292678803 0.0014380452844538103 0.0014374260375287292 0.0014356872029968992 0.0014322645868609584 0.0014278099762118793 0.0014172109435956063 0.0017844332094810145 0.001786236227128687 0.0017892140537361133 0.0017918284319197522 0.0017934703695545063 0.0017942998824433815 0.0017945912089259888 0.0017945713881596793 0.0017944038584429595 0.0017941992848075157 0.0017940286797306125
0.0017939337692009813 0.001793933769201022 0.001794028679730734 0.0017941992848077449 0.001794403858443311 0.0017945713881601841 0.0017945912089266814 0.0017942998824443139 0.0017934703695557444 0.0017918284319213735 0.0017892140537381967 0.0017862362271313511 0.0017844332094841672 0.001775326212605715 0.002133589128905942 0.002143128913089728 0.002143985307482443 0.0021461852161937154 0.0021482600088232324 0.0021497278199954597
0.0021506081174869143 0.002151051668777337 0.0021512139217474 0.0021512213061442823 0.0021511662069006437 0.0021511100445991424 0.002151087583456633 0.0021511100445992413 0.0021511662069008536 0.0021512213061446288 0.002151213921747909 0.002151051668778053 0.0021506081174878875 0.002149727819996767 0.0021482600088249485 0.002146185216195947 0.002143985307485325 0.002143128913093477 0.002133589128905949 0.002501040553209503
0.0025007597459003176 0.002501595370999188 0.002503240837358241 0.0025048684694602454 0.0025061237721466295 0.0025069618494376637 0.0025074575889357477 0.0025077131692056143 0.0025078216397841535 0.00250785461121732 0.002507859423772063 0.0025078594237721175 0.0025078546112175 0.0025078216397844745 0.0025077131692061083 0.002507457588936453 0.002506961849438639 0.0025061237721479483 0.002504868469461986 0.0025032408373605103
0.002501595371002107 0.002500759745904025 0.002501040553213937 0.0024917272585256132 0.0028502045671784516 0.0028588394587315967 0.0028581757401608043 0.002858916778423225 0.0028602196005834703 0.0028615236695268415 0.002862576203775375 0.0028633237133064856 0.002863804362985114 0.0028640856708894904 0.0028642340938099514 0.002864301610555049 0.002864320491787327 0.0028643016105551838 0.0028642340938102415 0.002864085670889947
0.002863804362985786 0.0028633237133074297 0.0028625762037766604 0.002861523669528554 0.002860219600585716 0.0028589167784261365 0.0028581757401645587 0.0028588394587364886 0.0028502045671784573 0.0032164469207369285 0.003215547709976515 0.003215415994194101 0.0032161061834220166 0.003217142842696755 0.003218175195525528 0.0032190279888855886 0.003219654455023527 0.0032200746492656754 0.003220333366054862 0.003220476441274817
0.003220538752421621 0.003220538752421697 0.0032204764412750537 0.003220333366055271 0.0032200746492662925 0.003219654455024413 0.003219027988886809 0.003218175195527162 0.003217142842698915 0.003216106183424819 0.003215415994197695 0.003215547709981097 0.0032164469207424133 0.003208340311489469 0.003566847271597102 0.0035734516910866923 0.003572474167398418 0.0035725381105262215 0.003573153619288129 0.0035739740401014705
0.0035747706866374822 0.00357542948724908 0.0035759186594041805 0.0035762511974538223 0.003576457172308319 0.00357656671567874 0.0035766007650420623 0.003576566715678907 0.0035764571723086542 0.0035762511974543705 0.0035759186594049885 0.0035754294872502174 0.0035747706866390127 0.0035739740401034997 0.003573153619290783 0.003572538110529656 0.003572474167402849 0.0035734516910924845 0.0035668472715970974 0.003930495817331683
0.003929711835780964 0.00392936745525595 0.003929574684482712 0.003930087308009741 0.003930700049676728 0.003931275126404829 0.0039317445983858895 0.00393209099752698 0.003932324322644349 0.003932464295468888 0.0039325290780328264 0.003932529078032905 0.003932464295469142 0.003932324322644803 0.0039320909975276925 0.003931744598386914 0.003931275126406227 0.003930700049678598 0.003930087308012193 0.003929574684485891
0.003929367455260037 0.0039297118357861744 0.003930495817337929 0.003925009804867057 0.004283443647814429 0.00428701886059436 0.004286382685061224 0.004286291102737617 0.0042865138219915925 0.0042868872650201695 0.0042872932105337425 0.004287658204774115 0.004287948687834837 0.004288158490130418 0.004288295488039253 0.004288371445389619 0.004288395622763102 0.004288371445389785 0.0042882954880396175 0.004288158490131022
0.004287948687835727 0.00428765820477536 0.004287293210535423 0.004286887265022397 0.004286513821994498 0.004286291102741388 0.004286382685066092 0.004287018860600709 0.004283443647814409 0.004643607775474245 0.00464330866355672 0.004643151846024457 0.004643186518697057 0.004643336060253495 0.004643533941372953 0.004643731753518886 0.0046439013703503855 0.004644031736712777 0.004644122640128252 0.004644178724143061
0.00464420517950981 0.0046442051795098985 0.004644178724143336 0.004644122640128746 0.004644031736713534 0.0046439013703514645 0.00464373175352037 0.004643533941374932 0.0046433360602560975 0.004643186518700437 0.004643151846028799 0.004643308663562251 0.0046436077754808645 0.004641672801714671 0.005000000000000009 0.00499999999999746 0.004999999999998034 0.0049999999999984605 0.004999999999998788 0.004999999999999058
0.0049999999999992715 0.004999999999999451 0.004999999999999599 0.004999999999999723 0.004999999999999835 0.004999999999999934 0.0050000000000000235 0.0050000000000001215 0.005000000000000223 0.005000000000000345 0.005000000000000511 0.005000000000000732 0.005000000000001006 0.005000000000001349 0.00500000000000179 0.005000000000002337 0.005000000000003046 0.005000000000003996 0.004999999999999975 0.0053563922245206215
0.005356691336438959 0.0053568481539721146 0.005356813481300238 0.005356663939744386 0.005356466058625402 0.005356268246479861 0.0053560986296486805 0.005355968263286558 0.005355877359871313 0.005355821275856717 0.005355794820490152 0.005355794820490242 0.005355821275856998 0.005355877359871812 0.005355968263287312 0.005356098629649759 0.005356268246481341 0.005356466058627382 0.005356663939746991 0.0053568134813036135
0.005356848153976453 0.00535669133644449 0.0053563922245272455 0.005358327198285273 0.005716556352185582 0.005712981139400709 0.005713617314934956 0.005713708897259387 0.005713486178006059 0.005713112734977995 0.005712706789464852 0.005712341795224825 0.005712051312164393 0.005711841509869055 0.0057117045119604365 0.0057116285546102595 0.005711604377236952 0.005711628554610434 0.005711704511960803 0.00571184150986966
0.005712051312165281 0.005712341795226064 0.00571270678946653 0.005713112734980222 0.005713486178008971 0.005713708897263157 0.005713617314939815 0.005712981139407053 0.0057165563521855344 0.00606950418266348 0.006070288164214973 0.006070632544740832 0.006070425315514743 0.006069912691988259 0.006069299950321721 0.006068724873593996 0.00606825540161324 0.006067909002472406 0.00606767567735526 0.006067535704530912
0.006067470921967148 0.006067470921967229 0.00606753570453117 0.006067675677355724 0.0060679090024731135 0.006068255401614254 0.006068724873595388 0.0060692999503235865 0.006069912691990709 0.006070425315517925 0.006070632544744912 0.006070288164220166 0.006069504182669709 0.006074990195132877 0.006433152728402902 0.006426548308908822 0.0064275258325981206 0.0064274618894710625 0.006426846380709734 0.006426025959896863
0.006425229313361233 0.0064245705127499685 0.0064240813405951344 0.006423748802545706 0.006423542827691402 0.0064234332843211535 0.006423399234957991 0.0064234332843213105 0.006423542827691751 0.006423748802546264 0.006424081340595936 0.006424570512751098 0.006425229313362774 0.00642602595989889 0.006426846380712382 0.006427461889474484 0.006427525832602533 0.006426548308914587 0.0064331527284028365 0.00678355307925884
0.006784452290019933 0.00678458400580308 0.006783893816575763 0.006782857157301498 0.006781824804473114 0.006780972011113385 0.006780345544975726 0.006779925350733801 0.0067796666339447935 0.006779523558725001 0.006779461247578358 0.006779461247578431 0.006779523558725244 0.006779666633945217 0.006779925350734431 0.006780345544976617 0.006780972011114619 0.00678182480447476 0.006782857157303651 0.006783893816578547
0.006784584005806654 0.006784452290024481 0.006783553079264292 0.0067916596885104555 0.007149795432821544 0.007141160541264633 0.0071418242598362824 0.007141083221574494 0.007139780399414748 0.007138476330471759 0.007137423796223553 0.007136676286692724 0.007136195637014322 0.007135914329110131 0.007135765906189811 0.0071356983894448585 0.007135679508212728 0.007135698389445008 0.007135765906190118 0.007135914329110611
0.0071361956370150186 0.0071366762866936825 0.007137423796224854 0.007138476330473484 0.007139780399416971 0.007141083221577371 0.00714182425984 0.007141160541269484 0.007149795432821468 0.007498959446787111 0.007499240254096825 0.0074984046289985505 0.007496759162639978 0.007495131530538367 0.007493876227852293 0.007493038150561526 0.007492542411063667 0.007492286830793976 0.007492178360215581 0.007492145388782539
0.007492140576227924 0.007492140576227993 0.007492145388782734 0.0074921783602159365 0.007492286830794508 0.0074925424110644035 0.007493038150562518 0.007493876227853626 0.0074951315305400975 0.007496759162642211 0.007498404629001421 0.007499240254100491 0.007498959446791467 0.007508272741474305 0.00786641087109405 0.007856871086907408 0.007856014692515342 0.007853814783804557 0.00785173999117542 0.007850272180003498
0.007849391882512293 0.007848948331222075 0.00784878607825218 0.007848778693855437 0.007848833793099187 0.007848889955400796 0.007848912416543417 0.007848889955400914 0.00784883379309942 0.007848778693855816 0.007848786078252736 0.007848948331222828 0.007849391882513287 0.007850272180004805 0.007851739991177106 0.00785381478380673 0.00785601469251817 0.007856871086911093 0.007866410871093977 0.008215566790516597
0.008213763772869274 0.008210785946262284 0.008208171568078994 0.00820652963044453 0.008205700117555871 0.008205408791073445 0.008205428611839904 0.008205596141556757 0.008205800715192302 0.008205971320269298 0.00820606623079902 0.008206066230799072 0.008205971320269453 0.008205800715192557 0.008205596141557147 0.00820542861184046 0.008205408791074174 0.008205700117556818 0.008206529630445752 0.008208171568080565
0.00821078594626431 0.008213763772871877 0.008215566790519678 0.008224673787394204 0.008582789056404387 0.008572190023788721 0.008567735413139488 0.008564312797003436 0.00856257396247154 0.008561954715546381 0.008561959707321324 0.008562271098466353 0.008562692647042323 0.008563105090297188 0.008563437755752482 0.008563650665297004 0.00856372367213525 0.00856365066529709 0.008563437755752646 0.008563105090297451
0.008562692647042713 0.00856227109846687 0.008561959707321985 0.008561954715547227 0.008562573962472621 0.008564312797004836 0.008567735413141288 0.008572190023791098 0.00858278905640433 0.008930424031389507 0.008923449118638647 0.008919619955812608 0.008918270712776679 0.008918212114483896 0.008918731493426393 0.0089194594780141 0.008920201700693874 0.008920856187704268 0.008921371443798495 0.008921723133478766
0.008921900816291734 0.008921900816291762 0.00892172313347887 0.00892137144379866 0.008920856187704523 0.008920201700694224 0.008919459478014534 0.008918731493426944 0.008918212114484597 0.008918270712777563 0.008919619955813732 0.00892344911864007 0.00893042403139125 0.008941840000272176 0.009299233746308836 0.009276384105155473 0.00927343941926755 0.009273602343850083 0.009274753304063597 0.009276087246120937
0.009277335548362632 0.00927840377197914 0.009279263873248652 0.009279915717672614 0.009280369396190903 0.009280636201836558 0.009280724183471839 0.0092806362018366 0.009280369396191004 0.009279915717672768 0.009279263873248855 0.009278403771979405 0.009277335548362952 0.00927608724612134 0.009274753304064104 0.00927360234385072 0.00927343941926835 0.009276384105156452 0.009299233746308805 0.00962277076110162
0.00962601059828444 0.009629879929721058 0.00963292968631005 0.009635153830081882 0.009636751160603262 0.009637902929235187 0.009638733498143676 0.009639324302361462 0.009639728788212804 0.009639981442988093 0.009640102928441271 0.009640102928441288 0.009639981442988124 0.00963972878821287 0.00963932430236156 0.009638733498143795 0.009637902929235331 0.009636751160603434 0.009635153830082094 0.009632929686310328
0.009629879929721395 0.009626010598284827 0.009622770761101908 0.009650889179792703 0.01 0.01 0.01 0.01 0.01 0.01 0.01 0.01 0.01 0.01 0.01 0.01 0.01 0.01 0.01 0.01
0.01 0.010000000000000002 0.01 0.01 0.01 0.01 0.01 0.01 0.01 0.00034911082020727793 0.0010581599997277803 0.0017753262126057234 0.002491727258525626 0.003208340311489486 0.00392500980486708 0.004641672801714707 0.005358327198285313 0.006074990195132932 0.006791659688510519 0.007508272741474373
0.008224673787394273 0.008941840000272221 0.00965088917979272
1 5 730
380 356 381
406 380 381
405 380 406
380 405 737
257 282 281
256 257 281
711 710 685
253 254 279
19 20 44
27 28 52
43 19 44
287 312 286
5 30 730
30 5 6
553 529 554
716 691 717
686 711 685
320 294 295
719 718 693
691 692 717
718 692 693
692 718 717
380 355 356
355 380 737
741 555 580
282 307 281
356 357 381
334 309 310
280 305 735
280 256 281
706 705 680
684 710 709
710 684 685
684 660 685
684 659 660
707 682 708
326 350 325
350 326 351
203 202 178
278 253 279
229 203 204
253 229 254
20 45 44
21 45 20
45 21 46
54 29 2
120 121 145
69 43 44
265 289 264
214 238 213
140 165 139
207 208 232
734 205 230
205 206 230
208 233 232
284 309 283
309 284 310
284 285 310
259 284 283
285 261 286
9 10 34
111 136 135
10 35 34
35 10 11
36 35 11
553 579 578
579 553 554
553 528 529
653 629 654
629 653 628
727 726 701
729 704 3
293 318 292
550 526 551
715 714 689
638 664 663
662 687 686
687 662 663
342 367 341
367 342 368
499 475 500
371 345 346
371 372 396
372 371 346
697 698 723
595 570 571
725 724 699
724 698 699
698 724 723
519 544 543
544 545 570
570 545 571
569 544 570
544 569 543
474 475 499
548 524 549
524 548 523
305 330 736
330 355 736
355 330 356
309 308 283
308 282 283
307 308 332
308 307 282
357 382 381
256 255 230
255 734 230
280 255 256
255 280 735
705 743 680
743 705 4
555 556 580
458 432 433
682 683 708
683 709 708
684 683 659
683 684 709
152 153 178
153 129 154
179 203 178
203 179 204
179 153 154
153 179 178
278 302 277
350 349 325
347 372 346
347 322 323
322 347 346
475 476 500
201 202 227
251 252 277
252 251 227
278 252 253
252 278 277
98 97 73
51 27 52
74 98 73
71 45 46
22 47 46
21 22 46
47 22 23
276 251 277
146 171 145
121 146 145
68 92 67
68 69 93
92 68 93
69 68 43
68 42 43
42 68 67
42 18 43
43 18 19
18 42 17
287 313 312
313 337 312
239 265 264
239 214 215
239 238 214
238 239 264
257 231 232
231 256 230
256 231 257
206 231 230
207 231 206
231 207 232
282 258 283
258 257 232
257 258 282
258 259 283
258 233 259
233 258 232
188 214 213
238 237 213
284 260 285
260 284 259
261 260 235
260 261 285
136 161 135
138 163 137
138 114 139
42 41 17
41 42 67
114 115 139
115 140 139
115 116 140
136 112 137
111 112 136
61 36 62
61 35 36
629 603 604
603 629 628
603 579 604
579 603 578
552 553 578
552 528 553
653 679 678
679 653 654
677 652 678
652 653 678
653 652 628
677 702 701
702 677 678
727 702 728
702 727 701
676 677 701
674 675 699
698 674 699
319 294 320
294 319 293
319 318 293
525 499 500
524 525 549
526 525 500
525 524 499
550 525 526
525 550 549
716 690 691
715 690 716
690 715 689
639 638 614
638 639 664
372 397 396
423 397 398
370 394 369
371 370 345
395 371 396
395 370 371
370 395 394
397 422 396
422 397 423
392 367 368
722 697 723
670 669 644
671 646 672
620 595 621
642 641 617
618 642 617
668 669 693
692 668 693
440 415 416
522 497 523
498 524 523
524 498 499
497 498 523
498 474 499
622 646 621
331 307 332
331 357 356
357 331 332
330 331 356
430 405 406
405 430 738
431 430 406
430 431 456
455 430 456
430 455 738
739 480 505
480 455 456
455 480 739
334 333 309
308 333 332
333 308 309
432 408 433
605 741 580
607 632 631
431 457 456
457 431 432
458 457 432
151 126 127
152 151 127
128 152 127
102 128 127
152 128 153
128 129 153
376 350 351
427 401 402
423 424 448
424 423 398
348 349 374
348 347 323
321 320 295
345 321 346
321 345 320
321 322 346
504 503 479
528 503 529
503 504 529
503 528 502
478 503 502
503 478 479
501 526 500
476 501 500
403 379 404
429 403 404
453 478 452
478 453 479
453 454 479
453 429 454
302 303 328
304 303 279
303 278 279
303 302 278
329 303 304
303 329 328
327 302 328
326 327 351
352 327 328
327 352 351
353 329 354
329 353 328
379 353 354
353 352 328
251 226 227
226 201 227
202 228 227
229 228 203
228 202 203
228 229 253
252 228 253
228 252 227
148 123 124
123 148 147
98 123 97
123 98 124
51 26 27
101 102 127
126 101 127
69 94 93
72 97 96
72 47 73
97 72 73
47 72 46
72 71 46
71 72 96
53 29 54
28 53 52
29 53 28
79 53 54
78 53 79
53 78 52
173 174 198
148 173 147
173 148 174
197 173 198
144 120 145
196 195 171
195 196 221
240 239 215
239 240 265
297 298 323
322 297 323
98 99 124
99 74 75
74 99 98
99 125 124
288 289 314
289 288 264
288 313 287
313 288 314
458 459 483
459 458 433
434 459 433
218 192 193
181 207 206
236 261 235
163 162 137
162 136 137
162 161 136
209 233 208
160 161 185
161 160 135
184 160 185
164 188 163
165 164 139
138 164 163
164 138 139
12 36 11
114 113 88
113 138 137
113 87 88
138 113 114
113 112 87
112 113 137
86 111 85
112 86 87
87 86 62
86 112 111
61 86 85
86 61 62
679 703 678
703 729 728
729 703 704
703 679 704
702 703 728
703 702 678
725 700 726
726 700 701
700 725 699
675 700 699
676 700 675
700 676 701
673 697 672
697 673 698
673 674 698
318 343 342
343 369 368
342 343 368
319 343 318
664 665 689
665 690 689
665 639 640
639 665 664
688 664 689
714 688 689
664 688 663
688 687 663
688 713 687
713 688 714
713 712 687
686 712 711
687 712 686
415 390 416
388 363 364
394 393 369
369 393 368
393 392 368
392 393 418
393 419 418
419 393 394
696 671 672
697 696 672
722 696 697
696 722 721
719 694 720
669 694 693
694 719 693
670 694 669
569 594 593
595 594 570
594 569 570
620 594 595
645 670 644
646 645 621
670 645 671
645 646 671
645 620 621
620 645 644
618 592 593
592 618 617
667 641 642
667 692 691
668 667 642
667 668 692
618 643 642
669 643 644
668 643 669
643 668 642
417 392 418
442 417 418
438 439 464
440 439 415
542 518 543
518 519 543
541 542 567
639 615 640
615 639 614
572 547 573
548 547 523
547 548 573
547 522 523
474 473 448
473 497 472
498 473 474
473 498 497
595 596 621
596 595 571
572 596 571
596 622 621
550 575 549
598 624 623
624 598 599
306 280 281
307 306 281
280 306 305
306 330 305
306 331 330
331 306 307
359 333 334
431 407 432
407 431 406
407 406 381
382 407 381
408 407 382
407 408 432
409 434 433
408 409 433
681 707 706
681 706 680
707 681 682
656 681 680
655 656 680
743 655 680
659 658 633
683 658 659
658 683 682
658 632 633
556 581 580
607 581 582
632 608 633
608 607 582
607 608 632
740 530 555
530 740 505
530 556 555
530 531 556
481 480 456
457 481 456
661 686 685
660 661 685
661 662 686
635 661 660
659 634 660
634 659 633
635 634 610
634 635 660
560 561 585
560 559 534
662 637 663
637 638 663
611 635 610
611 610 585
177 152 178
202 177 178
177 201 176
201 177 202
177 151 152
151 177 176
103 78 79
103 79 104
129 103 104
78 103 102
128 103 129
103 128 102
352 377 351
401 377 402
376 377 401
377 376 351
349 375 374
375 349 350
376 375 350
427 426 401
397 373 398
398 373 374
347 373 372
373 397 372
348 373 347
373 348 374
528 527 502
526 527 551
527 552 551
552 527 528
501 527 526
527 501 502
477 478 502
478 477 452
477 501 476
501 477 502
428 427 402
403 428 402
427 428 452
428 403 429
453 428 429
428 453 452
301 276 277
302 301 277
327 301 302
301 327 326
276 250 251
250 226 251
97 122 96
122 121 96
146 122 147
122 146 121
123 122 97
122 123 147
50 26 51
78 77 52
77 78 102
77 51 52
101 77 102
121 95 96
95 71 96
95 121 120
94 95 120
172 196 171
172 146 147
146 172 171
196 172 197
172 173 197
173 172 147
119 94 120
94 119 93
144 119 120
170 144 145
171 170 145
144 170 169
195 170 171
240 266 265
169 194 193
194 170 195
170 194 169
269 294 293
297 273 298
321 296 322
296 321 295
296 297 322
324 348 323
349 324 325
298 324 323
348 324 349
299 324 298
324 299 325
150 125 126
150 151 176
151 150 126
175 150 176
201 200 176
200 175 176
226 200 201
125 100 126
100 101 126
99 100 125
100 99 75
411 386 412
411 385 386
385 361 386
263 238 264
263 237 238
263 288 287
288 263 264
510 484 485
459 484 483
511 510 485
289 315 314
318 317 292
317 342 341
317 318 342
317 291 292
317 316 291
316 317 341
166 190 165
166 165 140
217 218 242
218 217 192
168 169 193
192 168 193
731 80 105
207 182 208
181 182 207
211 236 235
60 61 85
35 60 34
61 60 35
111 110 85
110 111 135
234 260 259
233 234 259
260 234 235
209 234 233
188 189 214
214 189 215
189 190 215
190 189 165
164 189 188
189 164 165
41 16 17
87 63 88
63 87 62
14 15 39
14 38 13
38 14 39
92 91 67
91 92 117
116 91 117
89 114 88
89 115 114
647 622 623
622 647 646
646 647 672
647 673 672
345 344 320
344 319 320
344 370 369
370 344 345
344 343 319
343 344 369
338 313 314
313 338 337
363 338 364
338 363 337
389 390 415
389 388 364
421 395 396
422 421 396
421 446 445
446 421 422
419 443 418
468 443 469
443 442 418
443 468 442
443 444 469
444 443 419
695 670 671
695 696 721
695 721 720
696 695 671
695 694 670
694 695 720
592 591 567
591 592 617
568 542 543
569 568 543
568 569 593
542 568 567
592 568 593
568 592 567
666 665 640
690 666 691
641 666 640
665 666 690
667 666 641
666 667 691
594 619 593
619 620 644
619 618 593
619 594 620
619 643 618
643 619 644
390 391 416
392 391 367
417 391 392
391 417 416
539 515 540
489 488 464
417 441 416
441 440 416
441 417 442
441 466 440
516 541 540
515 516 540
546 572 571
545 546 571
547 546 522
546 547 572
446 471 445
471 446 472
446 447 472
447 423 448
447 422 423
447 446 422
473 447 448
447 473 472
597 572 573
622 597 623
597 596 572
596 597 622
597 598 623
598 597 573
548 574 573
574 548 549
574 598 573
598 574 599
574 575 599
575 574 549
652 627 628
575 600 599
674 649 675
358 382 357
358 357 332
333 358 332
359 358 333
656 630 631
605 630 742
655 630 656
630 655 742
632 657 631
657 656 631
681 657 682
657 681 656
658 657 632
657 658 682
531 557 556
557 581 556
581 557 582
610 584 585
560 584 559
584 560 585
531 506 507
480 506 505
506 530 505
530 506 531
481 506 480
506 481 507
482 458 483
482 457 458
481 482 507
482 481 457
482 508 507
508 482 483
636 637 662
661 636 662
636 661 635
637 636 612
636 611 612
611 636 635
378 403 402
378 353 379
403 378 379
353 378 352
378 377 352
377 378 402
399 398 374
399 424 398
375 399 374
399 425 424
451 427 452
451 426 427
451 477 476
477 451 452
299 300 325
300 326 325
301 300 276
300 301 326
47 48 73
48 47 23
48 74 73
70 69 44
45 70 44
71 70 45
70 94 69
70 95 94
95 70 71
92 118 117
118 142 117
118 92 93
119 118 93
291 267 292
266 267 291
220 245 244
220 195 221
245 220 221
220 194 195
294 270 295
245 270 244
270 269 244
269 270 294
218 243 242
269 243 244
274 299 298
273 274 298
148 149 174
149 148 124
125 149 124
149 175 174
149 150 175
150 149 125
225 250 249
250 225 226
225 200 226
77 76 51
50 76 75
76 50 51
76 77 101
100 76 101
76 100 75
385 410 384
434 410 435
410 409 384
409 410 434
411 410 385
410 411 435
335 334 310
363 362 337
361 362 386
236 262 261
262 287 286
261 262 286
262 236 237
263 262 237
262 263 287
509 508 483
509 510 534
509 484 510
484 509 483
460 434 435
460 459 434
460 484 459
484 460 485
411 436 435
436 411 412
488 463 464
463 438 464
463 488 487
462 463 487
510 535 534
535 560 534
560 535 561
511 535 510
486 462 487
486 511 485
316 290 291
290 289 265
266 290 265
290 266 291
315 290 316
290 315 289
340 316 341
340 315 316
141 116 117
116 141 140
142 141 117
141 166 140
190 216 215
216 240 215
205 180 206
180 205 733
180 181 206
181 180 156
180 155 156
155 180 733
155 130 156
130 732 105
130 155 732
30 55 730
56 55 30
80 55 56
55 80 731
157 181 156
157 182 181
209 183 184
183 209 208
182 183 208
188 187 163
187 188 213
187 162 163
32 7 8
57 32 58
84 60 85
84 110 109
110 84 85
210 184 185
210 211 235
210 209 184
211 210 185
210 234 209
234 210 235
15 40 39
40 65 39
16 40 15
40 16 41
12 37 36
36 37 62
37 12 13
38 37 13
37 63 62
63 37 38
63 64 88
64 38 39
65 64 39
64 63 38
89 64 65
64 89 88
90 91 116
115 90 116
89 90 115
90 89 65
414 413 388
439 414 415
414 439 438
413 414 438
389 414 388
414 389 415
444 420 445
395 420 394
420 419 394
420 444 419
421 420 395
420 421 445
616 641 640
615 616 640
641 616 617
616 615 590
591 616 590
616 591 617
541 566 540
566 541 567
591 566 567
566 591 590
588 587 563
611 586 612
561 586 585
586 611 585
586 587 612
466 465 440
439 465 464
465 439 440
465 489 464
514 489 515
539 514 515
489 514 488
467 441 442
468 467 442
466 467 491
441 467 466
492 467 468
467 492 491
492 517 491
541 517 542
517 518 542
517 492 518
516 517 541
517 516 491
546 521 522
521 546 545
493 492 468
493 468 469
518 493 519
492 493 518
493 494 519
494 493 469
444 470 469
470 444 445
470 494 469
494 470 495
470 471 495
471 470 445
676 651 677
651 652 677
627 651 626
651 627 652
603 602 578
602 603 628
627 602 628
576 575 550
576 550 551
576 600 575
624 648 623
673 648 674
648 647 623
647 648 673
649 648 624
648 649 674
600 625 599
625 624 599
625 600 626
625 649 624
383 408 382
383 359 384
409 383 384
383 409 408
383 358 359
358 383 382
581 606 580
606 607 631
606 605 580
606 581 607
606 630 605
630 606 631
557 558 582
609 634 633
608 609 633
634 609 610
609 584 610
449 474 448
474 449 475
424 449 448
425 449 424
400 375 376
400 376 401
426 400 401
400 399 375
400 425 399
425 400 426
24 48 23
143 144 169
143 119 144
143 168 142
168 143 169
143 118 119
118 143 142
271 296 295
271 270 245
270 271 295
194 219 193
219 218 193
219 220 244
220 219 194
219 243 218
243 219 244
268 269 293
268 293 292
267 268 292
268 267 242
268 243 269
243 268 242
223 197 198
250 275 249
300 275 276
275 250 276
275 300 299
274 275 299
275 274 249
175 199 174
174 199 198
200 199 175
225 199 200
285 311 310
311 285 286
312 311 286
311 335 310
360 385 384
359 360 384
360 359 334
360 361 385
335 360 334
360 335 361
386 387 412
387 413 412
388 387 363
413 387 388
387 362 363
362 387 386
413 437 412
436 437 462
437 413 438
437 436 412
437 463 462
463 437 438
536 535 511
535 536 561
436 461 435
461 460 435
460 461 485
461 436 462
486 461 462
461 486 485
389 365 390
365 389 364
167 168 192
168 167 142
141 167 166
167 141 142
241 217 242
241 266 240
267 241 242
241 267 266
241 216 217
216 241 240
236 212 237
237 212 213
211 212 236
212 187 213
33 9 34
9 33 8
32 33 58
33 32 8
31 56 30
7 31 6
31 30 6
32 31 7
57 31 32
31 57 56
83 84 109
91 66 67
66 41 67
66 40 41
40 66 65
90 66 91
66 90 65
565 539 540
565 566 590
566 565 540
613 637 612
638 613 614
637 613 638
587 613 612
588 613 587
613 588 614
490 466 491
489 490 515
516 490 491
490 516 515
465 490 489
490 465 466
488 513 487
514 513 488
497 496 472
471 496 495
522 496 497
496 471 472
496 521 495
521 496 522
520 545 544
519 520 544
494 520 519
520 494 495
520 521 545
521 520 495
552 577 551
577 552 578
602 577 578
577 576 551
649 650 675
650 651 676
650 676 675
651 650 626
625 650 649
650 625 626
532 531 507
508 532 507
532 557 531
532 558 557
558 583 582
584 583 559
583 608 582
583 558 559
609 583 584
583 609 608
450 425 426
450 451 476
450 476 475
451 450 426
450 449 425
449 450 475
50 25 26
296 272 297
272 273 297
272 247 273
271 272 296
222 196 197
196 222 221
222 223 247
223 222 197
247 248 273
274 248 249
248 274 273
223 248 247
335 336 361
362 336 337
337 336 312
336 362 361
311 336 335
336 311 312
562 586 561
587 562 563
562 537 563
586 562 587
562 536 537
536 562 561
391 366 367
367 366 341
366 391 390
366 340 341
366 365 340
365 366 390
339 338 314
315 339 314
338 339 364
340 339 315
339 365 364
365 339 340
217 191 192
216 191 217
166 191 190
191 216 190
167 191 166
191 167 192
158 183 182
157 158 182
134 110 135
110 134 109
160 134 135
134 133 109
186 211 185
161 186 185
162 186 161
187 186 162
212 186 187
186 212 211
84 59 60
60 59 34
59 33 34
33 59 58
83 59 84
59 83 58
588 589 614
589 615 614
615 589 590
589 565 590
512 486 487
536 512 537
486 512 511
512 536 511
512 513 537
513 512 487
537 538 563
538 514 539
538 513 514
513 538 537
600 601 626
601 627 626
601 602 627
576 601 600
577 601 576
601 577 602
533 509 534
559 533 534
509 533 508
558 533 559
532 533 558
533 532 508
49 50 75
48 49 74
74 49 75
24 49 48
25 49 24
49 25 50
272 246 247
246 271 245
246 245 221
246 272 271
246 222 247
222 246 221
224 223 198
199 224 198
224 225 249
224 199 225
224 248 223
248 224 249
158 159 183
159 160 184
183 159 184
159 158 133
134 159 133
159 134 160
131 157 156
130 131 156
81 80 56
57 81 56
133 108 109
108 83 109
564 589 588
565 564 539
564 588 563
589 564 565
564 538 539
538 564 563
131 106 107
80 106 105
106 130 105
106 131 130
106 81 107
81 106 80
158 132 133
131 132 157
132 158 157
132 131 107
108 132 107
132 108 133
81 82 107
82 57 58
83 82 58
82 81 57
108 82 83
82 108 107
