0.00551164
0.00546519
0.00541973
0.00537524
0.00533167
0.00528902
0.00524724
0.00520632
0.00516624
0.00512697
0.00508848
0.00505076
0.00501379
0.00497755
0.00494201
0.00490716
0.00487298
0.00483946
0.00480658
0.00477431
0.00474265
0.00471159
0.00468109
0.00465117
0.00462178
0.00459294
0.00456462
0.0045368
0.00450949
0.00448266
0.00445631
0.00443043
0.00440499
0.00438
0.00435545
0.00433132
0.0043076
0.00428429
0.00426138
0.00423886
0.00421671
0.00419494
0.00417353
0.00415248
0.00413178
0.00411142
0.00409139
0.00407169
0.00405232
0.00403326
0.00401451
0.00399606
0.0039779
0.00396004
0.00394246
0.00392516
0.00390814
0.00389138
0.00387489
0.00385866
0.00384268
0.00382695
0.00381147
0.00379622
0.00378121
0.00376644
0.00375189
0.00373756
0.00372345
0.00370956
0.00369588
0.0036824
0.00366914
0.00365607
0.0036432
0.00363052
0.00361803
0.00360573
0.00359362
0.00358168
0.00356993
0.00355834
0.00354694
0.0035357
0.00352462
0.00351371
0.00350296
0.00349237
0.00348194
0.00347166
0.00346153
0.00345155
0.00344172
0.00343203
0.00342249
0.00341308
0.00340381
0.00339467
0.00338567
0.00337681
0.00336807
