0.00551183
0.00541993
0.00533189
0.00524747
0.00516649
0.00508874
0.00501407
0.0049423
0.00487328
0.00480688
0.00474297
0.00468142
0.00462212
0.00456496
0.00450984
0.00445667
0.00440536
0.00435582
0.00430798
0.00426176
0.0042171
0.00417392
0.00413217
0.00409179
0.00405272
0.00401491
0.00397831
0.00394287
0.00390855
0.00387531
0.0038431
0.00381189
0.00378163
0.00375231
0.00372387
0.0036963
0.00366956
0.00364362
0.00361846
0.00359404
0.00357035
0.00354736
0.00352505
0.00350339
0.00348237
0.00346196
0.00344214
0.00342291
0.00340423
0.00338609
0.00336849
