5.51314e-06
5.46668e-06
5.42122e-06
5.37671e-06
5.33314e-06
5.29048e-06
5.2487e-06
5.20777e-06
5.16768e-06
5.1284e-06
5.08991e-06
5.05219e-06
5.01521e-06
4.97896e-06
4.94342e-06
4.90856e-06
4.87438e-06
4.84085e-06
4.80796e-06
4.77569e-06
4.74403e-06
4.71295e-06
4.68246e-06
4.65252e-06
4.62314e-06
4.59429e-06
4.56596e-06
4.53814e-06
4.51082e-06
4.48399e-06
4.45764e-06
4.43174e-06
4.40631e-06
4.38131e-06
4.35675e-06
4.33262e-06
4.3089e-06
4.28559e-06
4.26267e-06
4.24014e-06
4.21799e-06
4.19622e-06
4.1748e-06
4.15375e-06
4.13304e-06
4.11268e-06
4.09265e-06
4.07295e-06
4.05357e-06
4.0345e-06
4.01575e-06
3.99729e-06
3.97914e-06
3.96127e-06
3.94369e-06
3.92639e-06
3.90936e-06
3.8926e-06
3.8761e-06
3.85987e-06
3.84389e-06
3.82815e-06
3.81266e-06
3.79742e-06
3.7824e-06
3.76762e-06
3.75307e-06
3.73874e-06
3.72463e-06
3.71073e-06
3.69705e-06
3.68357e-06
3.6703e-06
3.65723e-06
3.64435e-06
3.63167e-06
3.61918e-06
3.60688e-06
3.59476e-06
3.58282e-06
3.57106e-06
3.55948e-06
3.54807e-06
3.53682e-06
3.52575e-06
3.51484e-06
3.50408e-06
3.49349e-06
3.48306e-06
3.47277e-06
3.46264e-06
3.45266e-06
3.44282e-06
3.43313e-06
3.42358e-06
3.41417e-06
3.4049e-06
3.39576e-06
3.38676e-06
3.37789e-06
3.36914e-06
