0.00551314
0.00548979
0.00546668
0.00544383
0.00542122
0.00539885
0.00537671
0.00535481
0.00533314
0.0053117
0.00529048
0.00526948
0.0052487
0.00522813
0.00520777
0.00518763
0.00516768
0.00514794
0.0051284
0.00510906
0.00508991
0.00507095
0.00505219
0.00503361
0.00501521
0.00499699
0.00497896
0.0049611
0.00494342
0.0049259
0.00490856
0.00489139
0.00487438
0.00485753
0.00484085
0.00482433
0.00480796
0.00479175
0.00477569
0.00475978
0.00474403
0.00472842
0.00471295
0.00469763
0.00468246
0.00466742
0.00465252
0.00463776
0.00462314
0.00460864
0.00459429
0.00458006
0.00456596
0.00455199
0.00453814
0.00452442
0.00451082
0.00449735
0.00448399
0.00447075
0.00445764
0.00444463
0.00443174
0.00441897
0.00440631
0.00439376
0.00438131
0.00436898
0.00435675
0.00434463
0.00433262
0.00432071
0.0043089
0.00429719
0.00428559
0.00427408
0.00426267
0.00425136
0.00424014
0.00422902
0.00421799
0.00420706
0.00419622
0.00418546
0.0041748
0.00416423
0.00415375
0.00414335
0.00413304
0.00412282
0.00411268
0.00410262
0.00409265
0.00408276
0.00407295
0.00406322
0.00405357
0.004044
0.0040345
0.00402509
0.00401575
0.00400648
0.00399729
0.00398818
0.00397914
0.00397017
0.00396127
0.00395244
0.00394369
0.003935
0.00392639
0.00391784
0.00390936
0.00390094
0.0038926
0.00388432
0.0038761
0.00386795
0.00385987
0.00385185
0.00384389
0.00383599
0.00382815
0.00382038
0.00381266
0.00380501
0.00379742
0.00378988
0.0037824
0.00377499
0.00376762
0.00376032
0.00375307
0.00374588
0.00373874
0.00373166
0.00372463
0.00371765
0.00371073
0.00370386
0.00369705
0.00369028
0.00368357
0.00367691
0.0036703
0.00366374
0.00365723
0.00365077
0.00364435
0.00363799
0.00363167
0.0036254
0.00361918
0.00361301
0.00360688
0.0036008
0.00359476
0.00358877
0.00358282
0.00357692
0.00357106
0.00356525
0.00355948
0.00355375
0.00354807
0.00354243
0.00353682
0.00353127
0.00352575
0.00352027
0.00351484
0.00350944
0.00350408
0.00349877
0.00349349
0.00348825
0.00348306
0.00347789
0.00347277
0.00346769
0.00346264
0.00345763
0.00345266
0.00344772
0.00344282
0.00343796
0.00343313
0.00342834
0.00342358
0.00341886
0.00341417
0.00340952
0.0034049
0.00340031
0.00339576
0.00339124
0.00338676
0.0033823
0.00337789
0.0033735
0.00336914
