0.00551306
0.00548971
0.0054666
0.00544375
0.00542114
0.00539877
0.00537663
0.00535473
0.00533306
0.00531162
0.0052904
0.0052694
0.00524862
0.00522805
0.0052077
0.00518755
0.00516761
0.00514787
0.00512833
0.00510899
0.00508984
0.00507088
0.00505212
0.00503353
0.00501514
0.00499692
0.00497889
0.00496103
0.00494335
0.00492583
0.00490849
0.00489132
0.00487431
0.00485747
0.00484078
0.00482426
0.00480789
0.00479168
0.00477562
0.00475972
0.00474396
0.00472835
0.00471289
0.00469757
0.00468239
0.00466735
0.00465246
0.0046377
0.00462307
0.00460858
0.00459422
0.00457999
0.0045659
0.00455192
0.00453808
0.00452436
0.00451076
0.00449729
0.00448393
0.00447069
0.00445757
0.00444457
0.00443168
0.00441891
0.00440625
0.0043937
0.00438125
0.00436892
0.0043567
0.00434458
0.00433256
0.00432065
0.00430884
0.00429713
0.00428553
0.00427402
0.00426261
0.0042513
0.00424008
0.00422896
0.00421794
0.004207
0.00419616
0.00418541
0.00417475
0.00416418
0.00415369
0.0041433
0.00413299
0.00412276
0.00411262
0.00410257
0.00409259
0.0040827
0.00407289
0.00406316
0.00405351
0.00404394
0.00403445
0.00402503
0.00401569
0.00400643
0.00399724
0.00398813
0.00397908
0.00397011
0.00396122
0.00395239
0.00394364
0.00393495
0.00392633
0.00391779
0.00390931
0.00390089
0.00389255
0.00388427
0.00387605
0.0038679
0.00385982
0.0038518
0.00384384
0.00383594
0.0038281
0.00382033
0.00381262
0.00380496
0.00379737
0.00378983
0.00378236
0.00377494
0.00376758
0.00376027
0.00375302
0.00374583
0.00373869
0.00373161
0.00372458
0.00371761
0.00371069
0.00370382
0.003697
0.00369024
0.00368353
0.00367686
0.00367025
0.00366369
0.00365718
0.00365072
0.00364431
0.00363794
0.00363163
0.00362536
0.00361914
0.00361296
0.00360684
0.00360075
0.00359472
0.00358873
0.00358278
0.00357688
0.00357102
0.00356521
0.00355944
0.00355371
0.00354802
0.00354238
0.00353678
0.00353122
0.0035257
0.00352023
0.00351479
0.0035094
0.00350404
0.00349872
0.00349345
0.00348821
0.00348301
0.00347785
0.00347273
0.00346764
0.0034626
0.00345759
0.00345262
0.00344768
0.00344278
0.00343792
0.00343309
0.00342829
0.00342354
0.00341882
0.00341413
0.00340947
0.00340486
0.00340027
0.00339572
0.0033912
0.00338672
0.00338226
0.00337784
0.00337346
0.0033691
