0.00551312
0.00550141
0.00548977
0.00547818
0.00546666
0.00545521
0.00544381
0.00543247
0.0054212
0.00540998
0.00539883
0.00538773
0.00537669
0.00536571
0.00535479
0.00534393
0.00533312
0.00532237
0.00531168
0.00530104
0.00529046
0.00527993
0.00526946
0.00525904
0.00524868
0.00523837
0.00522811
0.00521791
0.00520775
0.00519765
0.00518761
0.00517761
0.00516766
0.00515777
0.00514792
0.00513813
0.00512838
0.00511869
0.00510904
0.00509944
0.00508989
0.00508039
0.00507094
0.00506153
0.00505217
0.00504286
0.00503359
0.00502437
0.00501519
0.00500606
0.00499698
0.00498794
0.00497894
0.00496999
0.00496108
0.00495222
0.0049434
0.00493462
0.00492589
0.00491719
0.00490854
0.00489994
0.00489137
0.00488285
0.00487436
0.00486592
0.00485752
0.00484915
0.00484083
0.00483255
0.00482431
0.00481611
0.00480794
0.00479982
0.00479173
0.00478368
0.00477567
0.0047677
0.00475977
0.00475187
0.00474401
0.00473619
0.0047284
0.00472065
0.00471294
0.00470526
0.00469762
0.00469001
0.00468244
0.0046749
0.0046674
0.00465994
0.00465251
0.00464511
0.00463774
0.00463042
0.00462312
0.00461586
0.00460863
0.00460143
0.00459427
0.00458714
0.00458004
0.00457298
0.00456594
0.00455894
0.00455197
0.00454503
0.00453813
0.00453125
0.00452441
0.00451759
0.00451081
0.00450405
0.00449733
0.00449064
0.00448398
0.00447734
0.00447074
0.00446417
0.00445762
0.0044511
0.00444462
0.00443816
0.00443173
0.00442533
0.00441895
0.00441261
0.00440629
0.0044
0.00439374
0.00438751
0.0043813
0.00437512
0.00436897
0.00436284
0.00435674
0.00435067
0.00434462
0.0043386
0.0043326
0.00432664
0.00432069
0.00431478
0.00430889
0.00430302
0.00429718
0.00429136
0.00428557
0.00427981
0.00427406
0.00426835
0.00426265
0.00425699
0.00425134
0.00424572
0.00424013
0.00423455
0.004229
0.00422348
0.00421798
0.0042125
0.00420704
0.00420161
0.0041962
0.00419081
0.00418545
0.00418011
0.00417479
0.00416949
0.00416422
0.00415897
0.00415373
0.00414853
0.00414334
0.00413817
0.00413303
0.00412791
0.0041228
0.00411772
0.00411266
0.00410763
0.00410261
0.00409761
0.00409264
0.00408768
0.00408274
0.00407783
0.00407293
0.00406806
0.0040632
0.00405837
0.00405355
0.00404876
0.00404398
0.00403923
0.00403449
0.00402977
0.00402507
0.00402039
0.00401573
0.00401109
0.00400647
0.00400186
0.00399728
0.00399271
0.00398816
0.00398363
0.00397912
0.00397463
0.00397015
0.0039657
0.00396126
0.00395683
0.00395243
0.00394804
0.00394367
0.00393932
0.00393499
0.00393067
0.00392637
0.00392209
0.00391782
0.00391358
0.00390934
0.00390513
0.00390093
0.00389675
0.00389259
0.00388844
0.00388431
0.00388019
0.00387609
0.00387201
0.00386794
0.00386389
0.00385986
0.00385584
0.00385183
0.00384785
0.00384387
0.00383992
0.00383598
0.00383205
0.00382814
0.00382425
0.00382037
0.0038165
0.00381265
0.00380882
0.003805
0.00380119
0.0037974
0.00379363
0.00378987
0.00378612
0.00378239
0.00377868
0.00377497
0.00377129
0.00376761
0.00376395
0.00376031
0.00375668
0.00375306
0.00374945
0.00374587
0.00374229
0.00373873
0.00373518
0.00373165
0.00372812
0.00372462
0.00372112
0.00371764
0.00371418
0.00371072
0.00370728
0.00370385
0.00370044
0.00369704
0.00369365
0.00369027
0.00368691
0.00368356
0.00368022
0.0036769
0.00367359
0.00367029
0.003667
0.00366373
0.00366047
0.00365722
0.00365398
0.00365076
0.00364754
0.00364434
0.00364115
0.00363798
0.00363481
0.00363166
0.00362852
0.00362539
0.00362228
0.00361917
0.00361608
0.003613
0.00360993
0.00360687
0.00360382
0.00360079
0.00359776
0.00359475
0.00359175
0.00358876
0.00358578
0.00358281
0.00357986
0.00357691
0.00357398
0.00357105
0.00356814
0.00356524
0.00356235
0.00355947
0.0035566
0.00355374
0.00355089
0.00354806
0.00354523
0.00354241
0.00353961
0.00353681
0.00353403
0.00353125
0.00352849
0.00352574
0.00352299
0.00352026
0.00351754
0.00351482
0.00351212
0.00350943
0.00350675
0.00350407
0.00350141
0.00349876
0.00349611
0.00349348
0.00349086
0.00348824
0.00348564
0.00348304
0.00348046
0.00347788
0.00347532
0.00347276
0.00347021
0.00346768
0.00346515
0.00346263
0.00346012
0.00345762
0.00345513
0.00345265
0.00345017
0.00344771
0.00344526
0.00344281
0.00344037
0.00343795
0.00343553
0.00343312
0.00343072
0.00342833
0.00342594
0.00342357
0.0034212
0.00341885
0.0034165
0.00341416
0.00341183
0.00340951
0.00340719
0.00340489
0.00340259
0.0034003
0.00339802
0.00339575
0.00339349
0.00339123
0.00338898
0.00338675
0.00338452
0.00338229
0.00338008
0.00337787
0.00337568
0.00337349
0.00337131
0.00336913
