0.00551109
0.0054192
0.00533116
0.00524675
0.00516577
0.00508804
0.00501336
0.0049416
0.00487259
0.0048062
0.00474229
0.00468074
0.00462144
0.00456429
0.00450917
0.004456
0.00440469
0.00435516
0.00430732
0.00426111
0.00421645
0.00417328
0.00413154
0.00409116
0.0040521
0.00401429
0.0039777
0.00394227
0.00390795
0.00387471
0.00384251
0.0038113
0.00378105
0.00375173
0.0037233
0.00369573
0.003669
0.00364306
0.0036179
0.00359349
0.0035698
0.00354682
0.00352451
0.00350285
0.00348183
0.00346143
0.00344161
0.00342238
0.00340371
0.00338557
0.00336797
