0.00547007
0.00537859
0.00529094
0.0052069
0.00512626
0.00504888
0.00497454
0.0049031
0.00483439
0.00476828
0.00470467
0.00464341
0.00458439
0.00452749
0.00447262
0.00441971
0.00436865
0.00431935
0.00427174
0.00422574
0.00418131
0.00413836
0.00409682
0.00405665
0.00401777
0.00398018
0.00394378
0.00390854
0.00387441
0.00384135
0.00380934
0.00377832
0.00374825
0.00371911
0.00369084
0.00366346
0.00363691
0.00361115
0.00358615
0.00356191
0.0035384
0.00351559
0.00349345
0.00347196
0.0034511
0.00343088
0.00341124
0.00339218
0.00337367
0.00335569
0.00333824
