0.00551207
0.00546562
0.00542016
0.00537566
0.0053321
0.00528944
0.00524767
0.00520675
0.00516667
0.0051274
0.00508891
0.00505119
0.00501422
0.00497798
0.00494244
0.00490759
0.00487341
0.00483989
0.004807
0.00477474
0.00474308
0.00471201
0.00468152
0.00465159
0.0046222
0.00459336
0.00456504
0.00453722
0.00450991
0.00448308
0.00445673
0.00443084
0.00440541
0.00438042
0.00435586
0.00433173
0.00430801
0.0042847
0.00426179
0.00423926
0.00421712
0.00419535
0.00417394
0.00415289
0.00413219
0.00411183
0.0040918
0.00407211
0.00405273
0.00403367
0.00401492
0.00399647
0.00397832
0.00396045
0.00394288
0.00392558
0.00390855
0.0038918
0.00387531
0.00385908
0.0038431
0.00382737
0.00381188
0.00379664
0.00378163
0.00376685
0.0037523
0.00373797
0.00372387
0.00370997
0.00369629
0.00368282
0.00366955
0.00365648
0.00364361
0.00363093
0.00361845
0.00360615
0.00359403
0.00358209
0.00357034
0.00355875
0.00354735
0.0035361
0.00352503
0.00351412
0.00350337
0.00349278
0.00348235
0.00347207
0.00346194
0.00345196
0.00344212
0.00343243
0.00342288
0.00341348
0.00340421
0.00339507
0.00338607
0.0033772
0.00336846
