0.0054917
0.00544535
0.00539999
0.00535559
0.00531212
0.00526956
0.00522787
0.00518705
0.00514706
0.00510788
0.00506948
0.00503184
0.00499496
0.00495879
0.00492333
0.00488856
0.00485445
0.00482101
0.0047882
0.00475601
0.00472443
0.00469343
0.00466301
0.00463315
0.00460383
0.00457505
0.00454679
0.00451905
0.0044918
0.00446504
0.00443875
0.00441293
0.00438755
0.00436262
0.00433813
0.00431405
0.00429039
0.00426714
0.00424429
0.00422182
0.00419973
0.00417801
0.00415666
0.00413566
0.00411501
0.0040947
0.00407472
0.00405508
0.00403576
0.00401675
0.00399805
0.00397965
0.00396154
0.00394373
0.0039262
0.00390894
0.00389196
0.00387526
0.00385882
0.00384263
0.0038267
0.00381102
0.00379558
0.00378038
0.00376542
0.00375068
0.00373617
0.00372189
0.00370783
0.00369399
0.00368035
0.00366692
0.0036537
0.00364067
0.00362784
0.00361521
0.00360276
0.00359051
0.00357844
0.00356655
0.00355484
0.0035433
0.00353193
0.00352073
0.0035097
0.00349883
0.00348812
0.00347758
0.00346719
0.00345695
0.00344687
0.00343693
0.00342714
0.00341749
0.00340799
0.00339862
0.00338939
0.00338029
0.00337133
0.0033625
0.0033538
