0.00551024
0.0054869
0.0054638
0.00544095
0.00541835
0.00539598
0.00537386
0.00535196
0.0053303
0.00530886
0.00528765
0.00526666
0.00524588
0.00522532
0.00520497
0.00518483
0.00516489
0.00514516
0.00512563
0.00510629
0.00508715
0.0050682
0.00504943
0.00503086
0.00501247
0.00499426
0.00497623
0.00495837
0.0049407
0.00492319
0.00490585
0.00488868
0.00487168
0.00485484
0.00483817
0.00482165
0.00480529
0.00478908
0.00477303
0.00475713
0.00474138
0.00472577
0.00471032
0.004695
0.00467983
0.0046648
0.00464991
0.00463515
0.00462053
0.00460605
0.00459169
0.00457747
0.00456338
0.00454941
0.00453557
0.00452185
0.00450826
0.00449479
0.00448144
0.00446821
0.00445509
0.00444209
0.00442921
0.00441644
0.00440378
0.00439123
0.0043788
0.00436647
0.00435425
0.00434213
0.00433012
0.00431821
0.00430641
0.0042947
0.0042831
0.0042716
0.00426019
0.00424888
0.00423767
0.00422655
0.00421553
0.0042046
0.00419376
0.00418302
0.00417236
0.00416179
0.00415132
0.00414092
0.00413062
0.0041204
0.00411026
0.00410021
0.00409024
0.00408036
0.00407055
0.00406083
0.00405118
0.00404161
0.00403212
0.00402271
0.00401338
0.00400412
0.00399493
0.00398582
0.00397678
0.00396782
0.00395892
0.0039501
0.00394135
0.00393267
0.00392405
0.00391551
0.00390703
0.00389863
0.00389028
0.00388201
0.00387379
0.00386565
0.00385757
0.00384955
0.00384159
0.0038337
0.00382586
0.00381809
0.00381038
0.00380273
0.00379514
0.00378761
0.00378014
0.00377272
0.00376536
0.00375806
0.00375082
0.00374363
0.00373649
0.00372942
0.00372239
0.00371542
0.0037085
0.00370164
0.00369483
0.00368807
0.00368136
0.0036747
0.0036681
0.00366154
0.00365503
0.00364857
0.00364217
0.00363581
0.00362949
0.00362323
0.00361701
0.00361084
0.00360472
0.00359864
0.0035926
0.00358662
0.00358067
0.00357478
0.00356892
0.00356311
0.00355734
0.00355162
0.00354594
0.0035403
0.0035347
0.00352915
0.00352363
0.00351816
0.00351273
0.00350733
0.00350198
0.00349667
0.00349139
0.00348616
0.00348096
0.00347581
0.00347069
0.00346561
0.00346056
0.00345556
0.00345059
0.00344565
0.00344076
0.00343589
0.00343107
0.00342628
0.00342153
0.00341681
0.00341212
0.00340747
0.00340285
0.00339827
0.00339372
0.00338921
0.00338472
0.00338028
0.00337586
0.00337147
0.00336712
