0.00551264
0.00548928
0.00546618
0.00544333
0.00542072
0.00539835
0.00537622
0.00535432
0.00533265
0.00531121
0.00528999
0.00526899
0.00524821
0.00522764
0.00520729
0.00518714
0.0051672
0.00514746
0.00512792
0.00510858
0.00508944
0.00507048
0.00505171
0.00503313
0.00501474
0.00499652
0.00497849
0.00496063
0.00494295
0.00492544
0.0049081
0.00489092
0.00487392
0.00485707
0.00484039
0.00482387
0.0048075
0.00479129
0.00477523
0.00475933
0.00474357
0.00472796
0.0047125
0.00469718
0.004682
0.00466697
0.00465207
0.00463731
0.00462269
0.0046082
0.00459384
0.00457961
0.00456551
0.00455154
0.0045377
0.00452398
0.00451038
0.00449691
0.00448355
0.00447031
0.0044572
0.00444419
0.00443131
0.00441853
0.00440587
0.00439332
0.00438088
0.00436855
0.00435633
0.00434421
0.00433219
0.00432028
0.00430848
0.00429677
0.00428516
0.00427366
0.00426225
0.00425094
0.00423972
0.0042286
0.00421758
0.00420664
0.0041958
0.00418505
0.00417439
0.00416382
0.00415334
0.00414294
0.00413264
0.00412241
0.00411227
0.00410222
0.00409225
0.00408236
0.00407255
0.00406282
0.00405317
0.0040436
0.00403411
0.00402469
0.00401535
0.00400609
0.0039969
0.00398779
0.00397874
0.00396978
0.00396088
0.00395206
0.0039433
0.00393462
0.003926
0.00391745
0.00390897
0.00390056
0.00389222
0.00388394
0.00387572
0.00386758
0.00385949
0.00385147
0.00384351
0.00383561
0.00382778
0.00382
0.00381229
0.00380464
0.00379705
0.00378951
0.00378203
0.00377462
0.00376726
0.00375995
0.0037527
0.00374551
0.00373837
0.00373129
0.00372426
0.00371729
0.00371037
0.0037035
0.00369669
0.00368992
0.00368321
0.00367655
0.00366994
0.00366338
0.00365687
0.00365041
0.003644
0.00363763
0.00363132
0.00362505
0.00361883
0.00361266
0.00360653
0.00360045
0.00359441
0.00358842
0.00358247
0.00357657
0.00357072
0.0035649
0.00355913
0.00355341
0.00354772
0.00354208
0.00353648
0.00353092
0.0035254
0.00351993
0.00351449
0.0035091
0.00350374
0.00349843
0.00349315
0.00348791
0.00348272
0.00347756
0.00347243
0.00346735
0.0034623
0.00345729
0.00345232
0.00344739
0.00344249
0.00343762
0.0034328
0.003428
0.00342325
0.00341852
0.00341384
0.00340918
0.00340457
0.00339998
0.00339543
0.00339091
0.00338643
0.00338198
0.00337756
0.00337317
0.00336882
