0.00551178
0.00541989
0.00533185
0.00524743
0.00516645
0.0050887
0.00501403
0.00494226
0.00487324
0.00480684
0.00474293
0.00468138
0.00462208
0.00456492
0.0045098
0.00445663
0.00440532
0.00435578
0.00430794
0.00426172
0.00421706
0.00417389
0.00413214
0.00409175
0.00405268
0.00401487
0.00397827
0.00394284
0.00390852
0.00387527
0.00384306
0.00381185
0.0037816
0.00375227
0.00372384
0.00369627
0.00366953
0.00364359
0.00361843
0.00359401
0.00357032
0.00354733
0.00352502
0.00350336
0.00348234
0.00346193
0.00344211
0.00342288
0.0034042
0.00338606
0.00336846
