0.00551253
0.00546608
0.00542062
0.00537612
0.00533255
0.00528989
0.00524812
0.0052072
0.00516711
0.00512784
0.00508935
0.00505163
0.00501466
0.00497841
0.00494287
0.00490802
0.00487384
0.00484032
0.00480743
0.00477516
0.0047435
0.00471243
0.00468194
0.00465201
0.00462263
0.00459378
0.00456546
0.00453764
0.00451033
0.0044835
0.00445715
0.00443126
0.00440582
0.00438083
0.00435628
0.00433214
0.00430843
0.00428511
0.0042622
0.00423967
0.00421753
0.00419575
0.00417434
0.00415329
0.00413259
0.00411223
0.0040922
0.0040725
0.00405312
0.00403406
0.00401531
0.00399685
0.0039787
0.00396083
0.00394325
0.00392595
0.00390893
0.00389217
0.00387568
0.00385944
0.00384346
0.00382773
0.00381225
0.003797
0.00378199
0.00376721
0.00375266
0.00373833
0.00372422
0.00371033
0.00369664
0.00368317
0.0036699
0.00365683
0.00364396
0.00363128
0.00361879
0.00360649
0.00359437
0.00358243
0.00357068
0.00355909
0.00354768
0.00353644
0.00352537
0.00351445
0.0035037
0.00349311
0.00348268
0.0034724
0.00346227
0.00345228
0.00344245
0.00343276
0.00342321
0.0034138
0.00340453
0.00339539
0.00338639
0.00337752
0.00336878
