0.00551102
0.00546457
0.00541912
0.00537462
0.00533106
0.00528841
0.00524664
0.00520572
0.00516564
0.00512637
0.00508789
0.00505017
0.0050132
0.00497696
0.00494143
0.00490658
0.0048724
0.00483888
0.004806
0.00477374
0.00474208
0.00471102
0.00468053
0.0046506
0.00462122
0.00459238
0.00456406
0.00453625
0.00450894
0.00448211
0.00445576
0.00442988
0.00440445
0.00437946
0.00435491
0.00433078
0.00430706
0.00428376
0.00426084
0.00423832
0.00421618
0.00419441
0.004173
0.00415195
0.00413125
0.00411089
0.00409087
0.00407117
0.0040518
0.00403274
0.00401399
0.00399554
0.00397739
0.00395953
0.00394195
0.00392465
0.00390763
0.00389088
0.00387439
0.00385816
0.00384218
0.00382645
0.00381097
0.00379572
0.00378072
0.00376594
0.00375139
0.00373707
0.00372296
0.00370907
0.00369539
0.00368192
0.00366865
0.00365558
0.00364271
0.00363004
0.00361755
0.00360525
0.00359314
0.00358121
0.00356945
0.00355787
0.00354646
0.00353523
0.00352415
0.00351325
0.0035025
0.00349191
0.00348148
0.0034712
0.00346107
0.0034511
0.00344126
0.00343158
0.00342203
0.00341262
0.00340336
0.00339422
0.00338522
0.00337636
0.00336762
