0.00551302
0.00548966
0.00546656
0.0054437
0.00542109
0.00539872
0.00537659
0.00535469
0.00533302
0.00531158
0.00529036
0.00526936
0.00524858
0.00522801
0.00520766
0.00518751
0.00516757
0.00514783
0.00512829
0.00510894
0.0050898
0.00507084
0.00505207
0.00503349
0.0050151
0.00499688
0.00497885
0.00496099
0.0049433
0.00492579
0.00490845
0.00489128
0.00487427
0.00485742
0.00484074
0.00482422
0.00480785
0.00479164
0.00477558
0.00475968
0.00474392
0.00472831
0.00471285
0.00469753
0.00468235
0.00466731
0.00465242
0.00463766
0.00462303
0.00460854
0.00459418
0.00457995
0.00456586
0.00455188
0.00453804
0.00452432
0.00451072
0.00449725
0.00448389
0.00447065
0.00445754
0.00444453
0.00443164
0.00441887
0.00440621
0.00439366
0.00438122
0.00436888
0.00435666
0.00434454
0.00433252
0.00432061
0.0043088
0.0042971
0.00428549
0.00427398
0.00426257
0.00425126
0.00424005
0.00422893
0.0042179
0.00420696
0.00419612
0.00418537
0.00417471
0.00416414
0.00415366
0.00414326
0.00413295
0.00412273
0.00411259
0.00410253
0.00409256
0.00408267
0.00407286
0.00406313
0.00405348
0.00404391
0.00403441
0.004025
0.00401566
0.00400639
0.0039972
0.00398809
0.00397905
0.00397008
0.00396118
0.00395236
0.0039436
0.00393492
0.0039263
0.00391775
0.00390927
0.00390086
0.00389251
0.00388423
0.00387602
0.00386787
0.00385978
0.00385176
0.0038438
0.00383591
0.00382807
0.0038203
0.00381258
0.00380493
0.00379733
0.0037898
0.00378232
0.0037749
0.00376754
0.00376024
0.00375299
0.0037458
0.00373866
0.00373158
0.00372455
0.00371757
0.00371065
0.00370379
0.00369697
0.00369021
0.00368349
0.00367683
0.00367022
0.00366366
0.00365715
0.00365069
0.00364428
0.00363791
0.0036316
0.00362533
0.00361911
0.00361293
0.0036068
0.00360072
0.00359469
0.00358869
0.00358275
0.00357685
0.00357099
0.00356517
0.0035594
0.00355368
0.00354799
0.00354235
0.00353675
0.00353119
0.00352567
0.0035202
0.00351476
0.00350937
0.00350401
0.00349869
0.00349342
0.00348818
0.00348298
0.00347782
0.0034727
0.00346761
0.00346257
0.00345756
0.00345258
0.00344765
0.00344275
0.00343788
0.00343306
0.00342826
0.00342351
0.00341878
0.0034141
0.00340944
0.00340483
0.00340024
0.00339569
0.00339117
0.00338669
0.00338223
0.00337781
0.00337343
0.00336907
