5
0.01 0
0.02 0
0.02 0.01
0.01 0.01
0.01 0
169
0.01 0
0.01 0.000833333
0.01 0.00166667
0.01 0.0025
0.01 0.00333333
0.01 0.00416667
0.01 0.005
0.01 0.00583333
0.01 0.00666667
0.01 0.0075
0.01 0.00833333
0.01 0.00916667
0.01 0.01
0.0108333 0
0.0108333 0.000833333
0.0108333 0.00166667
0.0108333 0.0025
0.0108333 0.00333333
0.0108333 0.00416667
0.0108333 0.005
0.0108333 0.00583333
0.0108333 0.00666667
0.0108333 0.0075
0.0108333 0.00833333
0.0108333 0.00916667
0.0108333 0.01
0.0116667 0
0.0116667 0.000833333
0.0116667 0.00166667
0.0116667 0.0025
0.0116667 0.00333333
0.0116667 0.00416667
0.0116667 0.005
0.0116667 0.00583333
0.0116667 0.00666667
0.0116667 0.0075
0.0116667 0.00833333
0.0116667 0.00916667
0.0116667 0.01
0.0125 0
0.0125 0.000833333
0.0125 0.00166667
0.0125 0.0025
0.0125 0.00333333
0.0125 0.00416667
0.0125 0.005
0.0125 0.00583333
0.0125 0.00666667
0.0125 0.0075
0.0125 0.00833333
0.0125 0.00916667
0.0125 0.01
0.0133333 0
0.0133333 0.000833333
0.0133333 0.00166667
0.0133333 0.0025
0.0133333 0.00333333
0.0133333 0.00416667
0.0133333 0.005
0.0133333 0.00583333
0.0133333 0.00666667
0.0133333 0.0075
0.0133333 0.00833333
0.0133333 0.00916667
0.0133333 0.01
0.0141667 0
0.0141667 0.000833333
0.0141667 0.00166667
0.0141667 0.0025
0.0141667 0.00333333
0.0141667 0.00416667
0.0141667 0.005
0.0141667 0.00583333
0.0141667 0.00666667
0.0141667 0.0075
0.0141667 0.00833333
0.0141667 0.00916667
0.0141667 0.01
0.015 0
0.015 0.000833333
0.015 0.00166667
0.015 0.0025
0.015 0.00333333
0.015 0.00416667
0.015 0.005
0.015 0.00583333
0.015 0.00666667
0.015 0.0075
0.015 0.00833333
0.015 0.00916667
0.015 0.01
0.0158333 0
0.0158333 0.000833333
0.0158333 0.00166667
0.0158333 0.0025
0.0158333 0.00333333
0.0158333 0.00416667
0.0158333 0.005
0.0158333 0.00583333
0.0158333 0.00666667
0.0158333 0.0075
0.0158333 0.00833333
0.0158333 0.00916667
0.0158333 0.01
0.0166667 0
0.0166667 0.000833333
0.0166667 0.00166667
0.0166667 0.0025
0.0166667 0.00333333
0.0166667 0.00416667
0.0166667 0.005
0.0166667 0.00583333
0.0166667 0.00666667
0.0166667 0.0075
0.0166667 0.00833333
0.0166667 0.00916667
0.0166667 0.01
0.0175 0
0.0175 0.000833333
0.0175 0.00166667
0.0175 0.0025
0.0175 0.00333333
0.0175 0.00416667
0.0175 0.005
0.0175 0.00583333
0.0175 0.00666667
0.0175 0.0075
0.0175 0.00833333
0.0175 0.00916667
0.0175 0.01
0.0183333 0
0.0183333 0.000833333
0.0183333 0.00166667
0.0183333 0.0025
0.0183333 0.00333333
0.0183333 0.00416667
0.0183333 0.005
0.0183333 0.00583333
0.0183333 0.00666667
0.0183333 0.0075
0.0183333 0.00833333
0.0183333 0.00916667
0.0183333 0.01
0.0191667 0
0.0191667 0.000833333
0.0191667 0.00166667
0.0191667 0.0025
0.0191667 0.00333333
0.0191667 0.00416667
0.0191667 0.005
0.0191667 0.00583333
0.0191667 0.00666667
0.0191667 0.0075
0.0191667 0.00833333
0.0191667 0.00916667
0.0191667 0.01
0.02 0
0.02 0.000833333
0.02 0.00166667
0.02 0.0025
0.02 0.00333333
0.02 0.00416667
0.02 0.005
0.02 0.00583333
0.02 0.00666667
0.02 0.0075
0.02 0.00833333
0.02 0.00916667
0.02 0.01
288
19 7 6
7 19 20
122 110 109
110 122 123
166 152 165
152 166 153
4 16 17
16 4 3
13 1 0
1 13 14
21 8 20
8 7 20
47 61 48
61 47 60
27 13 26
13 27 14
27 26 39
40 27 39
80 94 81
94 80 93
88 74 87
74 88 75
103 115 116
115 103 102
89 103 90
103 89 102
58 70 71
70 58 57
71 70 84
70 83 84
135 121 134
121 135 122
152 164 165
164 152 151
139 138 151
152 139 151
8 22 9
22 8 21
22 10 9
22 23 10
18 19 6
5 18 6
18 4 17
18 5 4
157 143 156
143 157 144
144 157 145
157 158 145
52 40 39
52 53 40
53 52 66
52 65 66
119 107 106
107 119 120
107 94 93
106 107 93
79 65 78
65 79 66
155 167 168
167 155 154
166 167 153
167 154 153
141 155 142
155 141 154
88 76 75
89 76 88
77 76 90
76 89 90
69 70 57
56 69 57
121 133 134
133 121 120
101 89 88
89 101 102
22 35 23
23 35 36
24 38 25
38 24 37
37 24 36
24 23 36
24 25 12
11 24 12
23 24 10
24 11 10
18 32 19
32 18 31
19 32 20
32 33 20
30 18 17
18 30 31
44 32 31
32 44 45
58 44 57
44 58 45
30 44 31
44 30 43
44 56 57
44 43 56
30 29 43
43 29 42
16 29 17
29 30 17
83 96 84
96 97 84
110 96 109
97 96 110
96 108 109
108 96 95
108 122 109
108 121 122
108 107 120
121 108 120
107 108 94
108 95 94
105 119 106
105 118 119
105 104 117
118 105 117
139 140 126
140 127 126
140 152 153
140 139 152
154 140 153
141 140 154
128 140 141
140 128 127
116 128 129
115 128 116
128 142 129
128 141 142
97 85 84
85 97 98
46 32 45
32 46 33
47 46 60
46 59 60
58 46 45
59 46 58
62 74 75
74 62 61
55 43 42
43 55 56
96 82 95
82 96 83
94 82 81
95 82 94
70 82 83
69 82 70
146 158 159
158 146 145
149 161 162
161 149 148
111 97 110
97 111 98
111 99 98
111 112 99
34 46 47
46 34 33
34 21 20
33 34 20
34 47 48
35 34 48
34 22 21
34 35 22
146 132 145
132 146 133
119 132 120
132 133 120
28 27 40
41 28 40
29 28 42
28 41 42
91 92 78
92 79 78
80 92 93
79 92 80
104 92 91
105 92 104
92 106 93
92 105 106
86 85 98
99 86 98
35 49 36
49 35 48
61 49 48
62 49 61
79 67 66
67 79 80
147 135 134
135 147 148
161 147 160
147 161 148
133 147 134
146 147 133
160 147 159
147 146 159
138 150 151
137 150 138
150 164 151
164 150 163
163 150 162
150 149 162
150 136 149
136 150 137
122 136 123
135 136 122
149 136 148
136 135 148
139 125 138
125 139 126
113 125 126
125 113 112
114 115 102
101 114 102
128 114 127
114 128 115
127 114 126
114 113 126
114 100 113
100 114 101
100 86 99
86 100 87
100 88 87
100 101 88
112 100 99
113 100 112
130 131 117
131 118 117
131 143 144
143 131 130
118 131 119
131 132 119
131 144 145
132 131 145
2 15 3
15 16 3
1 15 2
15 1 14
15 29 16
15 28 29
27 15 14
28 15 27
72 58 71
72 59 58
72 71 84
85 72 84
50 38 37
38 50 51
50 37 36
49 50 36
68 69 56
55 68 56
82 68 81
68 82 69
68 80 81
68 67 80
68 54 67
54 68 55
53 54 40
54 41 40
54 55 42
41 54 42
54 53 66
67 54 66
124 110 123
124 111 110
124 136 137
136 124 123
111 124 112
124 125 112
124 137 138
125 124 138
74 73 87
73 86 87
73 61 60
73 74 61
86 73 85
73 72 85
59 73 60
72 73 59
76 63 75
63 62 75
64 63 77
63 76 77
63 49 62
63 50 49
63 64 51
50 63 51
